-19.860 5.366 1.011 0 255 93
-20.137 5.463 1.082 0 255 144
-20.334 5.550 1.155 0 255 76
-19.481 5.266 0.904 0 0 255
-19.821 5.343 1.310 174 255 0
-19.536 5.197 0.637 0 0 255
-21.052 5.840 1.417 0 76 255
-20.416 5.587 0.962 0 255 127
-20.394 5.559 1.711 0 255 85
-20.871 5.782 1.813 0 0 255
-20.991 5.825 0.723 0 0 255
-20.744 5.713 1.698 0 255 106
-20.188 5.492 1.162 255 180 0
-20.516 5.628 0.961 0 25 255
-19.502 5.244 1.700 0 0 255
-19.724 5.293 1.005 0 255 114
-19.733 5.311 1.394 0 255 93
-20.971 5.758 1.923 0 0 255
-19.529 5.192 1.892 0 0 255
-19.594 5.237 1.081 0 8 255
-20.980 5.788 0.588 0 0 255
-20.652 5.683 0.970 0 255 144
-19.547 5.283 1.218 0 0 255
-19.699 5.290 1.567 0 0 255
-20.497 5.612 1.627 0 255 136
-19.543 5.226 1.664 0 0 255
-19.826 5.340 1.555 0 255 114
-19.983 5.404 1.533 0 255 131
-20.332 5.546 1.385 0 255 123
-20.463 5.598 1.453 0 255 123
-19.536 5.240 1.200 0 255 204
-20.980 5.819 1.898 0 0 255
-19.850 5.355 1.774 0 255 119
-19.557 5.226 1.875 0 0 255
-20.509 5.617 1.387 0 255 59
-21.027 5.861 0.266 0 0 255
-19.684 5.281 1.498 0 0 255
-20.681 5.683 1.706 246 255 0
-20.516 5.626 1.022 0 255 119
-20.369 5.556 1.601 0 255 140
-20.213 5.502 1.286 255 218 0
-20.236 5.506 1.720 0 255 110
-20.015 5.410 1.789 97 255 0
-20.565 5.646 1.200 242 255 0
-19.508 5.247 1.258 0 0 255
-20.103 5.458 1.241 255 209 0
-20.340 5.549 1.410 255 129 0
-20.568 5.639 1.556 0 255 110
-20.066 5.437 1.705 0 255 63
-20.039 5.436 0.946 0 34 255
-20.536 5.627 1.303 0 255 42
-19.850 5.350 1.083 0 255 63
-20.443 5.571 1.527 255 223 0
-20.507 5.617 1.332 0 255 89
-20.135 5.466 1.516 0 255 127
-19.579 5.236 1.472 0 8 255
-21.067 5.811 0.625 0 0 255
-20.736 5.709 1.181 0 255 42
-20.302 5.531 1.728 0 255 114
-20.998 5.838 1.428 0 0 255
-20.973 5.826 0.570 0 0 255
-20.184 5.469 1.470 157 255 0
-21.010 5.838 1.470 0 25 255
-21.068 5.779 0.584 0 8 255
-20.562 5.648 0.991 0 255 110
-20.594 5.646 1.777 0 255 119
-19.844 5.382 1.204 0 221 255
-19.766 5.326 1.008 0 255 127
-20.963 5.798 1.678 0 0 255
-20.292 5.525 1.624 0 255 68
-20.299 5.536 1.329 0 255 63
-19.542 5.221 1.786 0 8 255
-19.750 5.305 1.804 0 85 255
-20.146 5.479 1.040 182 255 0
-20.289 5.536 1.299 255 175 0
-21.065 5.830 0.556 0 8 255
-20.178 5.490 1.077 178 255 0
-20.061 5.443 1.199 0 255 93
-20.317 5.542 1.404 0 255 80
-19.493 5.238 1.758 0 0 255
-20.669 5.677 1.711 246 255 0
-20.976 5.799 0.461 0 0 255
-21.071 5.832 0.765 0 0 255
-19.545 5.238 1.737 0 0 255
-20.653 5.676 1.292 199 255 0
-19.632 5.261 1.718 0 0 255
-19.473 5.175 0.793 0 102 255
-20.461 5.593 1.510 0 255 119
-19.581 5.183 0.952 0 0 255
-20.839 5.758 0.884 0 51 255
-20.582 5.648 1.248 0 255 59
-20.946 5.792 1.642 0 0 255
-20.714 5.706 1.163 0 255 119
-19.501 5.241 1.847 0 0 255
-20.443 5.597 0.955 0 51 255
-20.735 5.711 1.257 0 255 165
-20.562 5.647 1.007 255 252 0
-20.930 5.760 0.783 0 0 255
-20.125 5.464 1.360 0 255 89
-19.777 5.325 1.517 0 255 38
-20.141 5.466 1.632 0 255 97
-20.673 5.684 1.526 0 255 199
-20.260 5.508 1.711 161 255 0
-19.999 5.412 1.436 165 255 0
-20.756 5.713 1.640 0 255 204
-20.248 5.512 1.312 0 255 170
-19.545 5.121 0.492 0 0 255
-20.950 5.935 0.235 0 0 255
-20.335 5.554 0.992 0 255 204
-20.338 5.546 1.694 0 255 97
-20.038 5.425 1.293 187 255 0
-21.046 5.826 1.438 0 8 255
-20.856 5.747 1.698 0 0 255
-19.668 5.286 1.764 0 0 255
-19.584 5.231 1.103 0 0 255
-19.481 5.253 0.381 0 0 255
-20.641 5.673 1.371 255 139 0
-20.597 5.648 1.537 0 255 178
-19.695 5.299 1.449 0 255 127
-20.050 5.465 0.954 0 0 255
-19.636 5.268 0.963 0 0 255
-19.728 5.308 1.249 0 25 255
-20.642 5.668 1.654 0 255 136
-20.778 5.729 1.771 0 255 131
-21.064 5.768 0.285 0 0 255
-20.737 5.625 1.688 0 204 255
-21.075 5.710 0.204 0 0 255
-20.286 5.533 1.168 255 218 0
-21.029 5.824 1.705 0 0 255
-19.533 5.240 0.425 0 0 255
-19.751 5.324 1.002 46 255 0
-20.947 5.822 1.900 0 0 255
-20.230 5.507 1.193 0 255 119
-20.114 5.458 1.841 0 0 255
-19.461 5.191 0.488 0 0 255
-21.042 5.823 0.952 0 119 255
-19.824 5.330 1.609 46 255 0
-19.999 5.448 1.152 0 34 255
-21.074 5.822 0.224 0 0 255
-19.713 5.305 0.981 0 255 102
-20.425 5.584 1.422 0 255 106
-20.425 5.581 1.540 0 255 93
-19.497 5.239 1.080 0 0 255
-20.984 5.842 0.523 0 0 255
-19.814 5.335 1.007 0 255 85
-20.055 5.430 1.714 0 255 106
-19.698 5.296 1.457 0 255 119
-21.075 5.757 1.077 0 85 255
-21.053 5.821 1.872 0 0 255
-19.900 5.376 1.252 0 255 85
-20.775 5.724 1.449 0 255 123
-21.095 5.738 0.503 0 0 255
-19.691 5.299 1.218 0 0 255
-20.587 5.643 1.737 255 238 0
-20.643 5.673 1.410 0 255 51
-20.690 5.691 1.271 0 255 85
-21.033 5.796 1.922 0 0 255
-19.454 5.164 1.278 0 255 114
-20.052 5.441 0.941 0 0 255
-19.536 5.270 0.919 0 8 255
-20.420 5.599 0.937 0 0 255
-20.854 5.746 1.632 0 0 255
-20.806 5.730 1.392 0 255 187
-20.349 5.560 0.988 0 255 68
-20.415 5.579 1.500 0 255 106
-19.982 5.408 1.396 0 255 80
-21.032 5.828 1.932 0 0 255
-20.165 5.484 1.207 0 255 72
-20.676 5.685 1.525 0 255 97
-19.529 5.114 0.513 0 0 255
-20.746 5.710 1.625 0 255 110
-19.496 5.248 0.789 0 0 255
-20.966 5.885 0.217 0 0 255
-20.915 5.769 1.125 0 0 255
-19.763 5.315 1.518 0 255 34
-19.740 5.285 0.901 0 0 255
-19.902 5.372 1.825 0 0 255
-20.596 5.657 1.367 0 255 123
-19.484 5.240 1.329 0 195 255
-20.768 5.721 1.517 0 255 144
-20.442 5.592 1.522 0 255 119
-20.949 5.787 1.676 0 0 255
-19.451 5.172 1.540 0 0 255
-20.469 5.605 1.358 0 255 110
-19.717 5.297 1.689 0 255 161
-20.473 5.607 1.045 255 235 0
-20.981 5.836 1.661 0 34 255
-20.600 5.656 1.476 0 255 178
-20.472 5.601 1.797 0 255 114
-20.460 5.597 1.274 0 255 42
-19.434 5.207 1.603 0 0 255
-20.258 5.517 1.675 0 255 131
-20.706 5.699 1.342 0 255 25
-20.442 5.589 1.719 255 233 0
-20.207 5.494 1.570 0 0 255
-20.666 5.676 1.536 255 218 0
-19.621 5.250 1.681 0 0 255
-20.116 5.461 1.347 0 255 127
-20.595 5.648 1.769 0 255 51
-20.131 5.465 1.624 0 255 106
-20.637 5.664 1.770 0 255 136
-19.982 5.406 1.491 0 255 136
-20.901 5.763 1.578 0 8 255
-20.469 5.606 0.948 0 0 255
-20.712 5.695 1.415 0 255 51
-20.795 5.730 1.845 0 0 255
-19.493 5.241 1.744 0 0 255
-20.179 5.490 0.980 204 255 0
-19.906 5.378 1.373 148 255 0
-20.679 5.684 1.622 0 255 89
-20.967 5.828 1.914 0 0 255
-19.827 5.341 1.621 93 255 0
-20.329 5.545 1.052 0 255 195
-20.966 5.813 1.049 0 0 255
-19.743 5.315 0.920 0 8 255
-20.581 5.652 1.547 0 255 114
-20.769 5.724 1.452 0 255 229
-20.454 5.595 1.581 0 255 127
-20.992 5.834 1.797 0 0 255
-19.674 5.294 1.214 0 0 255
-20.709 5.691 1.562 255 185 0
-19.455 5.245 0.281 0 0 255
-21.028 5.832 0.378 0 0 255
-19.533 5.233 1.496 0 255 216
-20.150 5.475 1.811 0 255 127
-20.935 5.810 1.808 0 0 255
-20.257 5.513 1.444 255 151 0
-19.560 5.214 1.199 0 0 255
-19.691 5.294 1.157 0 255 225
-19.701 5.289 1.148 0 255 106
-19.905 5.374 1.367 221 255 0
-20.087 5.458 1.247 0 255 106
-20.795 5.727 1.802 0 0 255
-20.815 5.737 1.620 0 25 255
-20.764 5.715 1.517 0 255 38
-20.884 5.745 1.534 0 0 255
-19.498 5.131 0.479 0 0 255
-20.141 5.469 1.602 0 255 131
-20.978 5.783 0.665 0 0 255
-20.990 5.740 0.711 0 119 255
-20.539 5.630 1.391 0 255 42
-19.512 5.153 0.669 0 51 255
-20.364 5.565 1.250 0 255 68
-20.760 5.719 1.269 0 255 29
-19.838 5.345 1.658 0 255 29
-20.889 5.771 1.781 0 0 255
-19.804 5.337 1.254 0 195 255
-19.478 5.183 0.945 0 0 255
-20.606 5.651 1.668 0 255 55
-20.917 5.773 1.009 0 0 255
-20.678 5.692 1.353 255 173 0
-19.872 5.365 1.153 255 235 0
-19.505 5.229 1.650 0 0 255
-19.488 5.229 1.217 0 8 255
-20.444 5.587 1.733 0 255 204
-20.522 5.623 1.450 0 255 68
-20.052 5.439 0.957 0 255 127
-20.974 5.828 1.850 0 0 255
-20.124 5.459 1.401 0 255 68
-20.383 5.572 1.245 255 165 0
-20.769 5.724 1.274 229 255 0
-20.361 5.557 1.465 0 255 55
-20.558 5.640 1.455 0 255 42
-19.489 5.236 1.337 0 85 255
-20.975 5.830 1.179 0 0 255
-19.463 5.185 1.509 0 0 255
-20.717 5.697 1.411 0 255 38
-20.997 5.833 1.402 0 8 255
-19.747 5.310 1.809 0 0 255
-19.825 5.344 1.423 0 255 106
-19.915 5.376 1.433 0 0 255
-20.260 5.515 1.530 255 228 0
-20.912 5.779 1.014 0 0 255
-20.677 5.681 1.557 0 255 119
-20.004 5.422 1.227 0 255 131
-20.032 5.428 1.043 0 255 221
-19.636 5.268 1.009 0 0 255
-19.472 5.249 1.173 0 0 255
-19.575 5.227 1.637 0 8 255
-20.011 5.421 1.191 0 255 157
-20.808 5.723 1.248 0 0 255
-21.068 5.753 0.246 0 0 255
-20.342 5.547 1.756 0 255 127
-19.507 5.238 1.471 0 229 255
-20.380 5.572 1.020 255 245 0
-20.644 5.681 0.980 144 255 0
-19.522 5.231 1.849 0 0 255
-20.959 5.757 1.371 0 0 255
-21.074 5.814 0.860 0 0 255
-20.965 5.797 1.379 0 0 255
-20.710 5.704 1.383 255 221 0
-21.043 5.818 0.739 0 25 255
-20.556 5.636 1.344 0 255 55
-20.041 5.429 1.636 0 255 80
-20.112 5.458 1.465 255 214 0
-20.757 5.671 1.725 0 255 136
-20.102 5.457 1.506 0 255 97
-21.075 5.759 0.602 0 255 178
-19.966 5.397 1.735 0 255 106
-20.117 5.460 1.491 250 255 0
-20.197 5.500 0.945 0 0 255
-19.514 5.236 1.643 0 136 255
-20.237 5.515 1.120 0 255 68
-19.827 5.351 1.036 0 255 127
-20.738 5.703 1.827 0 0 255
-19.951 5.396 0.966 0 255 72
-20.976 5.831 0.374 0 0 255
-21.012 5.822 1.070 0 0 255
-20.596 5.651 1.435 255 163 0
-19.789 5.329 1.545 0 255 114
-20.505 5.620 1.077 255 228 0
-20.644 5.674 1.722 0 255 93
-19.917 5.382 1.027 216 255 0
-20.359 5.585 0.915 0 0 255
-19.829 5.347 1.212 106 255 0
-20.577 5.651 1.034 0 255 51
-20.601 5.650 1.564 255 209 0
-21.049 5.751 1.244 0 0 255
-19.476 5.244 1.252 0 25 255
-20.255 5.519 1.251 0 255 127
-19.878 5.359 1.180 0 255 59
-20.814 5.739 1.694 0 0 255
-19.654 5.262 1.014 0 0 255
-20.674 5.682 1.728 0 255 119
-19.838 5.350 1.527 85 255 0
-20.402 5.573 1.516 255 190 0
-20.679 5.694 1.484 0 255 97
-20.220 5.502 1.427 0 255 72
-20.074 5.412 1.676 255 228 0
-20.868 5.762 1.145 0 0 255
-19.548 5.229 1.643 0 25 255
-20.587 5.649 0.937 0 0 255
-20.565 5.646 0.920 0 0 255
-20.835 5.746 1.547 0 0 255
-20.360 5.560 1.670 0 255 127
-20.007 5.413 1.493 0 255 136
-20.960 5.779 0.581 0 0 255
-20.398 5.559 1.714 225 255 0
-20.196 5.459 1.157 255 105 0
-19.517 5.253 0.245 0 0 255
-19.673 5.243 1.167 0 0 255
-19.500 5.239 1.754 0 0 255
-20.311 5.536 1.554 255 226 0
-20.072 5.438 1.756 0 255 59
-19.700 5.282 0.958 0 255 114
-19.489 5.143 1.544 0 255 178
-20.906 5.767 1.015 0 0 255
-19.668 5.280 0.986 0 0 255
-20.060 5.436 1.805 0 255 123
-20.118 5.452 1.653 0 255 59
-20.090 5.460 0.949 0 0 255
-20.532 5.627 1.419 255 86 0
-20.521 5.619 1.792 0 255 119
-20.944 5.801 1.646 0 0 255
-20.368 5.564 1.267 255 141 0
-20.140 5.429 1.215 0 8 255
-20.778 5.718 1.584 0 255 127
-19.516 5.226 1.662 0 8 255
-19.888 5.363 1.830 0 0 255
-20.981 5.825 0.815 0 0 255
-20.173 5.487 1.365 0 255 110
-20.583 5.647 1.302 0 255 119
-19.727 5.300 1.697 0 255 119
-20.265 5.464 1.771 0 153 255
-19.521 5.248 1.742 0 8 255
-20.090 5.445 1.543 204 255 0
-21.025 5.842 1.744 0 0 255
-19.772 5.327 0.912 0 0 255
-20.251 5.541 1.393 0 195 255
-20.140 5.470 1.854 0 0 255
-19.531 5.233 1.439 0 0 255
-20.521 5.622 1.372 0 255 123
-20.310 5.536 1.615 0 255 136
-20.246 5.505 1.715 170 255 0
-19.781 5.330 0.958 123 255 0
-19.827 5.341 1.634 0 255 131
-20.204 5.496 1.422 255 221 0
-19.925 5.376 1.778 0 255 140
-20.249 5.517 1.218 0 255 110
-20.315 5.545 0.948 0 136 255
-19.505 5.238 1.704 0 0 255
-20.567 5.638 1.540 0 255 178
-19.465 5.181 1.727 0 0 255
-19.550 5.233 0.795 0 0 255
-19.667 5.258 1.027 0 0 255
-20.595 5.654 1.843 0 51 255
-20.293 5.484 1.608 0 76 255
-20.713 5.707 1.208 0 255 89
-20.286 5.503 1.333 0 136 255
-20.686 5.689 1.450 0 255 76
-20.850 5.753 1.017 0 8 255
-19.734 5.309 1.145 59 255 0
-20.399 5.601 1.520 0 0 255
-19.914 5.379 1.375 0 255 170
-20.962 5.770 1.477 0 8 255
-19.839 5.357 0.923 0 8 255
-20.421 5.591 1.023 255 238 0
-20.730 5.715 1.020 174 255 0
-20.051 5.441 1.034 204 255 0
-20.765 5.717 1.807 0 0 255
-20.813 5.730 1.682 0 0 255
-20.786 5.727 1.526 0 255 148
-21.043 5.809 1.134 0 0 255
-20.747 5.708 1.284 255 146 0
-19.739 5.311 1.374 68 255 0
-19.477 5.221 0.758 0 0 255
-20.743 5.711 1.475 0 255 102
-20.826 5.763 1.665 0 255 93
-20.509 5.619 1.253 255 153 0
-19.735 5.311 1.104 0 255 80
-20.253 5.551 1.311 0 76 255
-19.836 5.330 1.547 0 255 255
-20.884 5.771 1.329 0 0 255
-21.056 5.801 1.102 0 0 255
-20.595 5.652 1.724 0 255 127
-19.931 5.389 1.068 255 238 0
-19.721 5.301 1.746 0 255 131
-20.658 5.685 0.973 63 255 0
-19.523 5.242 0.977 0 25 255
-19.794 5.330 1.722 34 255 0
-19.833 5.354 1.090 0 255 80
-20.441 5.590 1.646 0 255 127
-19.805 5.332 1.694 80 255 0
-20.647 5.677 1.014 233 255 0
-19.473 5.240 0.970 0 0 255
-20.026 5.419 1.723 0 255 76
-19.706 5.301 1.502 0 255 153
-19.685 5.261 0.937 0 0 255
-20.211 5.498 1.492 0 255 80
-20.446 5.596 1.471 0 255 110
-19.523 5.234 1.144 0 0 255
-20.217 5.497 1.511 255 216 0
-20.619 5.658 1.600 255 192 0
-20.186 5.491 1.027 199 255 0
-20.370 5.560 1.653 0 255 225
-20.205 5.492 1.533 0 255 93
-19.696 5.287 1.766 0 255 229
-20.710 5.697 1.682 0 255 72
-20.997 5.839 1.841 0 0 255
-20.641 5.667 1.814 178 255 0
-19.584 5.231 1.654 0 0 255
-19.695 5.294 1.015 0 255 199
-20.790 5.740 1.000 0 255 89
-20.880 5.734 1.005 0 25 255
-20.974 5.838 0.844 0 0 255
-20.828 5.735 1.092 0 0 255
-19.477 5.225 1.884 0 0 255
-20.489 5.606 1.680 0 255 106
-20.694 5.696 1.258 255 170 0
-19.772 5.328 1.014 157 255 0
-20.778 5.737 1.133 25 255 0
-20.664 5.674 1.661 0 255 127
-19.957 5.383 0.960 0 255 63
-20.987 5.831 1.498 0 0 255
-19.630 5.265 1.703 0 0 255
-20.775 5.716 1.755 38 255 0
-19.833 5.349 1.074 106 255 0
-19.692 5.291 1.720 0 0 255
-19.992 5.403 1.764 85 255 0
-20.843 5.728 1.729 0 0 255
-20.566 5.649 1.075 0 255 110
-20.561 5.638 1.553 0 255 85
-20.035 5.375 1.033 0 221 255
-20.518 5.632 0.951 0 0 255
-19.509 5.214 1.902 0 0 255
-20.500 5.613 1.712 0 102 255
-19.555 5.234 0.244 0 0 255
-19.441 5.209 0.554 0 0 255
-19.557 5.190 0.829 0 255 127
-21.013 5.720 0.234 0 0 255
-20.645 5.672 1.639 0 255 114
-20.980 5.827 1.738 0 0 255
-20.348 5.558 1.084 0 255 127
-19.482 5.237 1.646 0 0 255
-19.700 5.303 1.082 0 255 127
-19.573 5.227 1.585 0 0 255
-19.496 5.234 1.123 0 0 255
-19.484 5.256 1.655 0 0 255
-20.006 5.414 1.611 140 255 0
-19.640 5.261 1.705 0 85 255
-19.749 5.304 1.760 0 255 29
-19.510 5.242 0.826 0 8 255
-19.546 5.232 1.610 0 42 255
-20.143 5.468 1.500 0 255 76
-19.722 5.308 0.996 0 255 110
-20.396 5.573 1.330 0 255 140
-19.864 5.356 1.524 131 255 0
-20.726 5.704 1.476 0 255 127
-20.700 5.701 1.190 0 255 123
-20.261 5.519 1.293 0 255 80
-21.011 5.724 1.561 0 0 255
-19.473 5.122 1.251 0 255 89
-20.891 5.755 1.128 0 0 255
-20.669 5.681 1.715 0 255 85
-20.050 5.435 1.510 208 255 0
-19.500 5.158 1.837 0 0 255
-19.768 5.328 1.251 0 255 246
-20.782 5.744 1.080 0 17 255
-20.495 5.622 0.910 0 0 255
-19.476 5.256 0.833 0 0 255
-20.292 5.529 1.663 0 255 80
-20.853 5.801 1.480 0 0 255
-20.862 5.757 0.980 0 0 255
-20.902 5.772 1.756 0 0 255
-19.459 5.218 1.438 0 0 255
-20.583 5.646 1.441 255 149 0
-19.894 5.367 1.690 72 255 0
-20.488 5.643 1.094 0 0 255
-21.011 5.837 1.396 0 17 255
-21.009 5.842 1.745 0 0 255
-21.024 5.836 1.703 0 0 255
-19.804 5.298 1.442 0 204 255
-20.889 5.748 1.038 0 0 255
-20.209 5.498 1.463 255 202 0
-20.236 5.516 0.972 0 255 246
-21.021 5.859 1.535 0 0 255
-20.852 5.752 1.776 0 0 255
-20.410 5.577 1.368 0 255 51
-19.526 5.244 0.630 0 0 255
-20.891 5.764 0.994 0 0 255
-19.713 5.294 1.804 0 0 255
-19.497 5.246 1.241 0 59 255
-20.389 5.573 1.062 255 211 0
-20.833 5.752 1.008 0 0 255
-19.921 5.383 1.032 0 255 131
-19.722 5.301 1.146 0 255 114
-21.022 5.820 1.069 0 0 255
-19.776 5.324 1.774 25 255 0
-20.811 5.749 1.213 0 8 255
-20.719 5.705 1.267 0 255 51
-21.004 5.862 0.515 0 0 255
-19.605 5.241 1.474 0 0 255
-20.613 5.660 1.838 0 0 255
-19.548 5.231 1.724 0 0 255
-19.656 5.264 1.642 0 0 255
-20.062 5.435 1.610 0 255 89
-19.696 5.288 1.102 0 255 114
-20.660 5.678 1.406 255 182 0
-20.988 5.834 1.793 0 0 255
-20.971 5.815 1.719 0 0 255
-19.896 5.367 1.657 0 255 38
-19.904 5.377 1.181 0 255 136
-19.968 5.418 0.926 0 0 255
-19.494 5.273 0.278 0 0 255
-19.833 5.353 1.120 140 255 0
-20.416 5.575 1.458 0 255 63
-20.898 5.736 1.551 0 0 255
-19.447 5.177 0.648 0 0 255
-19.512 5.216 1.140 0 0 255
-19.520 5.239 0.874 0 34 255
-21.006 5.845 0.495 0 0 255
-20.633 5.664 1.471 0 255 187
-20.826 5.735 1.429 0 0 255
-19.960 5.399 1.356 0 34 255
-19.971 5.410 1.019 187 255 0
-20.613 5.661 1.440 0 255 55
-21.048 5.826 0.430 0 0 255
-19.706 5.293 1.801 0 0 255
-19.850 5.354 1.252 161 255 0
-19.549 5.225 1.601 0 17 255
-20.607 5.660 1.627 0 255 161
-20.440 5.591 1.373 0 255 76
-20.844 5.748 1.156 0 0 255
-19.525 5.241 1.232 0 0 255
-20.765 5.719 1.398 0 255 123
-20.463 5.603 1.105 0 255 123
-20.510 5.615 1.318 255 206 0
-20.666 5.680 1.755 0 255 216
-19.966 5.403 0.985 0 255 221
-20.091 5.442 1.654 0 255 106
-19.992 5.409 1.402 0 255 136
-19.524 5.236 0.974 0 0 255
-20.219 5.497 1.101 255 235 0
-20.109 5.455 1.629 0 255 123
-19.699 5.280 1.301 0 17 255
-21.069 5.762 1.018 0 255 93
-19.500 5.241 0.682 0 0 255
-19.855 5.362 1.055 0 255 85
-19.544 5.230 1.198 0 0 255
-20.193 5.486 1.423 216 255 0
-19.592 5.234 1.099 0 0 255
-21.032 5.831 1.401 0 255 157
-19.583 5.144 0.732 0 17 255
-19.921 5.381 1.074 255 235 0
-20.433 5.589 0.986 0 255 114
-20.956 5.795 1.379 0 0 255
-20.430 5.588 1.146 0 255 80
-20.524 5.618 1.804 246 255 0
-20.209 5.495 1.508 255 214 0
-20.110 5.467 1.057 233 255 0
-20.224 5.499 1.416 0 255 97
-20.761 5.718 1.537 255 235 0
-20.534 5.629 1.216 0 255 123
-19.767 5.322 0.962 85 255 0
-19.911 5.374 1.803 0 204 255
-20.291 5.529 1.828 174 255 0
-20.524 5.627 1.663 0 255 106
-20.522 5.621 1.313 255 216 0
-19.714 5.311 1.258 0 255 250
-20.898 5.774 1.007 0 0 255
-20.887 5.765 1.020 0 0 255
-19.486 5.124 0.778 0 255 187
-19.833 5.342 1.744 0 255 178
-20.359 5.531 1.297 0 255 178
-20.510 5.616 1.613 0 255 68
-21.002 5.836 1.446 0 0 255
-20.760 5.723 1.448 208 255 0
-20.031 5.427 1.315 255 223 0
-20.710 5.704 1.166 0 255 21
-20.904 5.743 1.782 0 255 182
-20.477 5.597 1.751 0 255 127
-19.593 5.204 0.980 0 0 255
-20.729 5.737 1.089 0 17 255
-20.736 5.696 1.820 0 25 255
-20.518 5.610 1.665 0 255 157
-20.689 5.695 0.975 0 255 17
-20.439 5.588 1.544 255 185 0
-19.742 5.341 1.828 0 0 255
-20.929 5.710 1.767 0 34 255
-19.710 5.258 1.427 0 255 216
-20.997 5.835 0.744 0 0 255
-21.023 5.865 1.290 0 0 255
-20.877 5.736 1.721 0 0 255
-19.723 5.308 0.928 0 127 255
-19.547 5.098 1.486 0 0 255
-20.465 5.598 1.396 0 255 55
-20.604 5.655 1.606 255 204 0
-20.573 5.648 1.563 0 255 97
-20.615 5.660 1.748 0 255 72
-19.748 5.314 1.499 0 255 97
-19.758 5.318 1.647 0 255 110
-19.498 5.237 1.894 0 0 255
-19.486 5.236 0.865 0 0 255
-20.570 5.640 1.490 0 255 85
-20.943 5.784 1.781 0 8 255
-19.509 5.243 1.297 0 17 255
-21.039 5.804 0.232 0 0 255
-20.478 5.603 1.264 0 255 165
-20.944 5.800 1.550 0 0 255
-20.875 5.756 1.600 0 0 255
-20.612 5.662 1.082 0 255 114
-19.911 5.383 1.088 174 255 0
-20.255 5.519 1.136 255 240 0
-19.588 5.243 1.341 0 25 255
-20.211 5.499 1.255 0 255 89
-21.043 5.836 1.427 0 17 255
-20.834 5.746 1.171 0 0 255
-19.754 5.315 1.573 0 255 114
-20.693 5.689 1.675 0 255 85
-21.049 5.820 1.266 0 255 140
-20.794 5.748 1.129 0 0 255
-20.864 5.754 1.760 0 8 255
-19.453 5.164 1.589 0 0 255
-19.820 5.342 1.360 0 255 131
-19.884 5.359 1.364 0 255 34
-20.967 5.813 1.163 0 0 255
-19.555 5.221 0.435 0 8 255
-19.691 5.295 1.336 0 0 255
-19.912 5.375 1.595 140 255 0
-20.780 5.734 1.281 0 0 255
-20.437 5.591 1.209 0 255 76
-20.504 5.613 1.621 0 255 59
-20.665 5.674 1.820 0 255 191
-19.703 5.257 1.719 0 255 144
-20.907 5.765 1.635 0 8 255
-19.914 5.386 1.171 0 255 131
-19.521 5.233 1.573 0 0 255
-19.703 5.330 1.763 0 255 229
-20.121 5.469 1.554 0 255 212
-21.006 5.800 1.651 0 0 255
-21.000 5.829 1.556 0 0 255
-19.860 5.362 1.328 0 255 131
-20.216 5.497 1.858 0 0 255
-19.796 5.332 1.508 119 255 0
-20.806 5.734 1.458 0 0 255
-21.031 5.824 1.911 0 0 255
-19.841 5.345 1.600 0 255 127
-19.797 5.329 1.718 0 255 161
-19.844 5.320 1.067 0 161 255
-19.742 5.312 1.376 0 255 80
-19.784 5.324 1.157 212 255 0
-20.234 5.506 1.760 0 255 153
-20.434 5.581 1.443 0 255 29
-19.802 5.327 1.793 0 255 110
-19.468 5.165 1.338 0 0 255
-20.312 5.542 1.158 255 221 0
-20.447 5.599 1.012 255 245 0
-19.981 5.405 1.503 0 255 89
-19.814 5.343 1.262 119 255 0
-19.574 5.191 0.854 0 8 255
-20.453 5.587 1.347 255 173 0
-19.800 5.337 1.266 102 255 0
-20.694 5.687 1.745 216 255 0
-21.033 5.840 1.740 0 0 255
-19.525 5.236 1.925 0 0 255
-19.986 5.409 0.995 0 255 123
-19.908 5.372 1.687 80 255 0
-21.031 5.789 0.263 0 25 255
-20.732 5.707 1.682 246 255 0
-20.561 5.594 1.286 0 255 170
-20.758 5.719 1.753 0 255 110
-20.835 5.727 1.828 0 0 255
-21.020 5.836 1.700 0 0 255
-20.825 5.763 0.983 0 0 255
-20.373 5.569 1.089 0 255 127
-19.445 5.203 0.349 0 0 255
-20.783 5.720 1.506 0 42 255
-20.796 5.737 1.778 0 0 255
-19.952 5.395 1.006 195 255 0
-20.322 5.499 1.208 0 255 42
-20.593 5.653 1.445 0 255 68
-20.908 5.765 1.336 0 0 255
-20.739 5.730 0.926 0 0 255
-21.020 5.854 0.237 0 0 255
-19.884 5.374 1.146 0 255 80
-21.007 5.843 0.883 0 0 255
-20.150 5.472 1.359 255 204 0
-19.461 5.226 1.288 0 0 255
-19.838 5.340 1.596 0 255 174
-20.316 5.532 1.735 0 255 131
-21.001 5.832 1.533 0 0 255
-20.085 5.445 1.522 242 255 0
-19.537 5.228 1.907 0 59 255
-21.021 5.825 1.527 0 0 255
-20.266 5.515 1.658 0 255 72
-19.998 5.412 1.686 0 255 80
-19.536 5.230 1.465 0 136 255
-20.525 5.619 1.598 0 255 68
-20.409 5.583 1.073 255 218 0
-19.464 5.252 1.128 0 0 255
-21.067 5.807 1.665 0 0 255
-20.119 5.481 1.693 0 255 127
-20.270 5.531 1.012 0 255 123
-20.997 5.736 1.641 0 255 225
-19.495 5.136 1.574 0 0 255
-20.258 5.512 1.619 229 255 0
-19.844 5.351 1.418 0 255 131
-20.780 5.721 1.696 0 68 255
-20.403 5.575 1.428 255 103 0
-20.218 5.506 0.969 0 255 127
-20.227 5.511 1.188 255 170 0
-21.011 5.836 1.843 0 0 255
-19.525 5.234 1.604 0 187 255
-19.800 5.329 1.516 0 255 29
-20.638 5.676 1.854 0 0 255
-20.182 5.485 1.517 255 230 0
-20.579 5.649 1.396 0 255 123
-19.984 5.405 1.789 0 255 110
-20.977 5.833 1.857 0 0 255
-20.456 5.600 0.947 0 25 255
-19.534 5.191 1.561 0 0 255
-21.037 5.826 1.385 0 0 255
-19.494 5.235 1.013 0 0 255
-21.012 5.839 1.135 0 0 255
-19.498 5.240 1.237 68 255 0
-19.556 5.222 1.854 0 0 255
-19.787 5.329 1.134 0 255 127
-19.872 5.359 1.260 0 255 144
-19.484 5.174 1.940 0 0 255
-20.546 5.628 1.730 0 255 68
-20.661 5.679 1.402 0 255 38
-20.816 5.734 1.285 0 0 255
-20.706 5.699 1.067 0 255 59
-21.036 5.778 0.255 0 0 255
-20.952 5.779 1.102 0 0 255
-20.368 5.565 1.026 255 250 0
-19.806 5.340 1.376 0 255 127
-20.789 5.721 1.618 0 255 72
-19.715 5.336 1.519 0 25 255
-20.245 5.508 1.625 233 255 0
-20.391 5.567 1.649 0 255 76
-20.736 5.716 1.175 0 255 102
-20.999 5.842 1.723 0 0 255
-20.523 5.622 1.383 0 255 110
-20.761 5.722 1.795 0 255 72
-20.142 5.477 1.101 0 255 127
-20.534 5.628 1.039 0 255 46
-20.035 5.435 0.977 140 255 0
-20.031 5.421 1.756 0 255 63
-20.372 5.565 1.341 0 0 255
-19.730 5.303 1.673 0 255 229
-20.145 5.477 1.028 0 255 80
-20.069 5.442 1.328 225 255 0
-19.474 5.238 0.505 0 0 255
-20.557 5.638 1.346 0 255 110
-20.202 5.494 1.630 0 255 123
-20.772 5.710 1.563 0 76 255
-20.669 5.678 1.649 0 255 136
-20.987 5.815 1.422 0 0 255
-19.477 5.259 0.518 0 0 255
-20.987 5.826 1.095 0 0 255
-20.326 5.547 1.093 255 194 0
-20.692 5.696 1.038 208 255 0
-20.268 5.518 1.536 0 255 136
-19.711 5.298 1.154 0 255 153
-19.914 5.380 1.226 199 255 0
-20.180 5.473 1.473 0 255 102
-19.504 5.251 0.956 0 51 255
-19.439 5.179 1.608 0 0 255
-19.797 5.331 1.766 0 255 140
-20.623 5.670 1.000 0 127 255
-19.693 5.296 1.571 0 255 216
-19.610 5.240 1.068 0 0 255
-20.980 5.753 1.952 0 0 255
-20.023 5.427 1.187 0 34 255
-20.958 5.851 0.858 0 0 255
-20.485 5.656 1.461 0 68 255
-21.030 5.839 0.389 0 0 255
-19.443 5.160 0.448 0 0 255
-20.056 5.437 1.514 0 255 119
-19.563 5.238 1.082 0 0 255
-19.882 5.365 1.630 0 255 136
-19.824 5.341 1.531 85 255 0
-20.125 5.468 1.181 233 255 0
-19.573 5.155 0.336 0 229 255
-20.171 5.480 1.696 174 255 0
-19.501 5.239 1.502 0 0 255
-20.723 5.708 0.982 0 255 114
-19.964 5.405 1.124 0 195 255
-19.656 5.282 0.993 0 0 255
-20.117 5.459 1.271 221 255 0
-19.514 5.225 1.755 0 0 255
-19.941 5.384 1.490 174 255 0
-19.958 5.394 1.622 157 255 0
-19.519 5.240 1.327 0 255 85
-19.567 5.222 1.033 0 0 255
-20.967 5.764 0.843 0 0 255
-20.645 5.678 0.990 0 255 191
-19.741 5.317 1.353 0 255 242
-20.292 5.535 1.419 0 255 93
-19.524 5.246 1.528 0 0 255
-19.677 5.288 1.623 68 255 0
-19.813 5.338 1.452 0 255 93
-19.498 5.230 1.569 0 0 255
-20.746 5.710 1.527 0 255 174
-19.889 5.370 1.549 0 255 93
-19.731 5.308 1.778 0 255 136
-19.466 5.168 0.678 0 255 161
-20.448 5.599 0.966 0 255 157
-19.979 5.400 1.474 208 255 0
-20.776 5.735 1.294 0 255 153
-19.783 5.250 1.051 0 0 255
-20.405 5.575 1.474 0 255 63
-19.463 5.215 1.108 0 0 255
-20.822 5.725 1.808 0 0 255
-20.480 5.581 0.983 0 110 255
-20.863 5.741 1.127 0 0 255
-20.061 5.435 1.624 238 255 0
-20.993 5.833 1.838 0 0 255
-20.650 5.678 1.043 0 255 72
-20.929 5.918 0.202 0 0 255
-19.478 5.220 1.765 0 0 255
-19.559 5.220 1.432 0 0 255
-20.102 5.453 1.659 0 255 136
-21.031 5.815 1.749 0 0 255
-20.200 5.490 1.680 0 255 106
-20.198 5.494 1.677 0 255 93
-20.485 5.606 1.158 255 86 0
-20.177 5.433 1.541 0 0 255
-19.720 5.305 1.520 0 68 255
-20.965 5.812 1.503 0 93 255
-20.853 5.737 1.140 0 0 255
-20.658 5.678 1.715 0 255 127
-20.190 5.496 1.116 229 255 0
-19.548 5.231 1.606 0 246 255
-20.669 5.681 1.585 0 255 72
-20.750 5.714 1.811 0 255 80
-19.553 5.238 0.762 0 17 255
-19.971 5.403 1.133 0 255 80
-20.379 5.558 1.557 0 255 42
-19.698 5.303 1.102 0 255 34
-20.901 5.758 1.328 0 0 255
-20.855 5.749 1.685 0 0 255
-20.421 5.581 1.143 0 255 119
-20.476 5.608 1.201 0 255 46
-19.676 5.304 1.046 0 0 255
-19.469 5.222 1.507 0 0 255
-19.503 5.168 1.015 0 0 255
-21.058 5.806 1.562 0 0 255
-19.496 5.242 0.595 0 0 255
-20.569 5.641 1.656 0 255 114
-19.548 5.231 1.757 0 0 255
-19.496 5.244 1.656 0 0 255
-20.940 5.849 1.878 0 255 161
-21.013 5.847 1.828 0 0 255
-20.356 5.501 1.619 0 255 148
-19.698 5.209 0.908 0 25 255
-19.513 5.245 0.977 0 0 255
-19.451 5.175 0.341 0 0 255
-20.777 5.730 1.573 97 255 0
-19.465 5.173 0.888 0 0 255
-19.933 5.384 1.471 0 255 106
-19.584 5.249 1.546 0 0 255
-20.460 5.597 1.676 0 255 106
-19.748 5.314 0.938 0 255 178
-20.195 5.496 1.249 255 247 0
-20.423 5.581 1.361 255 153 0
-20.693 5.686 1.661 0 255 119
-20.554 5.642 1.132 0 255 123
-20.706 5.697 1.629 0 255 127
-20.951 5.803 0.865 0 0 255
-19.991 5.402 1.755 0 255 127
-19.705 5.297 1.152 0 0 255
-19.514 5.275 1.912 0 0 255
-20.851 5.743 1.707 0 0 255
-20.947 5.807 1.734 0 0 255
-19.782 5.325 1.327 153 255 0
-20.540 5.629 1.659 0 255 68
-20.494 5.610 1.607 0 255 106
-20.707 5.693 1.522 0 255 199
-21.015 5.841 1.398 0 255 178
-20.580 5.644 1.723 0 255 102
-19.946 5.398 1.044 0 255 76
-20.526 5.617 1.728 0 255 123
-20.587 5.646 1.661 0 255 89
-19.508 5.247 1.173 0 0 255
-19.470 5.219 1.178 0 0 255
-20.712 5.698 1.646 0 255 106
-20.377 5.570 1.112 255 190 0
-20.198 5.499 1.023 199 255 0
-19.467 5.150 1.848 0 0 255
-20.307 5.535 1.793 0 255 97
-19.505 5.238 1.041 0 102 255
-19.839 5.373 1.317 0 119 255
-19.706 5.283 1.252 0 255 165
-20.667 5.683 1.315 0 255 51
-20.751 5.705 1.823 0 0 255
-20.482 5.601 1.748 255 218 0
-21.013 5.720 0.710 0 76 255
-20.195 5.489 1.568 255 204 0
-19.704 5.289 1.762 0 0 255
-20.143 5.473 0.989 0 255 63
-19.947 5.385 1.729 0 255 76
-20.159 5.474 1.560 0 255 119
-19.715 5.309 1.374 0 255 110
-20.938 5.829 0.397 0 0 255
-20.961 5.812 1.417 0 255 8
-20.222 5.503 1.456 0 255 97
-20.781 5.741 1.184 29 255 0
-20.807 5.742 1.134 0 0 255
-20.764 5.719 1.505 0 255 119
-20.729 5.707 1.542 0 255 106
-20.968 5.820 0.817 0 0 255
-20.804 5.740 1.829 0 0 255
-19.874 5.363 1.573 0 255 131
-20.100 5.455 1.097 161 255 0
-19.547 5.229 1.526 0 0 255
-20.785 5.724 1.662 25 255 0
-20.284 5.533 1.294 255 156 0
-19.582 5.237 1.042 0 0 255
-20.405 5.577 1.414 255 170 0
-20.181 5.485 1.546 0 255 131
-20.525 5.629 1.272 0 255 127
-20.114 5.456 1.624 178 255 0
-20.506 5.616 1.410 255 170 0
-21.047 5.775 0.312 0 0 255
-19.439 5.177 1.563 0 0 255
-20.320 5.549 1.115 0 255 123
-19.681 5.288 1.424 0 0 255
-21.022 5.826 1.315 0 255 144
-19.760 5.320 1.571 89 255 0
-19.842 5.360 0.983 0 255 131
-20.330 5.546 1.283 255 149 0
-20.721 5.692 1.411 0 255 153
-19.616 5.242 1.430 0 0 255
-19.568 5.235 1.089 0 0 255
-19.925 5.384 1.544 157 255 0
-19.534 5.233 1.329 0 8 255
-19.610 5.239 1.644 0 0 255
-20.140 5.470 1.087 174 255 0
-20.953 5.795 1.864 0 0 255
-19.518 5.255 0.633 0 0 255
-20.801 5.727 1.543 0 8 255
-19.620 5.254 1.577 0 0 255
-20.024 5.429 1.474 0 255 89
-21.015 5.839 1.906 0 0 255
-19.732 5.310 1.038 0 255 110
-19.536 5.238 1.754 0 8 255
-20.468 5.600 1.402 255 72 0
-20.732 5.710 1.200 0 255 148
-20.479 5.601 1.861 0 0 255
-20.669 5.685 1.280 0 255 85
-19.784 5.331 1.292 0 255 140
-20.330 5.540 1.802 0 255 93
-20.195 5.496 1.685 0 255 102
-20.738 5.706 1.579 0 255 212
-21.004 5.835 1.324 0 0 255
-19.902 5.382 0.964 93 255 0
-20.172 5.476 1.751 0 255 102
-19.922 5.377 1.682 89 255 0
-20.601 5.648 1.732 255 245 0
-20.124 5.469 1.135 0 255 136
-20.300 5.535 1.419 0 255 76
-20.483 5.607 1.127 0 255 119
-19.991 5.408 1.377 255 242 0
-20.349 5.577 1.684 0 119 255
-20.591 5.652 1.735 0 255 93
-21.075 5.764 1.525 0 255 208
-19.689 5.295 1.369 0 0 255
-19.532 5.219 1.646 0 25 255
-19.535 5.261 0.421 0 0 255
-19.516 5.225 0.877 0 0 255
-19.985 5.403 1.455 0 255 46
-19.827 5.346 1.029 85 255 0
-21.072 5.808 1.181 0 0 255
-20.775 5.739 1.277 85 255 0
-20.973 5.816 0.724 0 0 255
-20.183 5.493 1.073 255 245 0
-19.484 5.166 1.537 0 0 255
-19.689 5.295 0.965 0 0 255
-20.969 5.828 0.601 0 0 255
-19.852 5.287 1.193 0 187 255
-19.964 5.399 1.279 0 255 89
-20.384 5.567 1.598 0 255 68
-20.171 5.482 0.935 0 0 255
-19.518 5.242 0.964 0 0 255
-19.963 5.389 1.768 76 255 0
-19.926 5.416 1.231 0 255 51
-20.837 5.740 1.605 0 0 255
-19.535 5.237 0.689 0 0 255
-20.590 5.649 1.823 0 0 255
-20.947 5.806 1.736 0 0 255
-20.355 5.560 1.527 0 255 131
-20.586 5.653 1.196 0 255 68
-20.935 5.809 0.580 0 0 255
-21.055 5.824 1.697 0 0 255
-20.195 5.510 1.830 0 0 255
-20.906 5.763 1.619 0 0 255
-19.606 5.249 1.023 0 0 255
-20.067 5.439 1.491 0 255 165
-20.030 5.422 1.770 0 255 123
-20.374 5.566 1.432 0 255 72
-20.646 5.668 1.695 0 255 80
-19.687 5.282 1.061 0 0 255
-20.434 5.620 1.523 0 255 46
-20.720 5.699 1.733 199 255 0
-19.681 5.277 1.811 0 0 255
-20.705 5.700 1.152 0 255 114
-20.075 5.444 1.225 0 255 72
-20.007 5.434 1.857 0 0 255
-20.458 5.600 1.231 255 144 0
-20.302 5.538 1.211 0 255 89
-20.340 5.547 1.221 255 132 0
-19.907 5.381 1.130 0 255 102
-19.760 5.314 1.477 127 255 0
-21.012 5.800 1.813 0 0 255
-20.581 5.651 1.407 0 255 110
-20.136 5.473 1.149 0 255 102
-20.142 5.421 1.162 0 161 255
-20.294 5.539 0.939 0 0 255
-20.588 5.658 0.951 0 0 255
-20.837 5.746 1.708 0 0 255
-19.822 5.343 1.496 131 255 0
-19.502 5.249 1.702 0 0 255
-20.500 5.620 1.172 0 255 42
-20.265 5.519 1.577 255 182 0
-21.064 5.824 0.797 0 0 255
-21.027 5.853 1.568 0 0 255
-19.787 5.319 1.661 0 255 21
-20.727 5.706 1.286 0 255 157
-20.440 5.584 1.742 0 255 165
-19.982 5.415 0.944 0 8 255
-20.399 5.591 1.064 0 0 255
-19.513 5.248 0.583 0 0 255
-20.701 5.702 1.018 0 255 110
-20.958 5.735 1.109 0 0 255
-20.788 5.727 1.705 0 255 72
-20.733 5.707 1.254 0 255 51
-20.880 5.758 1.712 0 0 255
-19.545 5.229 1.284 0 255 110
-20.693 5.692 1.654 255 228 0
-20.021 5.417 1.500 0 255 136
-21.020 5.813 0.745 0 0 255
-19.778 5.322 1.087 85 255 0
-21.034 5.769 1.527 0 255 182
-19.773 5.323 1.579 0 255 238
-20.073 5.454 0.944 0 0 255
-20.192 5.484 1.754 0 255 114
-19.795 5.323 1.842 0 0 255
-21.005 5.818 1.113 0 0 255
-19.481 5.221 1.716 0 0 255
-20.560 5.634 1.801 0 255 97
-20.702 5.666 1.438 0 255 136
-20.071 5.432 1.574 187 255 0
-20.441 5.590 1.284 0 255 123
-20.355 5.553 1.549 0 255 170
-19.708 5.307 1.453 0 255 131
-20.050 5.437 1.217 255 230 0
-19.937 5.393 0.965 191 255 0
-20.998 5.829 1.554 0 17 255
-20.015 5.426 0.948 0 25 255
-20.656 5.646 1.154 0 212 255
-19.847 5.352 1.299 123 255 0
-20.952 5.840 1.915 0 0 255
-20.623 5.667 1.453 0 255 114
-20.203 5.493 1.555 0 255 225
-19.881 5.376 1.062 0 255 97
-19.630 5.250 1.719 0 17 255
-20.257 5.500 0.894 0 255 72
-20.789 5.732 1.222 0 255 242
-19.943 5.370 1.844 0 0 255
-20.133 5.470 1.202 0 255 127
-20.993 5.840 1.154 0 0 255
-20.168 5.475 1.549 0 255 72
-19.819 5.336 0.989 0 255 80
-19.995 5.418 1.033 148 255 0
-19.486 5.225 1.804 0 0 255
-20.621 5.662 1.344 0 255 114
-19.767 5.314 1.713 63 255 0
-20.601 5.658 1.379 0 255 59
-19.481 5.223 1.572 0 0 255
-20.334 5.542 1.721 255 242 0
-20.331 5.539 1.834 0 0 255
-20.662 5.676 1.665 0 0 255
-20.875 5.750 1.074 0 0 255
-21.038 5.789 1.744 0 0 255
-20.986 5.833 1.034 0 0 255
-19.870 5.297 1.174 0 144 255
-19.995 5.409 1.605 165 255 0
-20.059 5.436 1.487 0 255 165
-19.444 5.207 1.876 0 0 255
-19.953 5.392 1.762 93 255 0
-19.819 5.342 1.124 76 255 0
-20.562 5.641 0.979 0 255 34
-20.786 5.729 1.067 0 255 246
-20.275 5.523 1.679 0 255 85
-20.107 5.457 1.362 242 255 0
-19.524 5.226 1.801 0 0 255
-19.692 5.295 1.574 0 0 255
-19.588 5.200 1.063 0 255 140
-20.600 5.657 1.372 0 255 136
-20.281 5.556 0.954 0 0 255
-20.969 5.776 0.841 0 0 255
-20.811 5.737 1.690 0 0 255
-19.634 5.249 1.009 0 0 255
-20.229 5.501 1.735 0 255 102
-19.649 5.249 1.584 0 0 255
-19.914 5.375 1.736 0 255 106
-20.941 5.831 0.989 0 0 255
-20.612 5.663 1.077 0 255 68
-20.756 5.719 1.761 174 255 0
-19.647 5.253 1.204 0 0 255
-20.186 5.484 1.602 0 255 140
-19.473 5.233 1.540 0 0 255
-19.883 5.359 1.786 59 255 0
-20.633 5.663 1.806 0 255 85
-20.882 5.761 1.745 0 0 255
-19.927 5.385 1.545 140 255 0
-19.776 5.322 1.806 0 8 255
-20.429 5.567 1.530 255 242 0
-19.877 5.359 1.603 0 255 80
-20.227 5.495 1.649 0 255 136
-19.744 5.315 1.418 76 255 0
-21.016 5.828 1.307 0 255 123
-19.922 5.387 0.947 0 255 165
-20.835 5.733 1.466 0 0 255
-19.721 5.302 1.560 0 255 136
-20.752 5.715 1.771 0 255 127
-19.480 5.233 1.503 0 0 255
-19.697 5.291 1.304 0 8 255
-20.038 5.437 1.038 191 255 0
-20.999 5.869 1.168 0 0 255
-19.599 5.239 1.030 0 0 255
-20.225 5.508 1.265 0 255 233
-19.680 5.296 1.148 0 0 255
-19.501 5.240 1.890 0 0 255
-19.562 5.228 0.323 0 8 255
-20.037 5.427 1.537 0 255 85
-20.057 5.439 1.123 246 255 0
-21.032 5.829 1.577 0 0 255
-20.261 5.517 1.486 255 182 0
-20.577 5.647 1.853 0 0 255
-20.127 5.460 1.242 0 255 63
-19.545 5.220 1.573 0 0 255
-19.771 5.323 1.206 0 255 221
-19.928 5.380 1.706 0 255 46
-20.760 5.716 1.372 0 255 123
-19.486 5.244 1.092 0 0 255
-19.466 5.224 1.374 0 0 255
-21.047 5.841 1.167 0 17 255
-20.680 5.684 1.700 0 255 119
-19.767 5.316 1.701 0 255 127
-20.733 5.706 1.820 0 0 255
-20.228 5.515 0.959 0 85 255
-19.528 5.241 1.556 0 246 255
-19.473 5.177 1.799 0 59 255
-20.104 5.458 1.230 225 255 0
-19.467 5.215 1.156 0 17 255
-20.721 5.701 1.771 0 255 51
-19.489 5.158 1.411 0 25 255
-20.745 5.711 1.722 204 255 0
-20.346 5.554 1.489 255 168 0
-19.941 5.388 1.646 0 255 140
-19.454 5.164 1.684 0 255 199
-19.595 5.231 1.075 0 0 255
-20.278 5.523 1.571 255 170 0
-19.447 5.182 0.982 0 0 255
-19.869 5.361 1.388 0 255 136
-19.518 5.245 1.549 0 8 255
-20.709 5.701 1.826 68 255 0
-19.538 5.224 0.888 0 0 255
-20.754 5.715 1.346 0 255 161
-20.804 5.728 1.693 0 255 225
-19.520 5.237 0.767 0 0 255
-20.549 5.635 1.247 0 255 182
-19.902 5.373 1.322 212 255 0
-21.067 5.798 0.251 0 0 255
-20.396 5.502 1.600 0 0 255
-19.715 5.295 1.669 0 255 102
-19.987 5.413 0.978 0 255 68
-20.937 5.774 1.386 0 0 255
-20.949 5.958 0.206 0 0 255
-19.769 5.326 0.965 127 255 0
-21.058 5.818 0.731 0 229 255
-20.762 5.713 1.628 97 255 0
-20.273 5.516 1.800 0 255 102
-20.818 5.726 1.817 0 0 255
-19.674 5.246 1.651 0 0 255
-20.829 5.726 1.281 0 0 255
-20.880 5.754 1.093 0 0 255
-19.801 5.340 1.220 97 255 0
-20.937 5.797 1.793 0 0 255
-19.637 5.252 1.730 0 0 255
-20.806 5.735 1.349 0 153 255
-20.958 5.765 0.325 0 0 255
-19.882 5.371 1.146 165 255 0
-19.457 5.171 1.905 0 0 255
-19.915 5.380 1.501 161 255 0
-19.521 5.227 1.305 0 25 255
