-31.550 11.536 1.561 0 255 187
-31.356 11.377 1.664 0 17 255
-32.226 11.912 1.424 0 255 242
-31.802 11.650 1.267 0 255 51
-31.574 11.507 1.400 51 255 0
-31.504 11.470 1.478 0 0 255
-31.321 11.390 1.823 0 0 255
-31.854 11.672 1.630 0 255 21
-32.228 11.918 1.603 0 255 114
-32.485 12.061 1.354 0 255 174
-31.302 11.396 1.035 0 0 255
-31.319 11.384 1.754 0 0 255
-32.295 11.943 1.294 148 255 0
-31.270 11.308 0.399 0 0 255
-32.451 12.028 1.588 0 255 55
-32.651 12.141 1.468 0 0 255
-31.531 11.485 1.770 0 255 34
-31.472 11.433 1.566 0 8 255
-32.568 12.096 1.115 0 0 255
-31.354 11.381 1.788 0 0 255
-32.714 12.218 1.868 0 0 255
-31.667 11.568 1.374 0 255 25
-31.957 11.734 1.561 8 255 0
-32.068 11.808 1.320 0 255 25
-32.723 12.214 1.732 0 0 255
-32.172 11.864 1.735 0 255 68
-31.528 11.452 1.196 0 255 131
-32.686 12.188 1.025 0 0 255
-32.462 12.037 1.487 80 255 0
-32.451 12.028 1.455 0 255 72
-32.323 11.962 1.412 68 255 0
-32.426 12.023 1.089 136 255 0
-31.864 11.680 1.744 0 255 102
-32.034 11.789 1.527 0 255 12
-32.038 11.788 1.739 0 255 68
-31.337 11.383 1.091 0 0 255
-31.314 11.388 1.764 0 0 255
-31.302 11.394 1.194 0 0 255
-32.215 11.906 1.454 0 170 255
-31.474 11.433 1.580 0 0 255
-32.069 11.806 1.585 0 255 12
-32.721 12.138 1.746 0 0 255
-31.317 11.383 1.716 0 0 255
-31.391 11.356 1.640 0 0 255
-31.643 11.556 1.017 0 255 8
-31.390 11.388 1.705 0 0 255
-32.590 12.121 1.282 0 8 255
-32.422 12.010 1.524 89 255 0
-31.336 11.390 1.105 0 0 255
-32.636 12.159 1.614 0 0 255
-31.731 11.610 1.255 0 255 106
-32.359 11.975 1.273 102 255 0
-32.491 12.059 1.729 0 59 255
-32.471 12.042 1.269 136 255 0
-32.237 11.911 1.473 21 255 0
-32.525 12.085 1.665 0 0 255
-31.507 11.467 1.280 0 255 161
-31.502 11.477 1.443 0 8 255
-31.933 11.718 1.826 0 0 255
-32.126 11.836 1.524 0 255 51
-31.594 11.534 0.960 0 255 114
-32.412 12.007 1.699 0 255 63
-31.616 11.533 1.399 0 255 106
-31.825 11.662 1.264 0 255 17
-31.728 11.602 1.829 0 0 255
-31.612 11.494 1.647 0 255 110
-32.546 12.078 0.986 0 0 255
-32.488 12.056 1.385 161 255 0
-32.383 11.986 1.593 17 255 0
-31.954 11.738 1.586 0 255 68
-31.492 11.457 1.408 0 255 157
-32.502 12.065 1.820 0 0 255
-32.731 12.206 1.275 0 0 255
-32.393 11.993 1.659 0 255 59
-31.742 11.616 1.219 0 255 46
-31.459 11.448 1.782 0 0 255
-32.182 11.869 1.847 0 0 255
-32.421 12.020 1.046 102 255 0
-32.281 11.929 1.585 0 255 55
-32.475 12.039 1.729 0 255 12
-32.413 12.000 1.599 0 255 63
-31.364 11.339 0.323 0 0 255
-32.278 11.931 1.396 0 255 0
-31.815 11.662 1.308 0 255 0
-31.353 11.377 0.715 0 0 255
-32.503 12.061 1.604 12 255 0
-31.605 11.526 1.681 0 255 51
-31.843 11.658 1.835 0 255 55
-32.150 11.854 1.756 0 255 93
-32.445 12.019 1.746 0 255 21
-31.834 11.668 1.749 0 255 38
-32.725 12.206 1.118 0 0 255
-31.416 11.424 0.986 0 0 255
-31.353 11.338 0.598 0 0 255
-31.312 11.392 1.309 0 93 255
-31.623 11.542 1.052 0 255 12
-31.472 11.444 1.523 0 8 255
-32.299 11.944 1.620 8 255 0
-32.742 12.200 1.341 0 0 255
-31.505 11.465 1.453 0 0 255
-32.061 11.806 1.529 0 238 255
-31.280 11.417 0.241 0 0 255
-32.366 11.985 0.964 0 255 195
-31.346 11.324 0.982 0 0 255
-32.248 11.908 1.662 0 255 46
-32.161 11.862 1.236 55 255 0
-32.525 12.083 1.663 0 0 255
-31.518 11.489 1.714 0 255 212
-31.658 11.564 1.249 0 255 21
-31.300 11.390 1.107 0 8 255
-31.545 11.488 1.794 0 255 72
-32.458 12.032 1.568 38 255 0
-32.287 11.935 1.808 0 0 255
-32.044 11.794 1.607 0 255 21
-31.333 11.306 0.325 0 0 255
-32.469 12.055 0.934 0 0 255
-31.350 11.314 1.811 0 0 255
-32.432 12.025 1.772 0 255 97
-32.476 12.049 1.629 38 255 0
-32.617 12.133 1.746 0 0 255
-31.826 11.660 1.600 0 255 12
-31.341 11.385 1.703 0 238 255
-31.271 11.345 1.755 0 0 255
-31.675 11.572 0.998 0 255 38
-32.098 11.827 1.044 0 255 51
-31.608 11.529 1.411 0 255 0
-32.724 12.177 0.365 0 0 255
-31.682 11.576 1.153 0 255 157
-31.484 11.455 1.217 0 0 255
-31.550 11.502 1.611 0 255 102
-32.335 11.961 1.592 38 255 0
-32.728 12.209 1.367 0 170 255
-31.669 11.562 1.615 0 255 29
-31.348 11.386 1.283 0 0 255
-32.349 11.972 1.722 25 255 0
-32.168 11.866 1.368 55 255 0
-31.726 11.608 1.398 0 255 55
-32.088 11.820 1.267 0 255 46
-31.334 11.315 1.305 0 0 255
-31.349 11.388 1.740 0 0 255
-31.828 11.664 1.405 0 255 59
-31.699 11.574 1.875 0 0 255
-31.846 11.679 1.169 0 255 21
-32.673 12.153 1.657 0 0 255
-32.746 12.184 1.324 0 0 255
-32.057 11.795 1.646 0 255 25
-31.580 11.516 1.626 0 255 55
-31.897 11.711 0.943 0 25 255
-31.320 11.320 0.907 0 0 255
-31.660 11.562 1.847 0 0 255
-31.575 11.516 1.829 0 204 255
-31.866 11.682 1.385 12 255 0
-32.084 11.813 1.708 0 255 85
-32.539 12.083 1.461 0 0 255
-32.192 11.881 1.636 0 255 85
-31.873 11.690 1.612 0 255 42
-31.279 11.373 0.703 0 0 255
-31.701 11.585 1.656 0 255 8
-31.604 11.530 1.073 0 255 51
-31.355 11.381 1.176 0 0 255
-32.196 11.886 1.330 42 255 0
-31.389 11.389 1.046 0 0 255
-31.973 11.749 1.755 0 255 55
-31.844 11.666 1.331 12 255 0
-32.631 12.119 1.077 0 0 255
-31.432 11.401 1.525 0 0 255
-32.250 11.926 1.655 0 255 106
-32.374 11.988 1.047 0 255 76
-31.920 11.719 1.608 0 255 72
-32.256 11.918 1.025 76 255 0
-31.715 11.596 1.061 0 255 17
-31.311 11.385 1.738 0 0 255
-32.088 11.824 0.997 0 255 110
-32.161 11.864 1.448 0 255 165
-31.489 11.456 1.775 0 0 255
-32.551 12.081 1.118 0 0 255
-31.355 11.384 1.040 0 0 255
-32.540 12.102 1.783 0 0 255
-32.328 11.968 1.386 0 255 102
-32.679 12.175 1.911 0 0 255
-32.019 11.770 1.806 0 255 106
-31.495 11.414 1.441 0 0 255
-32.698 12.206 1.375 0 17 255
-31.961 11.739 1.665 0 255 34
-31.678 11.582 1.841 0 0 255
-32.724 12.205 1.293 0 0 255
-32.757 12.163 1.131 0 255 165
-32.028 11.790 1.741 0 255 238
-31.739 11.613 1.321 25 255 0
-31.361 11.370 1.417 0 0 255
-32.564 12.070 1.106 0 0 255
-31.551 11.467 1.828 0 127 255
-32.757 12.069 0.209 0 0 255
-32.618 12.122 1.665 0 0 255
-32.194 11.887 1.838 0 0 255
-32.001 11.769 1.512 0 255 46
-32.482 12.042 1.625 0 255 85
-32.503 12.069 1.451 0 76 255
-32.316 11.949 1.769 12 255 0
-32.329 11.957 1.749 0 255 55
-31.296 11.376 1.761 0 0 255
-31.400 11.397 1.062 0 0 255
-32.318 11.953 1.725 0 255 17
-31.903 11.706 1.577 0 255 34
-32.692 12.134 1.168 0 0 255
-32.228 11.905 1.085 76 255 0
-31.984 11.760 1.256 4 255 0
-32.651 12.247 1.835 0 127 255
-31.437 11.429 1.753 0 0 255
-32.508 12.074 1.153 0 0 255
-32.475 12.043 1.215 0 255 199
-31.648 11.558 1.553 0 255 80
-31.506 11.471 1.602 0 42 255
-32.348 11.968 1.612 0 76 255
-31.695 11.586 1.406 0 255 21
-31.923 11.717 1.416 42 255 0
-31.840 11.632 1.756 0 255 106
-31.746 11.618 1.169 25 255 0
-31.615 11.541 1.106 0 255 34
-32.230 11.894 1.785 0 255 55
-31.278 11.358 1.569 0 0 255
-32.705 12.206 1.292 0 34 255
-31.305 11.383 1.927 0 0 255
-31.789 11.643 1.215 0 8 255
-32.510 12.067 1.641 0 255 106
-32.355 11.980 1.519 0 255 174
-31.491 11.469 1.017 0 255 93
-32.160 11.858 1.741 0 255 72
-32.001 11.764 1.566 0 255 102
-32.332 11.958 1.476 0 255 12
-32.137 11.875 1.566 0 255 93
-32.710 12.134 1.195 0 0 255
-32.164 11.865 1.684 0 255 25
-31.682 11.583 0.962 0 255 127
-32.007 11.773 1.436 4 255 0
-31.908 11.714 1.703 0 255 68
-31.453 11.415 1.629 0 0 255
-31.253 11.330 1.082 0 0 255
-32.108 11.828 1.644 0 255 34
-31.304 11.387 1.504 0 68 255
-32.617 12.165 1.463 0 0 255
-32.690 12.198 1.069 0 0 255
-31.480 11.484 1.435 0 255 12
-31.604 11.531 1.102 46 255 0
-32.614 12.101 1.669 0 0 255
-31.819 11.658 1.249 0 255 46
-32.577 12.101 0.988 0 8 255
-31.755 11.621 1.097 4 255 0
-31.723 11.600 1.502 0 255 42
-32.421 12.008 1.507 0 255 4
-31.654 11.559 1.415 0 255 63
-31.521 11.490 1.201 0 255 242
-31.312 11.393 0.583 0 0 255
-31.376 11.386 0.636 0 0 255
-32.393 11.990 1.783 0 255 127
-31.628 11.535 1.827 76 255 0
-32.351 11.977 1.352 0 255 63
-31.743 11.614 1.621 0 255 38
-31.344 11.285 0.226 0 0 255
-32.491 12.053 1.093 0 255 119
-32.701 12.211 1.544 0 0 255
-32.101 11.831 0.986 0 255 110
-31.349 11.373 0.786 0 0 255
-31.358 11.385 1.097 0 0 255
-31.733 11.608 1.587 4 255 0
-32.064 11.808 1.016 0 255 114
-32.388 11.988 1.619 46 255 0
-32.370 11.980 1.564 29 255 0
-31.433 11.435 1.008 0 8 255
-32.107 11.832 1.358 34 255 0
-32.329 11.958 1.568 0 255 42
-31.363 11.376 1.290 0 0 255
-32.038 11.788 1.691 0 255 25
-31.605 11.530 1.500 0 255 25
-32.320 11.958 1.604 0 255 170
-32.523 12.057 1.633 0 25 255
-31.718 11.599 1.102 0 255 34
-31.363 11.372 1.509 0 0 255
-31.940 11.733 1.337 0 255 46
-31.664 11.563 1.762 0 153 255
-32.442 12.035 1.362 0 255 85
-32.179 11.877 1.252 21 255 0
-32.684 12.196 1.635 0 0 255
-32.113 11.837 1.231 12 255 0
-32.680 12.191 1.795 0 0 255
-31.534 11.483 1.626 0 255 29
-31.360 11.316 1.493 0 0 255
-31.796 11.648 1.191 0 255 17
-32.119 11.836 1.078 0 255 51
-32.694 12.111 0.408 0 0 255
-31.725 11.599 1.706 34 255 0
-31.553 11.495 1.535 0 255 131
-32.348 11.969 1.700 0 255 55
-31.369 11.383 1.130 0 8 255
-31.690 11.610 1.835 0 0 255
-31.764 11.633 0.950 0 0 255
-32.476 12.039 1.706 0 255 80
-31.323 11.397 0.214 0 0 255
-32.277 11.930 1.326 72 255 0
-32.133 11.841 1.778 0 255 80
-31.586 11.519 1.108 0 255 55
-31.798 11.642 1.762 0 255 29
-31.739 11.618 1.440 0 255 110
-32.759 12.155 0.881 0 255 165
-31.583 11.524 1.259 0 255 55
-32.510 12.065 1.600 0 255 93
-31.820 11.658 1.166 0 255 144
-32.341 11.964 1.697 0 255 55
-31.411 11.401 1.682 0 0 255
-32.741 12.140 0.588 0 0 255
-32.079 11.807 1.542 0 255 42
-32.470 12.052 1.516 0 255 85
-31.598 11.524 1.564 85 255 0
-31.735 11.607 1.492 21 255 0
-32.688 12.196 0.716 0 0 255
-32.677 12.197 0.778 0 0 255
-31.357 11.370 1.271 0 0 255
-32.083 11.812 1.437 0 255 21
-32.588 12.097 1.673 0 0 255
-31.645 11.556 1.059 0 255 12
-31.843 11.678 1.008 0 255 12
-31.279 11.381 0.942 0 8 255
-32.493 12.058 1.441 0 255 182
-32.380 11.987 1.707 0 255 21
-32.484 12.050 1.803 0 255 93
-32.326 11.966 1.769 0 255 216
-31.928 11.724 1.525 4 255 0
-32.625 12.095 1.349 0 0 255
-31.418 11.415 1.772 0 8 255
-32.735 12.201 1.302 0 0 255
-32.411 12.008 1.242 0 255 93
-31.274 11.371 0.951 0 0 255
-32.090 11.822 1.769 0 17 255
-32.710 12.199 1.770 0 0 255
-31.545 11.496 1.446 0 255 157
-31.608 11.524 1.824 34 255 0
-31.334 11.303 0.951 0 8 255
-32.402 12.002 1.382 59 255 0
-32.439 12.030 0.977 123 255 0
-31.268 11.245 0.572 0 0 255
-31.947 11.738 1.001 0 255 38
-32.592 12.106 1.644 0 0 255
-32.742 12.209 1.861 0 0 255
-31.355 11.280 0.205 0 0 255
-31.965 11.745 1.493 0 255 51
-32.194 11.884 1.430 25 255 0
-31.555 11.498 1.448 0 255 80
-31.996 11.706 1.054 0 255 174
-31.780 11.613 1.845 0 85 255
-32.484 12.053 1.244 0 51 255
-32.005 11.775 1.409 0 255 12
-31.633 11.546 1.407 93 255 0
-32.336 11.928 0.921 0 0 255
-32.694 12.207 1.296 0 255 153
-32.122 11.836 1.464 0 255 29
-31.306 11.387 1.074 0 0 255
-31.950 11.743 1.277 0 255 157
-32.034 11.782 1.640 0 255 157
-31.777 11.634 1.508 0 255 46
-32.538 12.079 1.647 0 0 255
-32.216 11.895 1.259 0 255 51
-32.499 12.063 1.137 29 255 0
-31.934 11.719 1.686 0 255 29
-32.078 11.818 1.165 0 255 21
-31.384 11.392 1.483 0 0 255
-31.431 11.419 1.109 0 25 255
-31.784 11.638 1.838 0 0 255
-32.211 11.894 1.267 80 255 0
-32.591 12.108 1.710 0 0 255
-32.234 11.911 1.816 0 0 255
-32.106 11.824 1.710 0 255 97
-32.651 12.179 1.406 0 0 255
-31.671 11.570 1.835 0 0 255
-32.092 11.816 1.514 0 255 34
-32.078 11.806 1.780 0 255 51
-31.576 11.517 1.347 0 255 4
-32.014 11.775 1.291 0 255 46
-31.645 11.558 1.260 4 255 0
-31.355 11.384 1.596 0 0 255
-32.257 11.921 1.241 0 255 59
-31.598 11.524 1.438 0 255 80
-31.552 11.503 1.513 0 255 72
-32.036 11.791 1.245 0 255 38
-32.524 12.082 1.815 0 0 255
-32.270 11.931 1.097 0 255 63
-32.542 12.089 1.360 0 255 187
-32.407 12.013 1.233 0 255 89
-31.651 11.554 1.640 0 238 255
-31.669 11.563 1.448 0 255 80
-31.506 11.471 1.582 0 255 85
-32.666 12.229 0.217 0 0 255
-32.121 11.838 1.469 0 255 17
-31.362 11.362 1.280 0 255 199
-31.944 11.733 1.676 0 255 4
-31.701 11.582 1.769 0 255 21
-32.047 11.794 1.655 0 255 0
-32.053 11.798 1.476 0 255 29
-31.469 11.445 1.769 0 0 255
-31.332 11.396 1.829 0 0 255
-31.497 11.435 1.615 0 8 255
-31.346 11.296 1.495 0 0 255
-32.498 12.062 1.419 0 255 8
-32.518 12.066 1.712 0 255 191
-32.569 12.088 1.553 0 0 255
-31.801 11.649 1.764 0 255 97
-32.379 11.996 0.956 0 255 29
-31.607 11.527 1.668 0 255 51
-31.794 11.646 1.276 0 255 51
-31.409 11.406 1.772 0 25 255
-32.217 11.900 1.174 0 255 174
-32.316 11.948 1.473 46 255 0
-32.541 12.077 1.654 0 0 255
-32.620 12.122 1.649 0 0 255
-31.388 11.390 1.074 0 0 255
-31.529 11.483 1.686 0 255 255
-32.445 12.023 1.783 0 255 17
-32.383 11.994 1.386 0 255 63
-31.731 11.605 1.779 0 255 80
-31.451 11.437 1.012 0 0 255
-31.460 11.425 1.117 0 0 255
-31.349 11.376 1.823 0 0 255
-31.758 11.617 1.803 0 255 106
-32.395 11.999 1.561 0 255 174
-31.518 11.486 1.108 0 255 97
-32.676 12.193 1.086 0 0 255
-31.544 11.493 1.139 63 255 0
-31.598 11.528 0.996 0 255 55
-32.735 12.206 1.937 0 0 255
-32.016 11.778 1.414 4 255 0
-32.303 11.936 1.823 0 0 255
-32.734 12.159 1.607 0 0 255
-31.488 11.454 1.522 0 0 255
-32.744 12.196 1.343 0 0 255
-31.979 11.755 1.036 0 255 8
-32.502 12.058 1.536 0 255 157
-32.293 11.934 1.550 34 255 0
-32.003 11.767 1.682 0 255 4
-32.063 11.797 1.667 0 255 76
-31.616 11.538 1.449 0 255 29
-31.729 11.602 1.371 51 255 0
-32.300 11.945 1.140 12 255 0
-31.773 11.633 1.398 0 255 21
-32.334 11.964 1.206 174 255 0
-32.497 12.063 1.044 8 255 0
-31.550 11.503 1.441 0 255 119
-31.718 11.603 1.066 0 255 153
-31.387 11.406 1.576 0 0 255
-32.143 11.842 1.830 0 255 153
-32.191 11.881 1.464 76 255 0
-31.477 11.483 1.289 0 0 255
-31.560 11.510 1.008 46 255 0
-32.404 12.012 1.516 0 255 114
-32.157 11.860 1.363 0 255 12
-32.116 11.838 1.279 0 255 165
-31.306 11.403 0.940 0 0 255
-32.077 11.806 1.335 0 255 38
-31.928 11.719 1.803 0 255 8
-32.669 12.140 1.511 0 0 255
-32.471 12.035 1.337 0 255 136
-32.686 12.195 1.751 0 0 255
-32.152 11.854 1.680 0 255 157
-31.323 11.382 1.554 0 0 255
-32.028 11.785 1.049 55 255 0
-32.536 12.086 1.532 0 0 255
-31.745 11.621 1.497 0 255 102
-32.396 12.003 1.079 97 255 0
-31.505 11.462 1.636 0 76 255
-31.486 11.459 1.744 0 0 255
-32.006 11.765 1.593 0 255 59
-32.389 11.994 1.378 0 255 4
-31.719 11.591 1.636 0 255 29
-31.866 11.689 1.518 0 255 106
-31.979 11.766 1.676 0 255 119
-32.746 12.151 0.231 0 8 255
-31.336 11.324 0.399 0 0 255
-32.138 11.849 1.214 42 255 0
-31.258 11.336 0.884 0 0 255
-32.070 11.808 1.443 17 255 0
-32.450 12.027 1.324 0 255 63
-32.358 11.970 1.730 0 255 59
-31.378 11.391 1.789 0 0 255
-32.730 12.205 0.972 0 0 255
-31.570 11.512 1.439 63 255 0
-31.424 11.403 1.634 0 0 255
-32.626 12.113 1.696 0 0 255
-32.491 12.047 1.745 0 255 182
-32.634 12.117 1.118 0 0 255
-31.359 11.361 1.371 0 8 255
-32.732 12.183 0.806 0 0 255
-32.546 12.091 0.990 0 8 255
-31.842 11.673 1.061 0 255 46
-32.099 11.822 1.526 0 255 38
-31.342 11.386 1.925 0 0 255
-32.086 11.813 1.556 0 255 29
-32.050 11.778 1.835 0 0 255
-32.175 11.873 1.366 0 255 38
-32.196 11.883 1.701 0 255 21
-32.433 12.027 1.151 0 255 85
-32.281 11.930 1.137 0 255 182
-31.758 11.625 1.252 0 255 148
-32.616 12.096 1.392 0 0 255
-32.246 11.915 1.332 106 255 0
-32.167 11.861 1.725 0 255 29
-31.740 11.613 1.126 0 255 153
-31.481 11.456 1.155 0 0 255
-31.277 11.358 0.881 0 0 255
-31.423 11.417 1.516 0 0 255
-31.850 11.684 1.156 0 255 119
-32.691 12.203 0.828 0 0 255
-32.213 11.893 1.159 0 255 12
-31.345 11.292 1.346 0 0 255
-31.451 11.443 1.032 0 0 255
-32.525 12.077 1.103 0 0 255
-31.967 11.749 1.448 0 255 0
-31.808 11.654 1.032 0 255 153
-32.007 11.778 1.150 0 255 17
-31.735 11.612 1.496 0 255 46
-31.662 11.560 1.728 55 255 0
-32.240 11.906 1.277 85 255 0
-32.523 12.076 1.608 0 17 255
-31.731 11.629 1.791 0 255 131
-31.976 11.750 1.352 0 255 0
-32.719 12.202 0.887 0 0 255
-31.893 11.701 1.461 8 255 0
-32.182 11.872 1.545 0 255 0
-32.676 12.184 0.434 0 0 255
-31.735 11.611 1.165 0 255 106
-31.895 11.705 1.431 0 255 34
-31.781 11.633 1.023 0 255 106
-32.624 12.123 1.775 0 0 255
-31.295 11.389 0.404 0 0 255
-31.395 11.389 1.659 0 0 255
-32.004 11.765 1.611 0 255 106
-32.530 12.076 1.624 0 17 255
-31.603 11.527 1.513 0 255 25
-32.644 12.121 1.134 0 0 255
-32.178 11.869 1.471 0 255 12
-32.078 11.818 0.972 0 255 68
-31.512 11.464 1.817 0 0 255
-31.406 11.401 1.531 0 0 255
-32.315 11.953 1.816 0 255 242
-32.697 12.127 1.442 0 0 255
-31.443 11.415 1.544 0 0 255
-32.357 11.974 1.338 17 255 0
-31.896 11.708 1.711 0 255 72
-31.408 11.404 1.605 0 0 255
-32.479 12.048 1.069 110 255 0
-32.418 12.025 1.760 0 255 76
-32.490 12.051 1.401 0 255 63
-31.483 11.455 1.324 0 8 255
-31.859 11.670 1.370 42 255 0
-31.558 11.504 1.050 34 255 0
-31.853 11.681 0.948 0 0 255
-32.568 12.109 1.646 0 0 255
-31.910 11.678 1.503 0 255 110
-32.565 12.098 1.743 0 0 255
-31.577 11.517 1.815 0 255 221
-32.414 12.009 0.989 0 144 255
-31.850 11.685 1.125 0 255 21
-31.353 11.337 1.242 0 0 255
-31.324 11.386 1.887 0 0 255
-32.217 11.888 1.688 0 255 55
-31.454 11.442 1.264 0 0 255
-32.481 12.043 1.666 0 255 63
-31.643 11.547 1.751 119 255 0
-31.697 11.628 1.814 0 255 51
-32.209 11.889 1.732 0 255 34
-32.333 11.956 1.737 0 255 63
-31.692 11.585 1.588 0 255 114
-32.490 12.048 1.497 0 255 204
-31.592 11.527 1.008 0 255 55
-32.284 11.932 1.464 42 255 0
-32.403 12.006 1.070 102 255 0
-31.332 11.315 0.696 0 0 255
-32.109 11.827 1.713 0 255 46
-31.500 11.449 1.850 0 0 255
-31.886 11.691 1.465 12 255 0
-32.343 11.972 1.018 0 255 97
-31.895 11.708 1.029 0 255 80
-32.743 12.127 0.280 0 0 255
-31.651 11.562 1.543 0 255 140
-31.813 11.660 1.077 0 255 136
-32.340 11.963 1.312 21 255 0
-32.157 11.863 1.318 46 255 0
-32.134 11.840 1.224 46 255 0
-31.694 11.588 1.016 0 255 123
-31.532 11.474 1.715 114 255 0
-32.034 11.752 1.008 0 255 140
-32.441 12.032 1.548 0 204 255
-32.072 11.802 1.324 0 255 21
-32.472 12.042 1.456 144 255 0
-32.110 11.835 0.949 0 102 255
-32.404 12.008 1.062 0 246 255
-31.859 11.676 1.589 12 255 0
-31.910 11.711 1.485 25 255 0
-31.303 11.398 1.021 0 0 255
-31.547 11.495 1.575 76 255 0
-32.041 11.790 1.333 0 255 21
-31.505 11.467 1.023 0 51 255
-32.443 12.052 0.935 0 0 255
-31.256 11.341 0.963 0 0 255
-32.685 12.205 1.486 0 0 255
-32.168 11.858 1.828 0 255 97
-31.353 11.356 0.529 0 0 255
-31.333 11.388 1.491 0 110 255
-31.591 11.527 1.108 51 255 0
-31.693 11.586 1.076 0 255 153
-32.728 12.220 1.935 0 0 255
-32.783 12.182 1.888 0 187 255
-32.272 11.920 1.787 0 255 72
-31.641 11.548 1.513 80 255 0
-32.737 12.232 1.007 0 0 255
-31.319 11.389 1.515 0 17 255
-31.330 11.394 1.925 0 0 255
-31.554 11.492 1.690 0 255 123
-31.404 11.400 1.704 0 0 255
-32.109 11.835 1.386 8 255 0
-31.428 11.421 1.603 0 0 255
-31.490 11.465 1.031 0 0 255
-32.186 11.883 1.243 21 255 0
-31.868 11.691 1.037 0 255 8
-32.408 12.009 1.015 85 255 0
-32.108 11.830 1.311 0 255 165
-31.534 11.432 1.550 0 255 161
-32.236 11.900 1.683 0 255 85
-31.459 11.442 1.112 0 0 255
-32.078 11.818 1.672 0 255 114
-31.279 11.367 1.599 0 0 255
-31.429 11.440 1.799 0 0 255
-32.750 12.176 1.155 0 0 255
-32.228 11.906 1.091 0 255 102
-31.817 11.662 1.704 0 255 42
-31.786 11.639 1.294 0 255 4
-31.359 11.392 1.767 0 0 255
-31.319 11.396 1.390 0 153 255
-32.234 11.909 1.793 0 255 85
-31.450 11.415 1.048 0 0 255
-32.542 12.079 1.751 0 0 255
-31.919 11.710 1.829 0 0 255
-31.921 11.715 1.603 0 255 85
-31.276 11.339 0.919 0 0 255
-32.682 12.215 1.937 0 0 255
-32.730 12.207 1.239 0 34 255
-32.709 12.211 1.421 0 178 255
-32.177 11.868 1.782 0 255 46
-31.735 11.614 1.844 0 255 250
-32.459 12.039 1.320 0 255 68
-32.005 11.765 1.726 0 255 229
-31.366 11.376 1.246 0 0 255
-32.501 12.062 1.786 0 255 191
-31.462 11.427 1.610 0 0 255
-31.796 11.645 1.239 0 255 89
-32.073 11.815 0.982 0 255 0
-32.626 12.128 1.466 0 0 255
-32.534 12.083 1.629 0 34 255
-31.450 11.437 1.038 0 0 255
-32.199 11.887 1.127 0 255 17
-32.158 11.860 1.097 51 255 0
-32.502 12.053 1.688 0 255 55
-31.699 11.590 1.052 0 255 21
-31.581 11.516 1.394 46 255 0
-31.912 11.716 1.177 0 255 34
-31.325 11.392 0.487 0 0 255
-32.657 12.149 1.119 0 17 255
-32.394 12.010 1.455 0 255 233
-31.858 11.683 1.289 0 255 12
-31.730 11.601 1.596 0 255 76
-32.080 11.813 1.422 21 255 0
-31.378 11.254 0.903 0 0 255
-31.288 11.369 1.686 0 85 255
-32.438 12.021 1.508 59 255 0
-31.872 11.684 1.521 0 255 8
-32.212 11.886 1.648 0 255 72
-31.949 11.740 1.108 0 255 34
-31.789 11.622 1.843 0 170 255
-31.850 11.680 1.395 0 255 21
-31.862 11.683 1.205 0 255 42
-31.830 11.673 1.841 0 0 255
-32.722 12.140 1.393 0 0 255
-32.735 12.148 0.612 0 68 255
-32.086 11.818 1.484 17 255 0
-31.779 11.631 1.823 0 0 255
-31.339 11.395 1.325 0 102 255
-31.924 11.713 1.683 0 255 80
-32.171 11.868 1.408 0 255 34
-31.384 11.400 1.272 0 0 255
-32.705 12.225 0.307 0 0 255
-32.508 12.074 1.624 0 25 255
-32.047 11.795 1.835 0 0 255
-31.361 11.391 1.356 0 0 255
-32.675 12.179 1.155 0 42 255
-31.327 11.296 0.970 0 0 255
-32.124 11.832 1.838 0 17 255
-32.299 11.948 1.497 0 255 178
-32.135 11.851 1.804 0 255 204
-31.479 11.453 1.024 0 0 255
-32.041 11.793 1.055 8 255 0
-32.296 11.941 1.344 8 255 0
-32.020 11.778 1.380 0 255 161
-32.180 11.872 1.756 0 255 38
-31.598 11.526 1.757 0 255 68
-32.731 12.221 1.624 0 17 255
-32.452 12.052 0.944 0 119 255
-32.251 11.921 0.961 0 255 72
-31.508 11.472 1.002 0 255 59
-31.580 11.506 1.799 85 255 0
-31.534 11.483 1.652 0 255 29
-31.410 11.396 1.286 0 0 255
-32.281 11.937 1.433 12 255 0
-32.211 11.898 1.524 0 255 97
-32.737 12.196 1.049 0 0 255
-32.149 11.889 1.322 0 255 110
-32.095 11.823 1.766 0 255 153
-32.449 12.033 1.111 0 255 89
-32.024 11.771 1.684 0 255 80
-31.342 11.387 1.657 0 8 255
-32.044 11.800 0.970 0 255 68
-32.384 12.004 1.475 0 255 102
-32.151 11.862 1.752 0 255 225
-31.385 11.385 0.719 0 0 255
-32.728 12.203 1.499 0 17 255
-32.507 12.061 1.081 0 255 80
-31.306 11.303 0.581 0 0 255
-32.356 11.982 1.595 0 255 174
-31.743 11.617 0.967 0 255 119
-31.923 11.714 1.328 0 255 136
-32.758 12.184 1.766 0 0 255
-31.388 11.393 1.721 0 0 255
-31.566 11.511 1.360 97 255 0
-32.231 11.896 1.684 0 255 51
-32.295 11.946 1.009 85 255 0
-31.686 11.578 1.459 93 255 0
-31.984 11.758 1.035 0 255 153
-31.766 11.627 1.642 0 255 140
-32.679 12.215 1.624 0 0 255
-31.951 11.739 1.428 46 255 0
-32.305 11.954 1.830 0 0 255
-31.869 11.692 1.051 12 255 0
-31.303 11.390 0.993 0 0 255
-32.746 12.170 1.320 0 34 255
-32.101 11.820 1.692 0 255 51
-32.768 12.165 1.255 0 255 102
-31.398 11.402 1.431 0 0 255
-32.704 12.213 1.409 0 255 161
-31.716 11.598 1.218 0 255 110
-32.666 12.164 0.583 0 0 255
-32.433 12.019 1.373 0 255 63
-31.644 11.553 1.487 0 255 29
-31.342 11.383 1.939 0 0 255
-31.783 11.634 1.619 0 255 46
-31.839 11.665 1.716 0 255 29
-31.647 11.553 1.858 0 0 255
-31.674 11.565 1.725 55 255 0
-32.736 12.212 1.580 0 0 255
-32.696 12.221 1.492 0 51 255
-32.355 11.973 1.141 0 255 72
-31.579 11.513 1.838 0 0 255
-32.351 11.972 1.089 85 255 0
-32.494 12.060 1.686 0 255 76
-32.663 12.188 0.294 0 0 255
-32.728 12.202 1.114 0 0 255
-32.576 12.091 1.067 0 0 255
-31.281 11.369 1.501 0 0 255
-31.538 11.487 1.231 114 255 0
-31.830 11.662 1.765 0 255 29
-32.325 11.961 1.423 0 255 97
-31.954 11.741 1.033 0 255 123
-31.333 11.385 1.901 0 0 255
-31.609 11.534 1.309 0 255 42
-31.331 11.386 1.799 0 0 255
-32.114 11.829 1.653 0 255 140
-32.643 12.139 1.735 0 17 255
-32.699 12.197 1.262 0 161 255
-31.766 11.627 1.226 0 255 12
-32.303 11.945 1.205 153 255 0
-31.745 11.615 1.275 0 25 255
-31.597 11.525 1.721 0 255 51
-31.668 11.566 1.640 0 255 25
-31.926 11.725 1.296 0 255 29
-31.506 11.467 1.241 0 255 157
-32.663 12.150 0.680 0 8 255
-31.524 11.481 1.010 0 255 76
-31.747 11.607 1.815 0 0 255
-32.051 11.797 1.180 0 255 165
-31.285 11.353 1.655 0 0 255
-31.974 11.751 1.796 0 255 144
-32.117 11.830 1.663 0 255 80
-31.345 11.388 1.894 0 0 255
-31.685 11.541 1.172 0 255 131
-31.305 11.396 1.486 0 8 255
-32.448 12.025 1.423 63 255 0
-31.271 11.276 0.544 0 0 255
-32.535 12.076 1.443 0 0 255
-31.326 11.381 1.696 0 0 255
-31.970 11.743 1.592 0 255 8
-32.406 12.021 1.546 0 255 195
-31.333 11.397 1.179 0 0 255
-31.387 11.410 0.998 0 0 255
-31.891 11.696 1.501 17 255 0
-31.328 11.388 1.861 0 0 255
-32.334 12.003 1.526 0 93 255
-31.485 11.458 1.064 0 0 255
-32.762 12.149 1.710 0 8 255
-31.341 11.383 0.326 0 8 255
-31.250 11.348 1.267 0 0 255
-31.982 11.750 1.273 0 255 34
-32.327 11.958 1.553 42 255 0
-32.131 11.845 1.420 0 255 25
-31.557 11.501 1.460 0 255 80
-31.733 11.605 1.697 0 255 0
-31.702 11.581 1.794 0 255 131
-31.397 11.403 1.770 0 17 255
-32.439 12.031 1.125 0 255 97
-32.540 12.082 1.270 0 8 255
-32.195 11.883 1.478 21 255 0
-31.841 11.672 1.818 0 255 216
-31.278 11.331 1.282 0 8 255
-31.953 11.745 1.286 0 255 55
-31.951 11.740 1.176 0 255 4
-32.707 12.214 1.054 0 0 255
-32.287 11.930 1.755 0 255 46
-31.952 11.740 1.251 0 255 17
-32.323 11.956 1.325 21 255 0
-31.737 11.613 1.368 34 255 0
-32.387 11.992 1.736 0 255 59
-31.520 11.473 1.843 0 255 233
-32.367 11.982 1.747 21 255 0
-31.327 11.389 1.850 0 0 255
-32.646 12.117 0.876 0 0 255
-32.744 12.195 0.993 0 0 255
-31.805 11.644 1.626 0 255 136
-31.271 11.324 1.583 0 0 255
-32.080 11.810 1.578 0 255 93
-32.699 12.205 1.315 0 255 187
-31.893 11.707 1.089 12 255 0
-32.701 12.200 1.623 0 0 255
-32.528 12.079 1.046 0 0 255
-32.462 12.031 1.600 0 255 229
-32.578 12.083 1.570 0 0 255
-32.711 12.214 1.403 0 255 225
-31.405 11.406 1.408 0 0 255
-31.890 11.703 1.229 0 255 17
-32.720 12.196 0.606 0 0 255
-32.168 11.861 1.600 0 255 12
-32.305 11.962 1.499 0 255 89
-32.734 12.220 1.375 0 0 255
-32.150 11.855 1.108 0 255 59
-32.709 12.226 0.424 0 0 255
-31.558 11.505 1.619 0 255 76
-31.693 11.582 1.678 0 255 182
-31.530 11.495 1.040 0 255 51
-31.758 11.637 0.938 0 0 255
-31.889 11.704 1.070 0 34 255
-31.870 11.685 1.533 0 255 12
-31.326 11.390 1.359 0 119 255
-31.341 11.385 1.858 0 0 255
-31.901 11.708 1.822 0 246 255
-31.789 11.637 1.607 0 255 46
-31.800 11.633 1.841 0 17 255
-32.436 12.023 1.029 102 255 0
-31.988 11.753 1.547 0 255 12
-32.400 12.006 0.975 42 255 0
-31.449 11.419 1.164 0 0 255
-31.894 11.698 1.813 0 255 4
-32.422 12.015 1.029 0 255 80
-32.180 11.873 1.682 0 255 80
-32.740 12.200 1.167 0 8 255
-32.483 12.062 1.573 0 255 123
-31.685 11.566 1.685 0 255 97
-31.302 11.376 1.735 0 0 255
-31.290 11.373 1.738 0 0 255
-32.613 12.108 1.074 0 0 255
-31.787 11.636 1.020 0 255 12
-32.395 11.989 1.759 0 255 157
-31.416 11.413 1.125 0 0 255
-31.636 11.550 1.578 0 255 8
-32.569 12.106 0.971 0 8 255
-32.706 12.121 0.629 0 0 255
-31.708 11.567 1.037 0 255 136
-31.299 11.383 1.760 0 0 255
-31.945 11.728 1.580 0 255 17
-31.446 11.421 1.753 0 0 255
-31.719 11.589 1.674 0 255 97
-32.570 12.101 1.638 0 0 255
-32.580 12.150 0.981 0 0 255
-31.692 11.582 1.031 0 255 17
-31.343 11.292 0.466 0 8 255
-31.684 11.579 1.420 0 255 140
-32.189 11.891 1.564 0 255 106
-32.415 12.003 1.450 42 255 0
-32.318 11.936 1.300 0 255 42
-31.534 11.486 1.770 68 255 0
-32.427 12.025 1.810 0 255 229
-31.287 11.329 1.223 0 0 255
-31.742 11.616 1.251 34 255 0
-31.344 11.247 1.022 0 195 255
-32.692 12.206 1.587 0 0 255
-31.981 11.749 1.636 0 255 157
-31.261 11.328 1.040 0 0 255
-32.675 12.148 0.554 0 0 255
-32.508 12.072 1.411 0 0 255
-32.508 12.067 1.629 0 8 255
-32.273 11.922 1.647 0 255 80
-31.653 11.559 1.273 0 255 21
-32.647 12.123 1.177 0 0 255
-32.122 11.841 1.689 0 8 255
-32.727 12.204 1.653 0 0 255
-31.314 11.388 1.592 0 0 255
-31.380 11.389 1.725 0 0 255
-32.078 11.816 1.216 0 255 204
-32.200 11.881 1.251 0 255 17
-32.234 11.893 1.625 0 255 38
-31.336 11.389 0.390 0 0 255
-31.766 11.628 1.876 0 0 255
-32.423 12.011 1.577 0 255 8
-31.866 11.690 1.063 4 255 0
-32.229 11.896 1.759 0 255 72
-32.274 11.928 1.673 12 255 0
-32.447 12.029 1.281 0 255 161
-31.272 11.365 1.676 0 0 255
-31.629 11.537 1.739 0 255 46
-32.513 12.069 1.307 0 255 106
-31.822 11.660 1.033 0 255 97
-31.334 11.390 1.826 0 0 255
-31.705 11.585 1.839 0 0 255
-31.906 11.713 1.819 0 0 255
-31.791 11.638 1.800 0 255 153
-31.556 11.507 1.384 0 255 25
-31.270 11.363 0.471 0 93 255
-32.759 12.156 0.586 0 0 255
-32.269 11.936 1.572 0 255 106
-32.415 12.006 1.798 0 255 63
-31.594 11.516 1.686 0 255 119
-31.391 11.393 1.472 0 25 255
-32.619 12.114 1.011 0 0 255
-31.436 11.387 1.371 0 0 255
-32.404 12.023 1.792 0 255 110
-31.883 11.697 1.003 0 255 4
-31.322 11.383 1.897 0 0 255
-32.212 11.850 0.957 0 187 255
-32.462 12.040 1.186 140 255 0
-32.507 12.071 1.158 0 25 255
-31.338 11.356 1.878 0 0 255
-31.950 11.725 1.600 59 255 0
-32.492 12.055 1.348 0 255 21
-32.329 11.962 1.067 55 255 0
-31.358 11.335 0.291 0 0 255
-31.461 11.454 0.986 0 0 255
-32.736 12.092 1.238 0 17 255
-31.501 11.474 1.568 0 0 255
-31.532 11.482 1.757 0 255 34
-31.604 11.529 1.739 0 255 80
-31.422 11.402 1.291 0 0 255
-31.861 11.691 1.086 4 255 0
-31.813 11.657 1.363 0 255 46
-31.845 11.673 1.484 0 255 29
-31.296 11.370 1.866 0 0 255
-31.850 11.674 1.588 0 255 110
-32.019 11.770 1.646 0 255 80
-32.239 11.904 1.751 0 255 140
-31.485 11.455 1.641 0 0 255
-32.739 12.191 1.381 0 0 255
-32.674 12.150 1.685 0 0 255
-32.293 11.937 1.829 0 0 255
-32.017 11.780 1.567 0 255 0
-31.940 11.729 1.557 0 255 157
-32.671 12.175 0.522 0 0 255
-31.333 11.388 1.543 0 8 255
-32.389 11.997 1.185 123 255 0
-32.373 11.998 1.729 0 255 80
-31.325 11.394 0.956 0 255 187
-32.660 12.209 0.995 0 0 255
-32.259 11.923 1.844 0 0 255
-31.668 11.563 1.722 0 255 38
-31.618 11.536 1.742 68 255 0
-32.533 12.047 1.035 0 8 255
-31.332 11.399 1.407 0 255 127
-31.514 11.473 1.403 0 0 255
-32.239 11.896 1.623 4 255 0
-31.621 11.543 1.031 0 255 8
-31.750 11.616 1.426 12 255 0
-32.265 11.943 1.526 0 255 89
-31.906 11.713 1.178 12 255 0
-32.333 11.966 1.137 148 255 0
-31.701 11.581 1.782 0 255 42
-31.694 11.579 1.717 46 255 0
-32.748 12.191 1.620 0 255 110
-31.375 11.395 1.234 0 0 255
-31.767 11.628 1.304 0 255 55
-32.121 11.838 1.487 0 255 55
-32.523 12.073 1.625 0 144 255
-31.298 11.379 1.958 0 0 255
-31.992 11.759 1.731 0 255 68
-31.379 11.392 1.554 0 0 255
-31.284 11.328 1.055 0 0 255
-31.465 11.428 1.591 0 0 255
-31.888 11.701 1.416 0 255 157
-32.784 12.150 0.442 0 0 255
-32.100 11.822 1.360 0 255 29
-31.687 11.577 1.399 0 255 76
-31.700 11.586 1.660 0 255 80
-31.824 11.661 1.804 0 255 93
-32.705 12.194 0.646 0 0 255
-32.223 11.894 1.588 0 255 157
-32.722 12.203 1.539 0 0 255
-31.560 11.510 0.966 0 255 106
-32.678 12.103 0.497 0 0 255
-31.853 11.680 1.346 0 255 55
-32.388 11.996 1.667 42 255 0
-31.536 11.488 1.541 42 255 0
-31.999 11.761 1.694 0 255 8
-32.596 12.108 1.561 0 0 255
-31.964 11.747 1.360 46 255 0
-32.187 11.882 0.958 0 255 89
-32.340 11.986 1.602 0 255 85
-31.305 11.396 0.344 0 0 255
-32.166 11.862 1.699 0 255 59
-32.692 12.198 0.511 0 0 255
-32.596 12.108 1.758 0 0 255
-32.631 12.119 1.065 0 0 255
-31.978 11.755 1.491 0 255 25
-31.318 11.390 1.950 0 0 255
-32.454 12.035 1.494 76 255 0
-31.611 11.536 1.305 0 255 97
-32.004 11.770 1.160 51 255 0
-31.365 11.381 1.600 0 0 255
-32.704 12.102 0.644 0 0 255
-31.338 11.389 1.873 0 0 255
-32.523 12.077 1.284 0 0 255
-31.358 11.345 1.060 0 255 212
-32.427 12.022 1.135 123 255 0
-32.377 11.988 1.774 0 255 72
-32.654 12.118 1.041 0 0 255
-32.673 12.180 1.765 0 0 255
-32.012 11.769 1.639 0 255 85
-31.963 11.739 1.616 0 255 17
-32.426 12.017 1.127 42 255 0
-31.291 11.382 1.650 0 0 255
-32.388 12.007 1.837 0 0 255
-31.664 11.560 1.505 76 255 0
-32.241 11.911 1.157 0 255 63
-32.684 12.184 1.309 0 0 255
-31.855 11.684 1.609 0 255 72
-32.735 12.180 0.785 0 0 255
-32.436 12.017 1.803 0 255 157
-32.206 11.886 1.694 0 255 17
-31.396 11.399 1.130 0 0 255
-31.418 11.406 1.750 0 17 255
-31.888 11.697 1.807 0 255 182
-32.718 12.132 0.647 0 0 255
-32.056 11.800 1.325 0 255 25
-32.680 12.195 1.739 0 0 255
-32.636 12.126 1.497 0 0 255
-31.327 11.391 0.313 0 0 255
-32.744 12.183 1.052 0 0 255
-31.780 11.626 1.595 131 255 0
-31.658 11.564 1.310 0 136 255
-32.735 12.133 1.777 0 0 255
-32.691 12.205 1.467 0 0 255
-32.010 11.779 1.845 0 0 255
-31.619 11.541 1.340 76 255 0
-32.628 12.265 0.202 0 0 255
-31.824 11.655 1.804 0 255 187
-31.934 11.720 1.650 0 255 97
-32.259 11.923 1.504 0 255 170
-32.002 11.770 1.463 0 255 17
-31.987 11.765 1.277 0 255 25
-32.410 12.001 1.739 34 255 0
-32.523 12.074 1.532 0 0 255
-31.869 11.689 1.087 0 255 38
-32.126 11.844 1.083 0 255 174
-32.278 11.935 1.811 0 0 255
-32.040 11.787 1.288 21 255 0
-32.668 12.166 0.357 0 0 255
-31.410 11.409 1.534 0 0 255
-32.547 12.073 1.607 0 0 255
-32.662 12.118 1.918 0 0 255
-32.214 11.896 1.123 0 255 59
-32.074 11.806 1.790 0 255 85
-31.470 11.423 1.139 0 0 255
-31.740 11.613 1.330 0 255 55
-32.376 11.996 1.668 0 255 165
-31.349 11.396 0.528 0 0 255
-31.516 11.487 1.526 0 102 255
-31.313 11.395 0.728 0 255 221
-31.718 11.596 1.375 55 255 0
-31.966 11.771 1.702 0 255 119
-32.377 11.988 1.260 0 255 72
-32.270 11.925 1.191 0 255 72
-31.423 11.416 1.767 0 0 255
-31.313 11.423 0.871 0 0 255
-31.281 11.367 1.633 0 0 255
-32.348 11.970 1.214 0 255 182
-31.287 11.359 1.754 0 0 255
-32.428 12.024 1.008 0 255 106
-31.912 11.711 1.726 0 255 12
-32.221 11.893 1.230 0 255 51
-31.307 11.396 1.791 0 0 255
-31.336 11.397 1.757 0 0 255
-31.754 11.625 1.478 0 255 46
-32.171 11.866 1.639 0 255 21
-31.268 11.360 1.019 0 0 255
-32.394 11.997 1.388 59 255 0
-32.210 11.890 1.708 0 255 12
-31.999 11.762 1.809 0 255 4
-31.981 11.757 1.101 0 255 38
-32.113 11.838 1.210 0 255 51
-31.843 11.670 1.489 0 255 51
-32.171 11.869 1.187 0 255 59
-32.485 12.047 1.702 12 255 0
-31.746 11.574 0.991 0 255 174
-31.535 11.482 1.588 0 255 21
-31.281 11.352 1.632 0 0 255
-31.377 11.392 1.014 0 8 255
-31.273 11.366 1.210 0 0 255
-32.008 11.769 1.590 0 255 4
-32.705 12.207 0.958 0 8 255
-31.341 11.388 0.815 0 0 255
-31.870 11.683 1.637 0 255 114
-32.675 12.176 1.775 0 0 255
-32.365 11.975 1.809 0 255 221
-32.445 12.022 1.711 0 255 63
-32.226 11.901 0.982 0 255 68
-31.357 11.389 1.759 0 0 255
-31.951 11.731 1.740 0 255 144
-32.321 11.975 1.685 0 255 89
-32.454 12.026 1.778 0 255 59
-31.338 11.400 1.308 0 85 255
-32.593 12.101 1.103 0 0 255
-32.540 12.081 1.798 0 8 255
-32.291 11.940 1.065 68 255 0
-32.440 12.019 1.550 0 255 51
-31.289 11.383 1.334 0 0 255
-32.210 11.893 1.493 72 255 0
-31.326 11.382 1.791 0 0 255
-31.308 11.379 1.908 0 0 255
-31.308 11.380 1.700 0 8 255
-32.016 11.769 1.488 0 255 55
-31.287 11.321 1.794 0 255 127
-31.324 11.388 0.853 0 0 255
-31.936 11.728 1.208 0 255 8
-32.265 11.918 1.713 0 255 68
-32.224 11.901 1.491 17 255 0
-32.440 12.011 1.266 0 255 55
-31.980 11.769 1.758 0 255 136
-31.904 11.706 1.027 0 212 255
-32.577 12.099 1.090 0 0 255
-31.648 11.558 1.326 0 255 51
-32.053 11.791 1.409 0 255 21
-32.227 11.897 1.307 76 255 0
-31.954 11.736 1.520 0 255 25
-32.678 12.186 1.156 0 0 255
-32.149 11.850 1.438 0 255 38
-31.455 11.426 1.669 0 8 255
-31.956 11.738 1.096 12 255 0
-31.365 11.384 1.614 0 0 255
-32.738 12.198 1.377 0 25 255
-31.754 11.621 1.371 0 255 46
-31.487 11.439 1.781 0 0 255
-32.736 12.201 1.764 0 0 255
-31.287 11.362 1.871 0 0 255
-32.136 11.843 1.599 46 255 0
-32.225 11.900 1.359 0 255 178
-31.694 11.576 1.643 51 255 0
-31.822 11.661 1.296 0 255 17
-32.689 12.213 1.550 0 0 255
-32.608 12.093 1.378 0 0 255
-31.884 11.704 1.127 0 255 127
-31.505 11.473 1.620 0 0 255
-31.778 11.640 1.167 0 255 8
-31.893 11.705 1.061 0 255 42
-32.312 11.947 1.651 0 255 8
-32.169 11.874 1.158 0 255 110
-32.166 11.868 1.356 0 255 12
-32.119 11.836 1.825 0 255 114
-31.509 11.492 1.430 0 255 216
-32.209 11.884 1.647 0 255 46
-32.271 11.929 1.252 0 255 59
-31.379 11.386 1.682 0 0 255
-31.358 11.374 0.532 0 0 255
-32.007 11.752 1.301 0 255 12
-31.809 11.648 1.023 0 255 4
-32.703 12.212 1.814 0 0 255
-32.315 11.968 1.322 0 255 93
-31.879 11.690 1.486 0 255 0
-32.711 12.213 1.888 0 0 255
-32.297 11.933 1.570 0 255 76
-31.829 11.660 1.663 0 255 110
-31.485 11.457 1.075 0 255 178
-32.049 11.796 1.183 0 255 25
-32.143 11.848 1.178 0 255 102
-32.446 12.032 0.944 0 255 119
-31.431 11.421 1.787 0 8 255
-31.387 11.338 0.558 0 25 255
-32.533 12.080 1.696 0 0 255
-31.786 11.641 1.498 0 255 51
-31.294 11.383 1.206 0 0 255
-31.917 11.714 1.552 0 255 106
-31.292 11.262 0.483 0 0 255
-31.360 11.308 1.481 0 0 255
-32.312 11.945 1.486 0 255 157
-32.212 11.891 1.251 0 255 178
-31.655 11.555 1.328 63 255 0
-31.496 11.423 1.386 0 0 255
-32.740 12.199 1.203 0 0 255
-32.055 11.797 1.682 0 255 144
-31.409 11.400 1.037 0 17 255
-31.618 11.542 0.946 0 0 255
-31.550 11.502 1.194 0 25 255
-32.193 11.880 1.662 0 255 17
-31.354 11.380 1.591 0 0 255
-31.364 11.389 1.851 0 17 255
-32.518 12.079 1.344 0 17 255
-31.344 11.391 1.880 0 0 255
-32.294 11.935 1.787 0 255 46
-32.413 12.021 1.654 0 246 255
-32.522 12.074 1.597 0 51 255
-31.453 11.429 1.105 0 0 255
-32.476 12.041 1.621 0 255 8
-31.641 11.563 0.957 0 255 174
-31.278 11.379 0.935 0 0 255
-31.933 11.724 1.526 0 255 8
-31.323 11.398 1.452 0 8 255
-32.277 11.921 1.636 0 255 63
-31.647 11.552 1.834 0 0 255
-31.717 11.593 1.762 0 255 123
-31.374 11.380 1.491 0 0 255
-32.644 12.127 1.166 0 0 255
-31.940 11.733 1.009 0 255 34
-32.490 12.055 1.140 0 204 255
-32.281 11.893 1.371 0 255 68
-31.335 11.394 1.200 0 0 255
-31.887 11.698 1.544 0 255 68
-31.323 11.398 1.838 0 0 255
-32.420 12.008 1.118 0 255 76
-31.968 11.751 1.338 46 255 0
-31.736 11.608 1.548 0 255 76
-32.386 11.984 1.760 0 255 55
-32.743 12.076 0.271 0 0 255
-32.532 12.082 1.467 0 8 255
-31.341 11.395 1.819 0 0 255
-31.661 11.567 1.022 0 255 153
-31.335 11.407 0.708 0 0 255
-32.418 12.023 1.304 0 255 246
-32.291 11.935 1.707 0 255 63
-31.962 11.689 1.126 0 255 170
-31.717 11.596 1.655 0 255 127
-32.718 12.214 1.160 0 0 255
-32.235 11.901 1.671 0 255 12
-32.325 11.953 1.481 8 255 0
-32.346 11.970 1.101 0 255 76
-32.729 12.145 1.286 0 0 255
-31.321 11.386 1.764 0 0 255
-31.898 11.707 1.054 0 255 12
-31.485 11.438 1.504 0 0 255
-32.387 11.986 1.639 0 255 63
-32.005 11.768 0.956 0 0 255
-31.522 11.475 1.450 8 255 0
-32.436 12.032 1.530 0 255 89
-32.347 11.992 1.792 0 255 110
-31.584 11.518 1.828 0 93 255
-32.735 12.202 0.842 0 0 255
-31.507 11.481 1.061 0 0 255
-31.657 11.561 1.594 0 255 85
-31.457 11.415 1.494 0 0 255
-31.707 11.592 1.336 29 255 0
-31.723 11.598 1.556 0 255 72
-31.623 11.538 1.572 0 255 106
-32.252 11.914 1.578 0 255 157
-31.559 11.492 1.691 85 255 0
-31.872 11.692 1.392 12 255 0
-32.009 11.776 1.569 0 255 148
-31.767 11.628 1.518 0 255 59
-32.677 12.167 1.680 0 0 255
-32.505 12.059 1.702 8 255 0
-31.356 11.375 0.578 0 0 255
-31.691 11.583 1.650 0 255 59
-31.540 11.483 1.587 42 255 0
-31.516 11.469 1.809 0 255 17
-32.709 12.212 1.074 0 0 255
-31.871 11.688 1.074 0 255 25
-32.517 12.073 1.136 0 8 255
-32.742 12.139 0.407 0 0 255
-31.931 11.727 1.074 0 255 38
-32.169 11.868 1.515 55 255 0
-31.519 11.474 1.240 8 255 0
-31.802 11.651 1.798 0 255 76
-31.995 11.759 1.600 0 255 68
-32.302 11.942 1.180 0 255 76
-31.425 11.405 1.745 0 0 255
-31.727 11.612 0.943 0 51 255
-31.327 11.388 0.524 0 0 255
-31.842 11.676 1.279 0 255 42
-32.737 12.140 0.848 0 255 242
-31.779 11.630 1.330 0 255 12
-32.503 12.054 1.678 0 255 110
-31.937 11.723 1.425 0 255 55
-31.324 11.382 0.760 0 0 255
-31.710 11.594 1.746 0 255 89
-31.564 11.510 1.057 0 255 106
-32.412 12.002 1.636 0 255 191
-31.752 11.620 1.802 0 255 110
-31.490 11.451 1.096 0 8 255
-31.948 11.732 1.481 8 255 0
-32.233 11.898 1.730 4 255 0
-31.533 11.483 1.712 0 255 106
-32.684 12.208 1.151 0 0 255
-31.357 11.336 0.890 0 255 195
-32.454 12.037 1.149 127 255 0
-32.404 12.005 1.446 0 255 106
-31.456 11.415 1.657 0 0 255
-32.283 11.936 1.271 93 255 0
-32.748 12.173 1.651 0 59 255
-31.866 11.681 1.730 0 255 114
-31.578 11.518 1.298 0 255 4
-32.604 12.054 1.567 0 0 255
-32.745 12.142 0.404 0 0 255
-32.349 11.962 1.660 0 255 63
-31.365 11.387 1.381 0 0 255
-32.740 12.211 1.397 0 17 255
-32.456 12.046 0.939 0 42 255
-31.651 11.560 1.355 25 255 0
-32.528 12.081 1.233 0 0 255
-31.672 11.562 1.679 0 255 114
-32.191 11.886 1.166 68 255 0
-31.530 11.478 1.392 0 76 255
-31.595 11.525 1.227 46 255 0
-32.725 12.213 1.516 0 8 255
-31.442 11.432 1.066 0 0 255
-31.326 11.392 1.484 0 255 157
-32.438 12.016 1.587 0 255 63
-32.109 11.825 1.750 8 255 0
-31.306 11.390 1.276 0 119 255
-31.524 11.481 1.506 0 255 21
-31.340 11.387 1.044 0 17 255
-32.104 11.821 1.784 0 255 76
-31.271 11.324 1.948 0 0 255
-32.322 11.949 1.464 0 255 68
-31.714 11.597 1.170 21 255 0
-32.388 11.994 1.150 0 255 85
-31.500 11.469 1.189 0 255 119
-31.301 11.387 1.234 0 144 255
-31.334 11.389 1.158 0 0 255
-32.273 11.920 1.599 0 255 59
-31.961 11.745 1.408 0 255 12
-32.139 11.845 1.498 0 255 21
-32.676 12.178 1.539 0 204 255
-32.729 12.206 0.846 0 0 255
-32.251 11.914 1.684 0 255 80
-32.064 11.782 0.920 0 0 255
-31.351 11.387 1.662 0 0 255
-31.957 11.748 0.939 0 68 255
-31.805 11.653 1.199 0 255 4
-32.016 11.770 1.421 0 255 17
-31.987 11.762 1.479 0 255 4
-32.719 12.201 0.787 0 0 255
-31.769 11.624 1.698 34 255 0
-32.527 12.074 1.261 0 8 255
-31.920 11.722 1.110 17 255 0
-31.292 11.377 1.909 0 0 255
-32.674 12.209 1.813 0 0 255
-31.714 11.600 1.626 0 255 68
-31.731 11.606 1.553 68 255 0
-31.322 11.406 1.365 0 0 255
-32.038 11.784 1.679 0 255 12
-31.323 11.390 1.347 0 0 255
-32.067 11.804 1.675 0 255 55
-32.311 11.968 1.754 0 255 114
-32.730 12.219 1.370 0 255 165
-31.522 11.482 1.059 29 255 0
-31.940 11.735 1.330 0 255 25
-32.375 11.991 1.321 0 255 106
-31.273 11.359 1.714 0 0 255
-31.480 11.453 1.149 0 0 255
-32.313 11.932 1.825 0 0 255
-31.356 11.301 1.050 0 170 255
-32.283 11.935 1.124 55 255 0
-32.730 12.126 0.507 0 0 255
-31.987 11.754 1.560 0 255 12
-32.179 11.814 0.922 0 221 255
-32.023 11.782 1.494 0 255 17
-31.341 11.378 0.849 0 59 255
-31.315 11.387 1.297 0 0 255
-32.272 11.946 1.575 0 255 89
-31.345 11.224 0.446 0 0 255
-31.884 11.706 1.241 0 255 21
-32.373 11.983 1.800 0 255 114
-32.704 12.100 1.562 0 0 255
-32.117 11.830 1.764 0 255 46
-31.275 11.379 1.322 0 255 153
-32.098 11.829 1.079 34 255 0
-31.982 11.759 0.972 0 255 63
-32.082 11.816 1.312 0 17 255
-32.401 11.997 1.602 46 255 0
-32.410 12.008 1.139 29 255 0
-31.669 11.565 1.602 0 255 21
-32.127 11.837 1.756 0 255 42
-31.984 11.775 1.548 0 255 161
-31.347 11.389 1.236 0 25 255
-32.630 12.123 1.296 0 0 255
-32.120 11.839 1.297 0 255 29
-32.382 11.998 1.481 0 255 182
-31.685 11.579 1.459 17 255 0
-31.539 11.481 1.367 242 255 0
-32.294 11.957 1.727 0 255 114
-32.232 11.903 1.348 0 255 51
-31.769 11.592 1.713 0 255 144
-31.649 11.556 1.509 85 255 0
-31.550 11.488 1.794 72 255 0
-31.413 11.404 1.137 0 0 255
-31.457 11.427 1.615 0 0 255
-31.851 11.684 1.133 4 255 0
-32.047 11.787 1.424 8 255 0
-31.890 11.706 0.951 0 255 225
-32.656 12.111 1.488 0 0 255
-32.081 11.821 1.824 0 0 255
-32.314 11.949 1.571 34 255 0
-31.295 11.385 1.659 0 0 255
-32.511 12.071 0.929 0 0 255
-32.407 12.002 1.592 59 255 0
-32.038 11.789 1.654 0 255 46
-31.397 11.307 1.476 0 0 255
-32.041 11.787 1.611 0 255 46
-31.322 11.390 1.926 0 0 255
-31.808 11.653 1.738 0 255 72
-31.336 11.390 1.842 0 0 255
-32.406 12.008 1.221 51 255 0
-32.281 11.939 1.364 0 255 110
-31.315 11.386 0.977 0 0 255
-32.215 11.893 1.483 85 255 0
-31.562 11.508 1.816 0 246 255
-32.291 11.937 1.163 72 255 0
-31.947 11.731 1.291 38 255 0
-31.512 11.461 1.629 0 0 255
-32.225 11.898 1.802 0 255 161
-32.304 11.956 1.449 0 255 136
-32.062 11.819 1.836 0 0 255
-32.294 11.968 1.239 0 255 55
-32.408 12.008 1.509 0 255 63
-32.147 11.852 1.260 0 255 106
-32.373 11.983 1.739 0 255 55
-32.029 11.787 1.787 0 255 85
-32.155 11.851 1.695 0 255 72
-31.980 11.753 1.351 0 255 106
-32.356 11.967 1.656 8 255 0
-31.813 11.654 1.553 0 255 38
-31.913 11.709 1.647 0 255 85
-32.134 11.842 0.946 0 187 255
-31.834 11.673 0.969 0 255 63
-32.236 11.906 1.810 0 255 55
-32.610 12.101 1.586 0 0 255
-32.464 12.045 1.651 0 255 165
-31.779 11.634 1.788 0 255 106
-31.515 11.480 1.172 0 255 199
-32.305 11.948 1.340 68 255 0
-32.673 12.152 1.504 0 0 255
-32.080 11.812 1.367 0 255 195
-32.165 11.857 1.379 55 255 0
-32.703 12.206 1.770 0 0 255
-31.995 11.768 1.309 0 255 4
-32.149 11.858 1.245 0 255 21
-32.149 11.856 1.333 0 255 46
-31.448 11.429 1.792 0 0 255
-32.085 11.812 1.617 0 255 8
-31.388 11.361 1.177 0 0 255
-32.041 11.784 1.691 0 255 34
-32.256 11.921 1.816 0 68 255
-32.017 11.782 1.222 0 255 123
-31.839 11.666 1.575 0 255 68
-31.726 11.605 0.998 0 255 106
-31.497 11.459 1.154 0 0 255
-32.518 12.074 1.533 0 255 208
-32.158 11.860 1.776 0 255 21
-32.466 12.041 1.018 0 255 85
-32.258 11.920 1.352 0 255 114
-32.290 11.942 0.964 0 255 46
-31.734 11.608 1.382 0 255 17
-31.717 11.598 1.484 38 255 0
-32.536 12.076 1.623 0 0 255
-31.391 11.352 0.296 0 0 255
-31.512 11.485 1.842 0 0 255
-32.381 11.995 1.816 0 161 255
-31.431 11.404 1.571 0 8 255
-31.422 11.418 1.775 0 0 255
-32.703 12.114 1.154 0 0 255
-31.886 11.701 1.317 0 255 12
-32.169 11.866 1.072 0 255 178
-31.337 11.385 1.077 0 0 255
-32.254 11.918 1.728 0 255 68
-31.545 11.499 1.079 4 255 0
-31.658 11.558 1.775 0 255 51
-32.113 11.829 1.702 0 255 80
-32.272 11.932 1.440 17 255 0
-32.745 12.186 0.220 0 0 255
-31.689 11.580 1.086 246 255 0
-31.988 11.764 1.773 0 255 157
-32.572 12.097 1.564 0 0 255
-32.659 12.135 1.452 0 0 255
-31.908 11.713 0.970 0 255 46
-32.735 12.207 1.564 0 0 255
-32.437 11.987 1.418 0 255 76
-31.438 11.439 1.776 0 0 255
-32.159 11.860 1.542 55 255 0
-31.647 11.522 1.867 0 0 255
-31.457 11.439 1.805 0 0 255
-31.607 11.537 1.398 0 255 0
-32.410 11.999 1.729 0 255 4
-32.398 11.998 1.806 0 255 165
-32.449 12.022 1.702 0 255 63
-31.624 11.538 1.765 0 255 51
-31.819 11.656 1.366 0 255 63
-32.467 12.047 1.335 0 255 174
-32.031 11.791 1.328 0 255 8
-31.462 11.431 1.718 0 0 255
-32.409 12.002 1.640 55 255 0
-32.041 11.787 1.593 4 255 0
-32.353 11.971 1.788 0 255 63
-32.144 11.861 0.989 4 255 0
-31.860 11.686 1.834 0 0 255
-32.582 12.105 1.700 0 0 255
-31.837 11.663 1.728 0 255 29
-32.397 11.998 1.000 140 255 0
-32.244 11.902 1.622 0 255 34
-32.640 12.085 1.047 0 0 255
-32.219 11.893 1.725 0 255 38
-32.645 12.088 1.174 0 0 255
-31.806 11.649 1.330 0 255 25
-31.585 11.516 1.446 0 8 255
-31.360 11.390 1.260 0 0 255
-32.701 12.227 0.612 0 0 255
-32.684 12.126 1.918 0 0 255
-32.729 12.222 1.786 0 0 255
-32.377 11.983 1.441 21 255 0
-32.543 12.108 1.338 0 0 255
-31.533 11.488 1.184 72 255 0
-31.983 11.752 1.666 0 255 12
-32.399 11.995 1.612 0 255 59
-32.311 11.955 1.187 89 255 0
-32.125 11.858 1.578 0 255 127
-31.364 11.369 1.700 0 0 255
-32.762 12.194 1.693 0 8 255
-32.679 12.108 1.180 0 0 255
-32.074 11.805 1.671 0 255 89
-31.902 11.707 1.183 0 255 34
-32.470 12.037 1.319 157 255 0
-31.365 11.370 0.488 0 0 255
-32.631 12.127 1.787 0 0 255
-32.550 12.077 1.541 0 8 255
-31.808 11.651 1.528 34 255 0
-32.178 11.876 0.978 38 255 0
-32.032 11.786 1.331 0 255 165
-32.257 11.920 1.170 0 255 0
-31.527 11.485 1.424 0 255 76
-31.347 11.308 1.167 0 0 255
-32.126 11.846 1.176 0 255 29
-32.326 11.957 1.506 51 255 0
-31.985 11.756 1.563 0 255 106
-31.532 11.491 1.325 0 255 76
-32.220 11.900 1.070 12 255 0
-31.303 11.383 1.856 0 0 255
-32.090 11.820 1.236 0 255 38
-31.870 11.682 1.663 0 255 80
-31.433 11.407 1.572 0 0 255
-32.070 11.813 1.141 21 255 0
-32.629 12.131 1.257 0 17 255
-31.283 11.374 1.551 0 17 255
-31.839 11.671 0.933 0 0 255
-31.455 11.370 1.658 0 0 255
-32.603 12.150 1.804 0 0 255
-32.381 11.988 1.121 25 255 0
-32.217 11.890 1.768 0 255 25
-32.716 12.209 1.610 0 0 255
-32.238 11.916 1.376 0 255 110
-32.182 11.875 1.596 0 255 153
-32.361 11.979 1.180 0 255 68
-31.425 11.411 1.132 0 8 255
-31.732 11.602 1.646 0 255 42
-32.321 11.970 1.662 0 255 72
-32.518 12.076 1.298 0 25 255
-32.183 11.878 1.186 68 255 0
-31.750 11.602 1.664 0 255 89
-32.316 11.963 1.449 0 255 72
-31.796 11.642 1.083 4 255 0
-31.429 11.416 1.612 0 0 255
-31.626 11.546 1.158 68 255 0
-32.694 12.203 1.821 0 0 255
-31.565 11.504 1.334 0 255 174
-31.738 11.609 1.356 34 255 0
-31.286 11.322 1.776 0 0 255
-32.040 11.781 1.218 17 255 0
-31.882 11.728 1.084 0 255 110
-32.489 12.052 1.661 0 255 170
-32.315 11.954 1.629 0 255 63
-32.512 12.077 1.537 0 8 255
-31.428 11.408 1.546 0 0 255
-31.398 11.404 1.791 0 8 255
-31.499 11.469 1.620 0 0 255
-32.118 11.844 1.344 0 255 119
-32.600 12.128 1.514 0 0 255
-31.804 11.647 1.479 0 255 51
-31.280 11.369 1.560 0 0 255
-31.326 11.386 1.804 0 0 255
-31.573 11.517 1.268 0 255 59
-31.343 11.388 0.927 0 0 255
-32.199 11.877 1.727 0 255 72
-31.351 11.376 1.528 0 0 255
-31.866 11.682 1.719 12 255 0
-32.053 11.804 0.978 0 255 51
-32.146 11.854 1.342 21 255 0
-32.040 11.749 1.842 0 85 255
-31.720 11.612 1.834 0 0 255
-31.396 11.400 1.133 0 0 255
-31.965 11.746 0.971 0 255 157
-31.977 11.757 1.390 0 255 17
-31.673 11.572 1.175 0 255 17
-32.249 11.916 1.313 76 255 0
-32.319 11.934 1.221 0 255 55
-32.110 11.828 1.203 51 255 0
-31.306 11.394 1.068 0 0 255
-31.306 11.392 1.888 0 0 255
-32.222 11.892 1.608 0 255 55
-32.347 11.963 1.653 0 255 29
-32.026 11.782 1.638 0 255 29
-31.526 11.458 0.932 0 0 255
-31.298 11.461 0.212 0 0 255
-32.362 11.991 1.383 0 255 97
-31.904 11.709 1.422 0 255 34
-32.166 11.861 1.450 38 255 0
-31.532 11.481 1.677 0 255 255
-31.981 11.753 1.739 0 255 68
-32.460 12.036 1.212 0 255 106
-32.499 12.062 1.816 0 0 255
-32.536 12.077 1.709 0 0 255
-32.703 12.212 1.894 0 0 255
-32.396 11.996 1.814 0 0 255
-31.924 11.724 1.612 0 255 153
-31.857 11.688 1.735 0 255 93
-31.840 11.667 1.707 0 255 161
-32.121 11.834 1.593 0 255 21
-31.322 11.389 1.777 0 0 255
-32.213 11.897 1.201 0 255 4
-32.075 11.812 1.018 0 255 8
-32.109 11.829 0.989 0 25 255
-32.546 12.091 1.769 0 0 255
-32.558 12.096 1.739 0 0 255
-32.179 11.874 1.678 0 255 114
-31.335 11.397 0.311 0 0 255
-31.877 11.688 1.506 0 255 72
-32.240 11.905 1.569 4 255 0
-32.729 12.124 0.290 0 0 255
-32.431 12.018 0.937 0 0 255
-32.256 11.924 1.129 0 255 4
-31.905 11.706 1.650 4 255 0
-32.642 12.106 1.014 0 0 255
-32.096 11.827 1.651 0 255 29
-32.476 12.044 1.800 0 255 76
-32.737 12.212 1.544 0 0 255
-31.780 11.637 1.544 0 255 29
-32.118 11.830 1.728 17 255 0
-31.518 11.475 1.391 0 255 42
-31.802 11.645 1.737 0 255 29
-32.710 12.113 0.879 0 0 255
-32.130 11.846 1.559 4 255 0
-31.993 11.761 1.372 0 255 12
-31.314 11.383 1.727 0 0 255
-31.340 11.396 1.666 0 34 255
-32.667 12.155 1.545 0 0 255
-32.733 12.205 1.788 0 0 255
-32.518 12.073 1.253 0 8 255
-31.635 11.547 1.752 0 255 127
-31.443 11.448 1.345 0 0 255
-31.911 11.710 1.789 0 255 89
-32.706 12.212 1.385 0 170 255
-31.658 11.566 0.965 0 255 136
-32.382 11.989 1.240 46 255 0
-32.540 12.083 1.178 0 25 255
-32.254 11.921 1.055 0 255 97
-31.813 11.656 1.563 38 255 0
-32.230 11.899 1.822 0 51 255
-31.815 11.651 1.630 0 255 114
-31.970 11.750 1.031 0 255 29
-32.151 11.857 1.408 0 255 17
-31.752 11.618 1.628 0 255 76
-32.703 12.203 1.738 0 0 255
-31.658 11.565 1.008 0 255 12
-31.696 11.579 1.760 0 255 127
-32.631 12.123 1.425 0 0 255
-31.935 11.727 1.520 29 255 0
-31.975 11.749 1.267 0 255 106
-32.284 11.927 1.773 0 255 42
-32.484 12.055 1.460 0 255 93
-31.536 11.484 1.697 0 0 255
-32.054 11.795 1.810 0 255 208
-32.656 12.209 0.509 0 0 255
-31.602 11.530 1.610 0 255 17
-31.299 11.384 1.101 0 0 255
-31.495 11.466 1.806 0 0 255
-32.390 11.992 1.795 0 255 59
-32.541 12.085 1.689 0 0 255
-31.957 11.733 1.563 0 0 255
-32.498 12.059 1.710 59 255 0
-31.357 11.354 1.762 0 102 255
-32.712 12.186 0.207 0 8 255
-31.508 11.476 1.226 0 255 174
-31.363 11.382 1.175 0 0 255
-32.187 11.879 1.119 0 255 63
-32.593 12.074 0.997 0 0 255
-32.451 12.026 1.772 0 255 4
-31.373 11.388 1.205 0 0 255
-32.308 11.943 1.710 0 255 59
-31.938 11.729 0.967 0 255 97
-31.715 11.592 1.480 0 255 17
-32.148 11.854 1.613 0 255 21
-32.545 12.088 1.563 0 0 255
-31.931 11.722 1.761 0 255 17
-31.868 11.682 1.737 0 255 4
-32.340 11.968 1.535 51 255 0
-31.696 11.585 1.804 0 255 148
-31.346 11.391 1.615 0 25 255
-32.710 12.213 1.133 0 8 255
-32.406 12.000 1.718 0 255 63
-31.690 11.575 1.815 0 255 208
-31.384 11.298 0.272 0 0 255
-31.359 11.328 0.357 0 0 255
-31.722 11.600 0.999 0 255 157
-32.113 11.856 1.702 0 255 106
-31.801 11.641 1.666 0 255 106
-31.352 11.389 1.541 0 0 255
-32.663 12.167 1.450 0 0 255
-32.192 11.876 1.606 0 255 80
-32.389 11.993 1.767 29 255 0
-32.747 12.119 0.587 0 0 255
-31.384 11.383 1.728 0 0 255
-32.674 12.191 0.316 0 0 255
-31.736 11.611 1.432 21 255 0
-32.159 11.868 1.326 17 255 0
-31.338 11.387 1.794 0 0 255
-32.698 12.221 1.901 0 0 255
-32.022 11.784 1.133 0 255 17
-32.486 12.056 1.473 0 34 255
-32.731 12.181 0.386 0 0 255
-31.830 11.661 1.335 17 255 0
-32.303 11.955 1.630 0 255 102
-31.957 11.741 1.099 0 255 38
-31.412 11.404 1.072 0 0 255
-32.494 12.054 1.286 110 255 0
-32.269 11.918 1.732 4 255 0
-32.321 11.956 1.025 89 255 0
-31.302 11.424 1.515 0 0 255
-31.319 11.396 1.446 0 0 255
-32.195 11.892 0.939 0 8 255
-31.938 11.728 1.639 0 255 4
-32.272 11.919 1.529 25 255 0
-31.369 11.385 1.404 0 0 255
-32.625 12.082 1.493 0 0 255
-32.743 12.151 0.732 0 0 255
-32.535 12.080 1.506 0 0 255
-32.492 12.062 1.805 0 119 255
-31.790 11.641 1.036 0 255 4
-32.753 12.177 1.663 0 255 199
-32.696 12.219 1.927 0 0 255
-32.640 12.121 1.731 0 8 255
-32.689 12.208 1.663 0 0 255
-31.628 11.550 1.102 0 255 153
-32.655 12.150 1.366 0 0 255
-32.729 12.223 1.380 0 0 255
-31.693 11.585 1.603 63 255 0
-31.380 11.398 1.339 0 0 255
-32.122 11.834 1.712 0 255 93
-31.600 11.520 1.804 0 255 110
-31.325 11.388 1.576 0 0 255
-32.768 12.157 0.323 0 51 255
-32.637 12.137 0.955 0 0 255
-31.264 11.318 0.451 0 0 255
-32.632 12.117 1.111 0 0 255
-32.371 11.985 1.484 25 255 0
-32.056 11.794 1.662 0 255 97
-31.311 11.382 1.731 0 0 255
-32.299 11.945 1.284 144 255 0
-31.308 11.389 1.226 0 51 255
-32.233 11.904 1.075 76 255 0
-32.326 11.964 1.802 0 255 161
-31.925 11.720 1.578 25 255 0
-31.684 11.574 1.534 68 255 0
-32.467 12.037 1.778 0 255 59
-31.412 11.400 1.699 0 0 255
-31.576 11.516 1.082 0 161 255
-32.291 11.943 1.370 0 255 55
-31.258 11.347 1.942 0 0 255
-32.680 12.174 1.860 0 0 255
-32.426 12.018 1.191 0 255 182
-32.207 11.888 1.795 0 255 59
-31.935 11.731 1.283 0 255 21
-32.677 12.210 1.266 0 0 255
-31.778 11.629 1.343 0 255 51
-31.877 11.691 1.504 17 255 0
-32.259 11.933 1.341 0 255 93
-31.320 11.385 1.483 0 0 255
-31.963 11.745 1.537 0 255 55
-31.466 11.413 1.132 0 8 255
-32.649 12.131 1.356 0 0 255
-31.362 11.384 1.346 0 0 255
-31.734 11.609 1.399 0 255 42
-31.262 11.327 1.702 0 0 255
-32.054 11.801 1.329 17 255 0
-31.857 11.676 1.781 0 255 46
-31.845 11.674 1.223 0 255 51
-31.446 11.429 1.143 0 0 255
-32.475 12.039 1.591 0 255 55
-32.482 12.060 1.687 0 255 148
-31.468 11.436 1.163 0 17 255
-31.373 11.392 1.109 0 0 255
-31.363 11.378 1.655 0 0 255
-31.348 11.380 1.612 0 0 255
-31.758 11.620 1.269 0 255 21
-32.723 12.193 0.799 0 0 255
-31.495 11.466 1.618 0 255 127
-32.172 11.859 1.655 0 255 72
-32.744 12.135 0.818 0 0 255
-32.124 11.845 1.576 0 255 119
-32.275 11.929 1.238 4 255 0
-32.602 12.101 1.574 0 0 255
-31.712 11.592 1.467 0 255 51
-31.886 11.691 1.475 0 255 8
-31.512 11.475 1.055 0 25 255
-31.336 11.388 1.118 0 0 255
-31.623 11.521 1.816 0 17 255
-32.637 12.194 0.248 0 0 255
-32.097 11.822 1.307 29 255 0
-31.648 11.556 1.211 0 255 4
-32.075 11.813 1.433 17 255 0
-32.496 12.060 1.166 0 195 255
-32.055 11.798 1.800 0 255 140
-32.273 11.922 1.656 0 255 59
-32.212 11.885 1.732 0 255 51
-32.096 11.813 1.620 4 255 0
-31.823 11.659 1.439 8 255 0
-31.921 11.720 1.407 0 255 157
-32.742 12.204 1.684 0 0 255
-32.676 12.194 1.156 0 136 255
-32.365 11.975 1.610 0 255 59
-32.252 11.914 1.248 93 255 0
-32.318 11.948 1.492 0 255 63
-31.640 11.546 1.323 25 255 0
-32.453 12.033 1.481 127 255 0
-31.882 11.700 1.809 0 255 216
-32.615 12.098 1.014 0 0 255
-31.468 11.423 1.146 0 8 255
-31.359 11.388 0.981 0 0 255
-31.714 11.592 1.683 0 255 46
-32.284 11.934 1.172 72 255 0
-32.243 11.911 1.581 0 17 255
-32.402 12.002 1.342 51 255 0
-31.750 11.621 1.098 0 255 38
-31.599 11.562 0.922 0 0 255
-31.307 11.426 1.137 0 0 255
-31.543 11.482 1.685 0 255 110
-31.732 11.613 1.836 0 59 255
-31.612 11.530 1.751 0 255 127
-31.283 11.368 1.664 0 0 255
-32.751 12.197 1.529 0 0 255
-32.234 11.897 1.579 4 255 0
-31.352 11.371 1.872 0 85 255
-31.600 11.532 0.951 0 0 255
-32.398 11.949 1.301 0 255 161
-31.694 11.587 0.980 0 255 106
-31.468 11.439 1.610 0 0 255
-32.749 12.123 0.918 0 0 255
-32.260 11.915 1.645 0 255 80
-32.152 11.862 1.328 51 255 0
-31.971 11.746 1.110 0 255 114
-32.158 11.861 1.752 0 255 157
-32.648 12.132 1.461 0 0 255
-31.335 11.402 1.927 0 0 255
-31.376 11.301 0.916 0 34 255
-31.877 11.688 1.717 8 255 0
-31.587 11.512 1.213 89 255 0
-31.268 11.352 1.573 0 0 255
-31.337 11.396 0.418 0 0 255
-31.334 11.314 0.744 0 0 255
-31.923 11.711 1.843 0 0 255
-31.975 11.750 1.277 8 255 0
-32.683 12.208 1.650 0 0 255
-32.079 11.822 1.119 0 255 0
-32.369 11.985 1.059 161 255 0
-31.973 11.753 1.273 0 255 42
-32.129 11.838 1.460 42 255 0
-31.373 11.381 1.644 0 0 255
-31.640 11.556 1.225 0 255 140
-32.311 11.945 1.486 0 255 21
-31.558 11.505 0.970 0 255 17
-31.492 11.428 1.380 0 0 255
-31.993 11.764 1.781 0 255 68
-31.680 11.585 1.344 0 255 140
-32.438 12.029 1.595 63 255 0
-31.625 11.544 1.234 0 255 38
-31.537 11.508 1.735 0 255 170
-31.386 11.392 1.258 0 0 255
-32.542 12.034 1.209 0 0 255
-32.179 11.876 1.550 0 255 8
-32.184 11.870 1.738 0 255 46
-32.503 12.065 1.652 0 255 157
-31.787 11.644 1.450 0 255 4
-32.734 12.189 0.717 0 0 255
-32.715 12.219 1.396 0 246 255
-31.529 11.493 0.949 0 8 255
-31.829 11.665 1.440 0 255 25
-31.729 11.602 1.335 42 255 0
-31.513 11.485 1.250 0 255 170
-32.438 12.027 1.440 0 34 255
-32.700 12.205 1.611 0 0 255
-31.614 11.541 1.228 0 255 42
-32.456 12.037 1.382 140 255 0
-31.409 11.409 1.139 0 0 255
-31.344 11.384 0.852 0 0 255
-31.714 11.592 1.854 0 0 255
-32.693 12.099 0.424 0 0 255
-31.854 11.679 1.445 12 255 0
-31.364 11.310 0.282 0 0 255
-32.019 11.783 0.991 0 255 97
-31.754 11.652 1.510 0 255 114
-32.080 11.806 1.681 0 255 38
-31.845 11.666 1.839 0 0 255
-31.366 11.378 1.134 0 0 255
-32.310 11.951 1.172 0 255 93
-31.567 11.510 1.701 0 255 29
-32.331 11.953 1.809 0 255 51
-31.708 11.594 1.178 0 255 21
-31.963 11.746 1.513 0 255 4
-31.700 11.587 1.730 0 255 8
-31.840 11.664 1.675 0 255 80
-31.350 11.327 1.749 0 0 255
-31.493 11.460 1.098 0 255 148
-32.682 12.197 0.758 0 0 255
-32.731 12.187 1.563 0 0 255
-32.162 11.860 1.507 0 255 76
-32.310 11.967 1.467 0 255 97
-32.806 12.092 0.462 0 0 255
-32.710 12.212 1.424 0 255 140
-31.311 11.401 1.777 0 0 255
-31.556 11.498 1.472 144 255 0
-32.121 11.838 1.459 0 255 89
-32.487 12.052 1.729 0 255 76
-32.174 11.875 1.206 68 255 0
-31.540 11.494 1.006 0 255 144
-32.014 11.756 0.941 0 255 195
-32.574 12.102 1.546 0 0 255
-32.136 11.841 1.522 21 255 0
-32.359 11.982 1.375 34 255 0
-32.482 12.046 1.762 0 255 131
-32.319 11.952 1.525 12 255 0
-32.346 11.970 1.228 0 255 63
-32.767 12.106 0.620 0 42 255
-32.069 11.810 1.635 0 255 17
-32.522 12.078 1.153 0 8 255
-31.730 11.603 1.369 0 255 76
-32.143 11.869 1.714 0 255 85
-31.591 11.516 1.842 0 0 255
-31.689 11.579 1.568 85 255 0
-31.393 11.374 1.343 0 0 255
-32.472 12.046 1.593 29 255 0
-31.510 11.478 1.039 0 255 59
-32.203 11.893 1.816 0 119 255
-32.636 12.118 1.693 0 0 255
-32.158 11.858 1.734 0 255 76
-32.079 11.812 1.578 17 255 0
-32.472 12.049 1.078 127 255 0
-31.503 11.459 1.780 0 255 229
-31.392 11.325 0.490 0 255 136
-31.502 11.473 1.648 0 221 255
-32.484 12.046 1.445 0 255 89
-31.418 11.404 1.549 0 0 255
-32.725 12.208 0.982 0 0 255
-31.534 11.486 1.849 0 0 255
-32.533 12.066 1.308 0 0 255
-31.333 11.420 0.705 0 0 255
-31.771 11.622 1.786 97 255 0
-32.594 12.125 1.817 0 0 255
-31.829 11.685 0.920 0 0 255
-31.486 11.461 1.391 0 0 255
-31.251 11.340 1.474 0 0 255
-31.807 11.648 1.812 0 255 221
-32.395 12.001 1.774 0 255 110
-32.466 12.031 1.667 0 255 63
-31.680 11.581 0.974 0 255 114
-31.506 11.478 1.682 0 93 255
-32.510 12.068 1.170 0 255 106
-32.298 11.942 1.302 76 255 0
-31.616 11.529 1.707 59 255 0
-31.515 11.474 1.373 0 255 216
-31.771 11.628 1.247 21 255 0
-31.478 11.438 1.132 0 0 255
-31.843 11.668 1.405 29 255 0
-31.345 11.388 1.901 0 0 255
-32.068 11.801 1.620 0 255 93
-31.352 11.335 1.527 0 0 255
-32.479 12.016 1.237 0 255 93
-31.969 11.751 1.680 0 255 21
-31.644 11.552 1.296 4 255 0
-31.927 11.725 1.232 12 255 0
-31.878 11.694 0.975 0 255 208
-32.408 12.013 1.428 0 255 170
-31.864 11.679 1.782 0 255 8
-31.923 11.732 0.935 0 0 255
-32.484 12.020 1.857 0 0 255
-32.333 11.968 1.846 0 0 255
-31.287 11.299 1.420 0 42 255
-32.229 11.902 1.064 4 255 0
-31.396 11.380 1.712 0 0 255
-31.431 11.442 1.780 0 0 255
-32.700 12.218 1.698 0 68 255
-31.993 11.768 1.623 0 255 8
-31.277 11.362 1.630 0 0 255
-32.350 11.966 1.774 0 255 68
-31.713 11.598 0.974 0 136 255
-31.515 11.481 1.043 0 110 255
-31.777 11.635 1.390 46 255 0
-31.627 11.540 1.752 0 255 46
-32.245 11.914 1.460 4 255 0
-31.384 11.373 1.444 0 8 255
-32.130 11.854 1.490 0 255 157
-32.521 12.085 1.748 0 0 255
-31.311 11.392 0.770 0 0 255
-32.220 11.894 1.032 63 255 0
-31.495 11.447 1.529 0 0 255
-31.616 11.538 1.728 0 255 80
-31.799 11.652 1.751 0 255 119
-32.353 11.965 1.686 0 255 34
-31.839 11.678 1.191 0 255 0
-32.688 12.199 0.583 0 0 255
-31.744 11.611 1.588 0 255 76
-32.751 12.182 1.033 0 0 255
-31.842 11.669 1.529 0 255 76
-31.988 11.762 1.089 42 255 0
-31.567 11.506 1.684 0 255 51
-31.310 11.387 0.501 0 0 255
-31.735 11.606 1.480 25 255 0
-31.440 11.432 1.541 0 0 255
-31.615 11.541 0.962 0 255 161
-32.285 11.937 1.375 0 255 85
-32.089 11.815 1.557 12 255 0
-31.516 11.479 1.146 0 255 153
-32.351 11.992 1.430 0 255 85
-31.664 11.558 1.559 0 25 255
-32.081 11.821 0.948 0 0 255
-31.335 11.394 1.146 0 0 255
-31.903 11.700 1.696 0 255 97
-32.190 11.884 1.037 21 255 0
-32.680 12.155 1.180 0 0 255
-32.231 11.907 1.442 89 255 0
-31.332 11.394 1.473 0 0 255
-32.278 11.924 1.688 0 255 80
-32.476 12.039 1.695 51 255 0
-31.358 11.376 1.430 0 0 255
-31.760 11.626 1.092 4 255 0
-31.320 11.391 1.219 0 0 255
-32.346 11.973 1.291 0 255 178
-32.668 12.161 0.833 0 0 255
-31.331 11.392 1.614 0 0 255
-31.589 11.518 1.578 0 255 34
-31.765 11.618 1.759 0 255 25
-31.545 11.482 1.818 0 255 136
-31.687 11.580 1.275 0 255 29
-32.119 11.839 1.054 0 212 255
-32.653 12.137 1.222 0 0 255
-31.505 11.467 1.427 0 0 255
-31.641 11.551 1.621 80 255 0
-31.757 11.615 1.775 12 255 0
-32.049 11.796 1.646 0 255 51
-32.378 11.986 1.090 0 255 68
-32.271 11.932 1.273 123 255 0
-32.275 11.928 1.363 0 255 80
-31.547 11.492 1.224 0 255 140
-31.897 11.703 1.694 0 255 80
-32.621 12.116 1.091 0 0 255
-31.910 11.710 1.380 8 255 0
-31.685 11.590 1.344 0 255 148
-32.532 12.073 1.660 0 0 255
-32.159 11.864 1.019 51 255 0
-31.452 11.443 0.999 0 0 255
-32.342 11.962 1.683 21 255 0
-31.856 11.682 1.306 0 255 153
-31.855 11.673 1.669 0 255 85
-31.665 11.569 1.556 0 255 25
-32.468 12.035 1.665 0 255 46
-31.884 11.701 1.234 0 255 38
-32.303 11.943 1.135 110 255 0
-31.808 11.639 1.838 0 255 157
-32.688 12.192 1.790 0 0 255
-31.334 11.397 1.828 0 8 255
-31.490 11.444 1.573 0 8 255
-31.522 11.472 1.658 0 255 148
-32.201 11.888 1.440 0 255 174
-32.474 12.043 1.143 0 255 89
-32.640 12.141 1.683 0 0 255
-32.674 12.154 1.508 0 68 255
-32.116 11.828 1.750 0 255 242
-31.870 11.691 1.517 0 255 106
-32.425 12.021 0.942 0 255 174
-31.995 11.762 1.267 0 255 21
-32.374 11.986 1.286 38 255 0
-32.428 12.036 1.807 0 255 144
-32.653 12.141 1.082 0 0 255
-32.035 11.786 1.782 0 255 148
-32.415 12.020 1.390 0 255 63
-32.431 12.024 1.654 51 255 0
-31.869 11.689 1.820 0 255 76
-32.065 11.807 1.691 0 255 34
-32.723 12.207 1.620 0 17 255
-31.688 11.581 1.294 8 255 0
-31.541 11.487 1.364 0 255 216
-31.367 11.370 0.858 0 0 255
-31.779 11.634 1.399 0 255 102
-31.426 11.409 1.686 0 0 255
-32.656 12.138 1.284 0 0 255
-32.344 11.978 1.336 85 255 0
-31.337 11.390 1.438 0 0 255
-32.199 11.886 1.739 0 255 34
-32.205 11.903 1.356 0 255 114
-31.550 11.503 1.251 55 255 0
-31.833 11.666 0.992 0 255 17
-32.069 11.808 0.992 4 255 0
-32.445 12.039 1.516 0 255 89
-31.348 11.391 0.816 0 0 255
-31.634 11.550 1.437 0 255 46
-31.411 11.400 1.467 0 0 255
-32.402 11.998 1.683 0 255 55
-31.842 11.666 1.789 0 255 0
-32.255 11.918 1.312 110 255 0
-32.204 11.883 1.409 0 255 106
-32.671 12.208 1.815 0 0 255
-31.415 11.411 1.034 0 8 255
-32.023 11.774 1.373 0 255 106
-31.352 11.378 0.683 0 0 255
-31.300 11.413 1.838 0 0 255
-31.680 11.571 1.312 0 255 25
-32.494 12.067 1.694 0 255 161
-31.312 11.400 0.771 0 0 255
-31.386 11.386 1.154 0 0 255
-31.367 11.371 1.666 0 0 255
-32.371 11.980 1.824 0 25 255
-31.569 11.511 1.573 0 255 21
-32.340 11.982 0.959 0 178 255
-31.515 11.469 1.705 0 255 8
-32.676 12.137 0.874 0 0 255
-31.385 11.405 1.808 0 0 255
-32.174 11.877 0.987 0 255 102
-31.403 11.415 0.999 0 0 255
-32.419 12.012 1.575 59 255 0
-31.370 11.389 1.051 0 0 255
-32.185 11.879 1.135 0 255 55
-32.664 12.222 0.812 0 0 255
-32.165 11.864 1.526 59 255 0
-32.166 11.866 1.268 21 255 0
-32.252 11.907 1.716 0 255 68
-31.908 11.716 1.100 0 255 29
-32.702 12.208 1.761 0 0 255
-32.701 12.145 1.922 0 0 255
-32.283 11.933 1.836 0 0 255
-31.826 11.662 1.017 0 255 12
-32.279 11.946 1.670 0 255 102
-31.915 11.713 1.264 0 255 38
-31.392 11.372 1.751 0 0 255
-32.354 11.972 1.695 0 255 59
-32.255 11.881 1.511 0 255 140
-31.288 11.376 1.652 0 0 255
-31.307 11.382 1.735 0 0 255
-31.920 11.721 1.489 0 255 0
-32.417 11.972 0.922 0 0 255
-32.535 12.080 1.409 0 0 255
-32.422 12.006 1.606 0 255 51
-32.042 11.794 1.754 0 255 72
-31.506 11.466 1.839 0 0 255
-32.400 11.995 1.412 97 255 0
-32.777 12.191 1.609 0 0 255
-31.906 11.714 1.433 0 187 255
-31.371 11.387 1.839 0 0 255
-32.486 12.048 1.795 0 255 85
-32.267 11.939 1.494 0 255 110
-32.693 12.203 1.432 0 8 255
-31.428 11.405 1.655 0 0 255
-31.302 11.383 0.984 0 0 255
-32.609 12.105 1.567 0 0 255
-32.724 12.214 1.794 0 0 255
-31.625 11.550 1.014 0 255 221
-32.067 11.806 1.081 0 255 12
-32.368 11.977 1.582 0 229 255
-32.073 11.810 1.681 0 255 34
-32.476 12.059 1.824 0 0 255
-32.024 11.777 1.712 0 255 8
-32.254 11.912 1.593 0 255 51
-32.236 11.906 1.662 0 255 161
-31.521 11.477 1.189 0 255 144
-32.733 12.204 1.570 0 0 255
-31.364 11.385 1.516 0 0 255
-31.343 11.378 0.911 0 0 255
-32.681 12.181 0.368 0 0 255
-31.660 11.567 1.288 55 255 0
-31.972 11.748 1.294 0 255 25
-31.789 11.645 1.128 0 255 106
-31.935 11.726 1.748 0 255 59
-31.556 11.495 1.725 127 255 0
-32.491 12.058 1.578 0 255 178
-32.198 11.881 1.820 0 255 55
-31.620 11.539 1.259 0 255 38
-32.686 12.199 1.677 0 0 255
-32.442 12.023 1.413 0 255 72
-32.442 12.028 1.166 119 255 0
-31.863 11.685 1.580 0 255 106
-32.497 12.061 1.187 55 255 0
-32.748 12.204 1.579 0 0 255
-32.360 11.986 1.610 0 255 242
-31.390 11.383 1.698 0 85 255
-32.420 12.017 0.983 0 255 80
-31.275 11.367 1.190 0 8 255
-32.684 12.185 1.228 0 0 255
-32.075 11.808 1.797 0 255 106
-31.363 11.372 0.751 0 0 255
-31.370 11.366 1.683 0 59 255
-31.285 11.352 1.813 0 0 255
-31.935 11.723 1.763 0 255 25
-31.437 11.410 1.752 0 17 255
-32.185 11.875 1.404 0 255 38
-31.391 11.391 1.619 0 0 255
-31.781 11.638 1.487 0 255 4
-32.161 11.867 1.087 59 255 0
-32.344 11.965 1.187 187 255 0
-32.446 12.029 1.368 0 255 63
-32.448 12.035 1.204 131 255 0
-32.670 12.153 1.704 0 0 255
-31.843 11.674 1.333 12 255 0
-32.042 11.792 1.449 0 255 12
-31.520 11.483 1.720 0 238 255
-31.650 11.559 1.239 0 255 42
-31.802 11.653 1.798 0 255 119
-31.801 11.628 1.841 0 255 204
-31.911 11.712 1.150 0 255 161
-31.909 11.715 1.044 0 255 38
-31.455 11.435 1.757 0 0 255
-32.174 11.866 1.546 0 255 102
-32.742 12.234 1.361 0 0 255
-31.712 11.597 1.218 25 255 0
-31.924 11.724 1.190 0 255 34
-32.309 11.949 1.092 59 255 0
-31.715 11.601 1.141 0 255 17
-32.354 11.987 1.822 0 255 195
-31.291 11.370 1.720 0 0 255
-31.318 11.310 1.097 0 0 255
-32.626 12.143 1.770 0 0 255
-32.126 11.835 1.700 0 255 80
-31.508 11.467 1.505 59 255 0
-31.292 11.389 0.700 0 0 255
