-7.146 1.695 1.691 0 255 63
-7.427 1.750 1.104 0 255 21
-7.972 1.820 1.317 0 0 255
-7.863 1.805 1.688 0 255 221
-8.190 1.872 1.761 0 85 255
-6.688 1.643 1.269 0 0 255
-6.550 1.654 1.460 0 0 255
-7.628 1.777 1.521 0 255 165
-7.322 1.743 1.162 0 255 4
-7.812 1.835 1.810 0 0 255
-7.743 1.789 1.527 0 255 114
-6.544 1.638 1.380 0 0 255
-8.109 1.890 0.662 0 0 255
-7.108 1.692 1.557 0 255 72
-6.565 1.655 0.337 0 0 255
-6.701 1.608 1.523 0 0 255
-7.159 1.703 1.504 255 250 0
-7.921 1.810 1.831 0 0 255
-7.688 1.794 1.020 161 255 0
-6.841 1.654 1.336 255 185 0
-6.542 1.642 1.092 0 0 255
-8.085 1.827 1.627 0 0 255
-7.480 1.760 1.614 12 255 0
-7.319 1.728 1.328 255 211 0
-7.438 1.738 1.778 0 255 225
-7.062 1.684 1.588 0 255 68
-6.544 1.638 1.715 0 8 255
-7.819 1.801 1.495 42 255 0
-8.114 1.865 0.831 0 25 255
-7.720 1.787 1.563 8 255 0
-7.569 1.758 1.780 0 255 102
-6.636 1.617 1.068 0 0 255
-8.029 1.829 1.010 0 0 255
-7.630 1.784 1.323 204 255 0
-7.240 1.748 1.402 0 51 255
-6.550 1.584 1.053 0 17 255
-7.436 1.750 1.114 0 255 17
-7.076 1.694 1.175 255 132 0
-6.854 1.662 1.406 255 216 0
-7.908 1.819 1.707 29 255 0
-7.768 1.815 1.718 131 255 0
-6.858 1.671 0.927 46 255 0
-7.804 1.762 1.097 0 153 255
-7.232 1.708 1.084 0 255 72
-6.594 1.629 1.284 0 17 255
-8.136 1.857 1.620 0 0 255
-8.161 1.893 0.591 0 0 255
-7.479 1.738 1.705 0 255 51
-7.533 1.754 1.732 0 255 89
-7.498 1.756 1.400 0 255 0
-6.746 1.630 1.616 0 0 255
-7.565 1.765 1.219 255 170 0
-7.249 1.717 1.788 0 0 255
-7.012 1.674 1.549 255 252 0
-8.193 1.875 1.684 0 0 255
-7.963 1.831 1.044 0 0 255
-6.619 1.619 1.259 0 0 255
-7.966 1.828 1.229 0 0 255
-7.069 1.703 0.979 212 255 0
-6.881 1.670 1.016 208 255 0
-7.301 1.718 1.579 0 255 76
-6.863 1.655 1.519 136 255 0
-6.906 1.671 1.199 255 194 0
-7.910 1.819 1.009 0 170 255
-7.824 1.802 1.782 0 255 161
-7.676 1.826 1.082 0 153 255
-7.500 1.758 1.242 0 255 140
-7.730 1.794 1.134 182 255 0
-6.862 1.627 1.681 0 255 97
-6.922 1.663 1.562 178 255 0
-7.266 1.728 1.110 0 255 178
-7.857 1.810 1.356 42 255 0
-6.605 1.632 1.744 0 0 255
-7.523 1.755 1.588 0 255 4
-7.353 1.727 1.733 0 255 89
-7.702 1.805 1.438 0 255 127
-6.522 1.622 0.975 0 0 255
-7.267 1.751 0.908 0 153 255
-7.290 1.718 1.444 0 255 153
-8.085 1.782 1.712 0 0 255
-7.888 1.815 1.425 255 245 0
-7.135 1.705 1.486 0 255 80
-7.832 1.819 0.953 0 255 21
-7.125 1.707 1.228 255 247 0
-7.300 1.720 1.662 0 255 80
-7.617 1.778 1.135 8 255 0
-7.711 1.784 1.823 0 8 255
-7.373 1.739 1.138 0 255 55
-6.927 1.677 1.343 255 187 0
-8.181 1.886 0.793 0 0 255
-6.573 1.638 1.824 0 0 255
-7.045 1.686 1.538 255 230 0
-6.864 1.661 1.180 178 255 0
-6.543 1.640 1.098 0 0 255
-6.761 1.636 1.487 0 8 255
-7.740 1.767 1.603 0 255 42
-7.978 1.771 1.502 0 255 55
-6.550 1.660 0.773 0 0 255
-8.023 1.833 1.737 0 0 255
-8.094 1.845 1.736 0 0 255
-7.566 1.781 0.964 4 255 0
-8.184 1.892 1.208 0 119 255
-7.934 1.854 0.936 0 25 255
-6.977 1.669 1.783 0 59 255
-6.606 1.558 0.668 0 0 255
-7.144 1.708 1.231 0 255 46
-7.248 1.674 1.762 0 255 165
-7.733 1.798 1.234 0 255 165
-6.895 1.668 0.994 0 255 72
-6.841 1.653 1.559 0 255 170
-7.249 1.729 1.092 255 214 0
-7.498 1.760 1.816 0 0 255
-7.475 1.759 1.286 208 255 0
-7.236 1.724 1.178 255 223 0
-6.524 1.612 1.883 0 0 255
-7.684 1.784 1.732 8 255 0
-7.166 1.702 1.611 0 255 55
-8.124 1.861 1.910 0 0 255
-8.140 1.816 0.505 0 42 255
-8.184 1.885 1.101 0 8 255
-7.164 1.709 1.233 255 233 0
-7.800 1.795 1.642 0 255 131
-8.212 1.854 1.176 0 0 255
-6.786 1.640 1.635 0 0 255
-8.123 1.862 1.953 0 0 255
-8.129 1.874 1.599 0 0 255
-7.831 1.808 1.422 0 255 140
-6.954 1.680 1.015 216 255 0
-7.281 1.765 1.780 0 59 255
-6.917 1.660 1.638 0 255 29
-6.950 1.675 1.490 0 255 59
-7.118 1.691 1.773 0 246 255
-7.439 1.741 1.276 0 255 97
-7.950 1.836 1.147 0 85 255
-7.506 1.753 1.554 0 255 157
-7.929 1.830 1.329 0 255 68
-8.126 1.867 1.350 131 255 0
-6.761 1.649 1.268 0 8 255
-8.183 1.891 0.705 0 255 119
-7.061 1.690 1.356 255 137 0
-7.646 1.787 0.958 182 255 0
-8.018 1.800 0.992 0 0 255
-7.814 1.803 1.347 255 192 0
-7.961 1.825 1.083 0 0 255
-8.184 1.800 0.896 0 0 255
-8.062 1.867 1.155 0 8 255
-6.878 1.666 1.166 0 255 68
-6.630 1.536 0.496 0 0 255
-7.417 1.745 1.545 255 230 0
-7.399 1.740 1.576 255 235 0
-6.951 1.674 1.607 199 255 0
-7.981 1.824 1.766 0 0 255
-7.323 1.729 1.699 216 255 0
-6.728 1.605 1.624 0 0 255
-7.514 1.755 1.338 0 255 140
-6.946 1.679 1.437 0 255 76
-8.118 1.853 1.342 0 0 255
-6.577 1.640 1.843 0 0 255
-7.924 1.825 1.286 68 255 0
-7.338 1.733 1.477 255 216 0
-7.039 1.689 1.219 255 165 0
-7.172 1.707 1.287 255 250 0
-8.080 1.836 1.691 0 0 255
-7.052 1.678 1.700 0 255 51
-7.308 1.773 0.899 0 0 255
-6.843 1.654 1.279 255 158 0
-7.266 1.714 1.725 187 255 0
-6.957 1.682 0.979 204 255 0
-7.906 1.814 1.546 102 255 0
-7.027 1.690 1.120 255 218 0
-8.058 1.868 1.232 0 0 255
-7.826 1.804 1.311 29 255 0
-6.859 1.657 1.701 136 255 0
-7.729 1.790 1.488 0 255 157
-7.005 1.674 1.742 119 255 0
-6.780 1.640 1.623 0 59 255
-7.988 1.816 1.552 0 0 255
-7.834 1.808 1.597 0 255 123
-7.965 1.815 1.540 0 0 255
-8.090 1.858 1.392 0 0 255
-6.710 1.620 1.592 0 0 255
-7.534 1.770 1.634 0 255 106
-6.964 1.679 1.284 199 255 0
-7.890 1.812 1.599 38 255 0
-7.164 1.717 1.022 225 255 0
-7.185 1.700 1.631 0 255 72
-7.122 1.712 1.030 233 255 0
-6.594 1.631 1.850 0 0 255
-6.674 1.630 1.196 0 0 255
-7.199 1.711 1.478 0 255 131
-7.745 1.791 1.463 17 255 0
-7.795 1.792 1.735 4 255 0
-6.599 1.588 1.327 0 0 255
-7.162 1.672 1.529 0 255 114
-7.276 1.714 1.626 153 255 0
-8.080 1.790 1.742 0 0 255
-8.190 1.879 0.961 0 17 255
-8.133 1.774 1.431 0 0 255
-7.243 1.716 1.805 0 0 255
-7.923 1.820 1.610 72 255 0
-7.254 1.711 1.446 0 255 140
-6.720 1.630 1.021 0 8 255
-6.583 1.645 0.532 0 51 255
-7.970 1.799 1.828 0 8 255
-6.728 1.641 0.963 0 0 255
-7.954 1.814 1.369 0 0 255
-6.948 1.665 1.612 0 255 63
-8.124 1.872 1.781 0 0 255
-7.098 1.707 0.977 0 255 25
-6.784 1.651 1.385 0 255 102
-7.915 1.820 1.538 46 255 0
-6.697 1.616 1.638 0 8 255
-7.772 1.795 1.571 0 255 110
-7.917 1.821 1.398 0 255 250
-7.845 1.810 1.141 0 255 0
-7.009 1.682 1.265 255 214 0
-6.579 1.589 1.788 0 0 255
-6.592 1.636 0.965 0 8 255
-7.586 1.768 1.648 102 255 0
-8.145 1.885 1.355 0 204 255
-7.967 1.824 1.239 0 8 255
-7.914 1.804 1.733 68 255 0
-6.613 1.588 0.493 0 0 255
-7.206 1.664 1.520 0 255 174
-7.962 1.824 1.556 0 8 255
-6.628 1.636 1.513 0 0 255
-7.647 1.784 1.166 12 255 0
-7.301 1.717 1.576 0 255 38
-7.047 1.691 1.289 255 202 0
-8.185 1.888 0.838 0 8 255
-7.159 1.713 1.038 255 242 0
-6.612 1.585 0.471 0 0 255
-7.921 1.815 1.698 0 25 255
-7.009 1.677 1.570 216 255 0
-6.894 1.661 1.455 114 255 0
-7.171 1.707 1.673 0 255 38
-8.174 1.888 1.149 0 0 255
-7.507 1.735 1.026 0 255 85
-6.563 1.644 1.191 0 0 255
-6.807 1.658 1.264 4 255 0
-8.080 1.831 1.034 0 0 255
-7.821 1.811 1.159 0 255 161
-7.705 1.796 1.520 0 255 110
-6.615 1.609 1.601 0 0 255
-7.854 1.818 1.149 29 255 0
-6.846 1.650 1.651 72 255 0
-8.102 1.886 0.683 0 255 242
-7.474 1.751 1.770 0 255 161
-8.080 1.850 1.041 0 0 255
-8.130 1.824 1.534 0 0 255
-7.125 1.693 1.619 199 255 0
-7.046 1.678 1.722 0 255 51
-7.616 1.766 1.694 0 255 93
-8.128 1.872 1.215 0 0 255
-6.777 1.654 1.069 0 25 255
-7.426 1.732 1.818 0 0 255
-7.203 1.707 1.642 0 255 51
-7.353 1.731 1.807 0 0 255
-7.805 1.801 1.813 0 255 85
-7.613 1.739 1.553 0 255 136
-6.900 1.669 1.182 229 255 0
-6.558 1.641 1.559 0 8 255
-8.150 1.824 0.477 0 0 255
-7.388 1.730 1.483 0 255 93
-8.160 1.800 0.244 0 0 255
-7.641 1.785 1.270 25 255 0
-8.134 1.892 0.664 0 0 255
-7.724 1.783 1.668 187 255 0
-6.599 1.622 1.070 0 255 157
-7.972 1.816 1.267 0 0 255
-8.149 1.897 0.944 0 0 255
-8.157 1.892 0.986 0 0 255
-7.943 1.826 1.320 0 255 42
-7.741 1.788 1.830 0 0 255
-8.017 1.834 1.682 0 0 255
-7.508 1.775 1.049 208 255 0
-6.776 1.645 1.658 0 0 255
-7.194 1.717 1.114 0 255 204
-7.223 1.690 1.370 0 8 255
-8.120 1.868 1.725 0 0 255
-8.180 1.884 1.469 0 17 255
-7.186 1.723 1.008 0 255 102
-7.893 1.822 1.240 0 255 170
-7.155 1.707 1.444 255 235 0
-8.156 1.907 0.440 0 0 255
-6.512 1.617 1.398 0 0 255
-7.061 1.690 1.797 0 0 255
-7.424 1.741 1.425 255 206 0
-7.104 1.668 1.654 0 255 161
-8.128 1.847 1.331 0 0 255
-6.841 1.663 1.174 0 255 63
-6.531 1.588 1.713 0 0 255
-8.185 1.884 0.833 0 25 255
-6.980 1.674 1.568 246 255 0
-8.124 1.886 0.841 0 0 255
-6.549 1.616 1.880 0 0 255
-7.310 1.722 1.681 119 255 0
-7.974 1.810 1.462 0 0 255
-7.533 1.767 1.352 255 197 0
-6.627 1.625 1.707 0 0 255
-6.959 1.683 0.954 191 255 0
-7.721 1.799 1.240 42 255 0
-7.549 1.766 1.342 0 255 246
-7.183 1.690 1.020 0 255 89
-7.535 1.761 1.599 0 255 8
-7.831 1.809 1.084 0 255 34
-7.313 1.721 1.644 119 255 0
-7.921 1.772 1.643 0 255 46
-7.011 1.693 1.038 0 255 59
-8.050 1.793 1.779 0 0 255
-7.006 1.677 1.747 63 255 0
-8.151 1.920 0.823 0 0 255
-6.915 1.661 1.538 0 255 55
-7.739 1.799 1.260 51 255 0
-7.065 1.694 1.231 255 165 0
-8.139 1.882 1.258 0 127 255
-7.029 1.686 1.392 0 255 119
-7.730 1.786 1.677 0 170 255
-8.135 1.876 0.898 0 0 255
-6.562 1.522 1.586 0 0 255
-7.562 1.760 1.731 0 255 97
-8.004 1.828 1.770 0 0 255
-7.039 1.689 1.301 199 255 0
-7.756 1.787 1.574 0 255 106
-6.903 1.645 1.292 0 255 93
-7.834 1.812 0.910 0 0 255
-8.129 1.882 1.717 0 0 255
-8.165 1.869 1.850 0 0 255
-7.798 1.794 1.770 0 255 131
-7.112 1.697 1.468 0 255 178
-6.605 1.612 1.048 0 17 255
-6.843 1.658 1.348 255 173 0
-7.181 1.709 1.327 0 255 46
-7.258 1.726 0.997 221 255 0
-7.708 1.780 1.684 0 255 4
-7.976 1.795 1.819 0 0 255
-6.785 1.649 0.982 0 8 255
-6.567 1.648 1.594 0 0 255
-6.922 1.660 1.259 0 255 76
-8.147 1.887 1.879 0 0 255
-7.312 1.732 1.094 0 255 97
-6.621 1.521 1.734 0 0 255
-6.541 1.582 1.219 0 0 255
-6.757 1.651 0.899 0 0 255
-7.332 1.729 1.318 255 175 0
-7.397 1.747 1.045 0 255 106
-7.379 1.731 1.600 0 255 42
-7.673 1.795 1.179 182 255 0
-8.122 1.860 1.004 0 0 255
-7.063 1.684 1.735 119 255 0
-6.762 1.648 0.904 0 0 255
-6.639 1.617 1.676 0 8 255
-8.134 1.865 1.823 0 8 255
-7.567 1.762 1.483 0 255 136
-7.471 1.762 1.044 199 255 0
-6.713 1.644 0.932 0 0 255
-7.202 1.705 1.665 0 255 63
-8.180 1.869 1.791 0 8 255
-6.826 1.647 1.465 0 255 127
-6.774 1.647 1.234 0 8 255
-6.716 1.628 1.683 0 0 255
-6.998 1.713 0.860 0 0 255
-6.953 1.682 0.961 0 255 80
-6.799 1.650 1.333 0 17 255
-7.682 1.791 1.025 0 255 8
-6.757 1.643 1.103 0 0 255
-6.620 1.619 1.628 0 0 255
-6.798 1.592 1.795 0 8 255
-7.632 1.823 0.951 0 0 255
-8.143 1.882 1.734 0 0 255
-7.371 1.727 1.585 0 255 55
-7.259 1.707 1.653 0 255 131
-6.788 1.640 1.604 0 255 250
-7.160 1.706 1.306 255 245 0
-7.471 1.751 1.217 0 255 21
-7.369 1.735 1.562 0 255 165
-6.856 1.657 1.394 255 173 0
-8.133 1.823 0.523 0 0 255
-7.115 1.689 1.724 0 255 161
-7.956 1.820 1.550 0 0 255
-7.393 1.760 0.930 0 153 255
-6.554 1.657 0.795 0 0 255
-7.064 1.634 1.525 0 255 127
-6.531 1.597 1.610 0 0 255
-7.903 1.821 1.338 0 51 255
-7.953 1.819 1.591 0 25 255
-6.650 1.615 1.646 0 0 255
-7.516 1.750 1.788 0 246 255
-7.641 1.774 1.615 0 255 106
-7.009 1.681 1.518 233 255 0
-7.959 1.764 1.368 0 0 255
-6.758 1.630 1.531 0 0 255
-7.308 1.732 1.240 246 255 0
-7.970 1.825 1.143 0 0 255
-6.773 1.641 1.538 0 0 255
-6.897 1.670 1.296 255 194 0
-7.520 1.751 1.545 0 255 106
-7.832 1.810 1.251 34 255 0
-8.147 1.873 1.813 0 0 255
-6.983 1.679 1.332 255 170 0
-6.915 1.672 1.009 153 255 0
-6.835 1.659 1.216 0 153 255
-6.955 1.678 0.955 0 255 191
-6.653 1.617 1.654 0 0 255
-6.955 1.625 0.904 0 255 153
-7.622 1.775 1.100 255 247 0
-7.332 1.730 1.166 0 255 59
-6.802 1.644 1.595 0 255 229
-7.134 1.670 1.041 0 255 144
-6.631 1.629 1.729 0 0 255
-6.584 1.645 1.270 0 212 255
-7.184 1.708 1.113 0 255 144
-7.358 1.727 1.720 0 255 29
-8.138 1.882 1.937 0 0 255
-8.159 1.884 1.293 0 25 255
-6.995 1.677 1.669 157 255 0
-7.811 1.809 0.980 102 255 0
-7.723 1.797 1.046 0 255 136
-7.704 1.782 1.577 0 255 165
-7.089 1.703 1.148 0 255 85
-8.153 1.889 1.360 0 0 255
-7.281 1.716 1.719 144 255 0
-7.114 1.707 1.115 255 204 0
-7.958 1.832 1.352 0 255 106
-7.791 1.793 1.632 0 255 110
-7.226 1.719 1.395 255 204 0
-7.275 1.727 1.223 0 255 144
-7.450 1.751 1.113 0 255 34
-8.161 1.899 0.943 0 8 255
-7.102 1.691 1.677 191 255 0
-6.909 1.626 1.629 0 255 119
-7.526 1.757 1.631 0 255 136
-7.992 1.832 1.001 0 0 255
-7.121 1.691 1.564 208 255 0
-6.570 1.647 1.260 0 0 255
-6.810 1.657 0.988 0 17 255
-7.461 1.754 1.331 229 255 0
-6.712 1.618 1.643 0 0 255
-7.684 1.795 0.918 0 255 187
-6.899 1.660 1.675 0 255 204
-7.540 1.771 1.077 0 255 110
-7.773 1.802 1.427 110 255 0
-7.965 1.834 1.216 0 0 255
-7.981 1.836 1.222 0 0 255
-8.226 1.801 1.042 0 0 255
-6.996 1.673 1.680 187 255 0
-6.717 1.641 0.949 0 0 255
-6.903 1.674 1.147 0 255 216
-7.097 1.706 1.184 0 255 55
-6.791 1.644 1.685 0 0 255
-8.120 1.837 1.218 0 0 255
-7.404 1.752 1.093 255 235 0
-8.145 1.888 1.155 0 0 255
-8.173 1.886 1.427 0 0 255
-7.002 1.674 1.684 0 255 51
-7.653 1.774 1.640 216 255 0
-6.871 1.667 1.213 255 182 0
-8.209 1.847 0.747 0 0 255
-7.882 1.776 0.929 0 170 255
-6.611 1.589 0.903 0 0 255
-6.844 1.655 1.700 0 255 63
-8.111 1.849 1.341 0 0 255
-8.086 1.804 1.432 0 0 255
-8.195 1.863 1.537 0 0 255
-6.999 1.687 0.970 182 255 0
-6.766 1.645 1.357 0 0 255
-8.142 1.806 0.830 0 34 255
-7.965 1.823 1.448 0 0 255
-8.075 1.852 1.767 0 0 255
-6.602 1.623 0.954 0 8 255
-7.088 1.702 1.030 255 235 0
-7.922 1.813 1.619 4 255 0
-6.822 1.647 1.638 0 255 80
-6.928 1.677 0.963 140 255 0
-7.568 1.765 1.772 12 255 0
-7.952 1.818 1.477 0 8 255
-7.616 1.772 1.268 255 228 0
-6.961 1.672 1.424 255 185 0
-7.632 1.818 1.072 0 255 225
-8.160 1.892 1.409 0 51 255
-8.164 1.893 0.824 0 0 255
-8.124 1.881 0.521 0 8 255
-8.206 1.862 0.274 0 0 255
-6.794 1.652 1.396 0 255 153
-7.263 1.709 1.744 0 255 140
-7.883 1.819 0.979 0 255 153
-7.768 1.797 1.819 0 0 255
-7.680 1.761 1.599 0 255 127
-7.678 1.821 1.251 0 255 233
-7.039 1.687 1.227 255 165 0
-6.958 1.677 1.535 0 255 72
-7.119 1.711 1.073 0 255 93
-8.191 1.871 1.928 0 0 255
-6.533 1.624 1.172 0 0 255
-7.267 1.721 1.228 0 255 46
-7.293 1.724 1.432 0 255 25
-7.511 1.752 1.782 0 255 136
-7.945 1.781 1.183 0 255 119
-7.647 1.789 1.156 212 255 0
-8.214 1.839 1.788 0 0 255
-6.605 1.539 1.792 0 0 255
-6.524 1.611 0.498 0 0 255
-7.117 1.688 1.777 0 255 161
-8.028 1.836 1.529 0 0 255
-7.175 1.711 1.069 0 255 85
-7.355 1.730 1.780 0 255 119
-7.331 1.726 1.470 255 230 0
-6.747 1.628 1.065 0 0 255
-6.859 1.676 0.902 0 255 110
-7.180 1.707 1.545 208 255 0
-7.244 1.717 1.603 161 255 0
-6.884 1.656 1.608 225 255 0
-7.502 1.748 1.632 0 255 46
-6.545 1.626 1.870 0 0 255
-7.567 1.761 1.422 0 255 8
-6.563 1.643 1.580 0 0 255
-7.124 1.725 0.953 0 255 161
-8.143 1.933 0.297 0 0 255
-7.795 1.809 1.026 0 255 123
-7.419 1.729 1.818 0 0 255
-7.283 1.719 1.565 148 255 0
-7.906 1.823 1.295 55 255 0
-7.152 1.695 1.645 195 255 0
-6.867 1.654 1.508 140 255 0
-7.443 1.760 0.925 0 204 255
-6.870 1.663 1.012 0 255 68
-7.386 1.742 1.331 255 125 0
-6.601 1.567 1.880 0 0 255
-6.821 1.643 1.283 0 255 59
-6.580 1.654 0.633 0 93 255
-7.665 1.783 1.033 0 255 29
-7.941 1.822 1.564 0 102 255
-8.096 1.834 1.181 0 0 255
-7.848 1.808 0.915 0 0 255
-7.138 1.703 1.745 0 255 89
-7.190 1.718 1.034 216 255 0
-7.108 1.709 1.010 0 255 85
-7.750 1.794 1.535 17 255 0
-7.966 1.828 1.424 0 0 255
-7.045 1.688 1.417 0 255 46
-7.956 1.771 1.734 0 255 136
-7.247 1.712 1.592 174 255 0
-6.799 1.618 0.950 0 0 255
-7.006 1.688 1.096 0 255 63
-7.310 1.741 0.916 0 246 255
-7.570 1.767 1.292 0 255 170
-7.757 1.799 1.812 0 229 255
-6.861 1.637 1.061 0 255 174
-7.476 1.714 1.054 0 255 140
-7.567 1.760 1.578 255 228 0
-7.912 1.816 1.500 4 255 0
-7.283 1.721 1.557 225 255 0
-7.193 1.725 0.940 0 255 110
-7.236 1.704 1.577 0 255 72
-7.917 1.817 1.670 72 255 0
-6.946 1.679 0.983 191 255 0
-6.998 1.692 1.444 0 255 204
-8.076 1.838 1.745 0 0 255
-6.738 1.626 0.996 0 0 255
-7.270 1.724 1.325 255 185 0
-7.637 1.782 1.359 110 255 0
-7.154 1.708 1.540 0 255 85
-7.078 1.700 1.043 0 255 59
-8.157 1.885 1.489 0 0 255
-6.534 1.620 1.692 0 0 255
-7.279 1.737 1.658 0 255 4
-7.848 1.818 0.927 0 8 255
-7.861 1.810 1.762 0 255 114
-7.863 1.811 1.479 4 255 0
-7.472 1.749 1.589 208 255 0
-8.070 1.829 1.700 0 0 255
-7.111 1.700 1.409 0 255 76
-7.161 1.716 1.148 255 144 0
-6.594 1.571 1.372 0 0 255
-7.792 1.802 1.193 25 255 0
-6.996 1.657 1.127 0 153 255
-7.475 1.751 1.764 0 255 17
-8.086 1.834 1.507 0 0 255
-7.696 1.749 1.720 0 255 136
-7.228 1.706 1.574 182 255 0
-7.186 1.702 1.721 140 255 0
-7.989 1.814 1.664 0 0 255
-8.087 1.842 1.736 0 0 255
-6.955 1.667 1.690 0 255 170
-7.373 1.723 1.720 0 255 72
-7.970 1.823 1.688 0 8 255
-7.659 1.776 1.755 0 255 8
-8.007 1.841 1.762 0 0 255
-7.431 1.758 0.898 0 0 255
-6.826 1.617 1.524 0 255 136
-7.928 1.824 1.129 0 255 63
-8.043 1.822 1.613 0 0 255
-7.368 1.704 1.674 0 255 144
-6.591 1.636 1.791 0 8 255
-8.176 1.897 0.487 0 0 255
-8.054 1.855 0.967 0 0 255
-6.549 1.643 1.760 0 0 255
-7.392 1.758 0.972 127 255 0
-7.000 1.691 1.437 0 255 42
-6.529 1.548 1.127 0 51 255
-8.055 1.842 1.755 0 0 255
-7.139 1.713 1.569 0 255 144
-6.751 1.633 1.507 0 0 255
-7.962 1.830 1.279 0 0 255
-6.554 1.638 1.588 0 0 255
-7.965 1.822 1.590 0 0 255
-8.011 1.793 1.148 0 76 255
-7.500 1.751 1.774 0 255 174
-8.121 1.842 1.232 0 255 127
-7.803 1.798 1.677 25 255 0
-7.960 1.819 1.333 0 0 255
-6.746 1.647 1.505 0 0 255
-7.484 1.755 1.568 0 255 140
-8.136 1.888 1.177 0 0 255
-7.151 1.704 1.804 0 0 255
-7.259 1.720 1.516 0 255 21
-7.266 1.712 1.369 0 255 55
-7.214 1.708 1.213 0 51 255
-7.911 1.809 1.574 0 255 136
-7.323 1.727 1.486 157 255 0
-7.593 1.766 1.459 0 255 12
-7.088 1.691 1.792 0 0 255
-7.454 1.751 1.354 238 255 0
-6.590 1.637 0.944 0 0 255
-8.137 1.836 0.731 0 8 255
-6.557 1.630 1.808 0 0 255
-7.725 1.783 1.798 0 255 153
-7.373 1.743 1.266 255 202 0
-8.182 1.886 1.233 0 255 157
-7.328 1.735 1.197 0 255 165
-6.636 1.624 1.707 0 0 255
-6.725 1.619 1.569 0 34 255
-7.314 1.725 1.607 136 255 0
-7.604 1.783 1.065 0 255 0
-7.031 1.696 0.952 0 255 80
-6.969 1.678 1.446 0 255 85
-7.112 1.705 1.308 255 103 0
-7.072 1.699 1.418 0 255 72
-7.252 1.732 1.097 0 255 97
-6.930 1.670 1.217 0 255 68
-7.258 1.731 1.039 165 255 0
-6.855 1.661 1.088 127 255 0
-6.945 1.676 1.154 238 255 0
-7.825 1.814 1.200 80 255 0
-7.672 1.794 1.113 182 255 0
-6.982 1.690 1.111 0 255 80
-7.361 1.739 1.035 0 255 29
-7.074 1.707 0.956 0 255 29
-6.903 1.656 1.539 0 255 46
-7.596 1.762 1.701 187 255 0
-8.081 1.835 1.552 0 0 255
-7.747 1.795 1.195 21 255 0
-7.418 1.747 1.140 0 255 29
-6.781 1.659 1.675 0 255 255
-7.482 1.752 1.363 255 175 0
-8.102 1.843 1.693 0 0 255
-7.751 1.794 1.757 0 255 119
-8.039 1.840 1.785 0 0 255
-7.974 1.814 1.714 0 8 255
-8.133 1.857 1.087 0 0 255
-8.204 1.865 1.386 0 17 255
-7.384 1.731 1.767 97 255 0
-7.383 1.744 1.122 225 255 0
-8.060 1.835 1.518 0 0 255
-8.187 1.852 0.748 0 0 255
-7.090 1.703 1.329 0 255 80
-7.463 1.751 1.311 0 255 8
-6.534 1.632 1.664 0 0 255
-7.734 1.842 1.078 0 195 255
-8.121 1.843 1.897 0 0 255
-7.723 1.797 1.249 255 238 0
-6.526 1.607 1.530 0 0 255
-7.923 1.815 1.489 34 255 0
-7.397 1.739 1.712 148 255 0
-6.770 1.660 0.934 0 0 255
-7.026 1.681 1.356 255 216 0
-6.914 1.664 1.617 80 255 0
-6.576 1.646 1.634 0 0 255
-7.433 1.747 1.422 242 255 0
-7.856 1.811 1.387 0 255 131
-6.565 1.599 1.663 0 0 255
-7.074 1.698 1.249 255 194 0
-7.525 1.758 1.604 119 255 0
-6.993 1.683 1.121 255 247 0
-7.475 1.764 0.926 0 255 178
-7.972 1.822 1.538 0 0 255
-7.904 1.778 0.882 0 51 255
-7.011 1.701 0.902 0 204 255
-6.604 1.619 1.566 0 229 255
-7.747 1.790 1.669 0 255 106
-6.762 1.644 0.895 0 0 255
-6.580 1.559 0.802 0 0 255
-7.238 1.709 1.639 204 255 0
-7.824 1.800 1.652 0 255 29
-7.714 1.793 1.456 140 255 0
-7.029 1.678 1.670 174 255 0
-6.892 1.666 1.356 255 206 0
-7.629 1.808 1.413 0 76 255
-6.716 1.626 1.573 0 0 255
-7.951 1.822 1.555 0 0 255
-7.199 1.729 0.900 0 85 255
-7.800 1.801 1.525 102 255 0
-6.573 1.554 1.173 0 0 255
-7.143 1.713 1.205 255 165 0
-7.965 1.825 1.043 0 0 255
-8.190 1.782 0.497 0 0 255
-8.007 1.827 1.052 0 0 255
-7.087 1.698 1.054 255 216 0
-7.964 1.821 1.785 0 0 255
-7.104 1.694 1.474 255 245 0
-7.290 1.718 1.412 238 255 0
-7.185 1.713 1.263 0 255 212
-7.097 1.688 1.161 0 255 59
-7.140 1.693 1.534 229 255 0
-8.070 1.836 1.508 0 0 255
-6.597 1.633 0.847 0 0 255
-6.555 1.625 1.412 0 0 255
-6.766 1.654 1.068 0 8 255
-7.936 1.824 1.447 0 0 255
-7.895 1.812 1.600 187 255 0
-6.945 1.665 1.641 0 255 38
-6.593 1.624 0.305 0 0 255
-8.101 1.840 1.301 0 8 255
-7.724 1.787 1.824 0 0 255
-6.529 1.671 1.786 0 0 255
-6.762 1.616 1.431 0 8 255
-7.552 1.755 1.689 0 255 93
-7.708 1.755 1.317 0 255 106
-7.518 1.753 1.758 42 255 0
-7.696 1.795 1.279 157 255 0
-7.752 1.768 1.285 0 255 157
-8.154 1.892 1.290 0 25 255
-6.627 1.618 1.592 0 0 255
-8.152 1.871 1.888 0 0 255
-6.716 1.641 1.706 0 0 255
-7.631 1.805 0.933 0 127 255
-6.758 1.641 1.172 0 0 255
-8.142 1.875 1.940 0 0 255
-7.333 1.743 1.171 4 255 0
-6.602 1.625 1.800 0 0 255
-7.216 1.719 1.096 0 255 85
-7.227 1.707 1.710 0 255 76
-8.143 1.873 1.798 0 0 255
-8.144 1.875 1.651 0 0 255
-6.929 1.665 1.662 187 255 0
-7.205 1.712 1.255 255 223 0
-8.144 1.833 1.494 0 93 255
-6.801 1.646 1.075 0 255 178
-7.220 1.714 1.471 212 255 0
-7.524 1.771 1.021 191 255 0
-6.547 1.638 1.641 0 0 255
-7.081 1.693 1.296 255 226 0
-7.883 1.823 1.352 93 255 0
-7.041 1.683 1.494 140 255 0
-7.173 1.709 1.379 0 255 76
-7.640 1.812 1.454 0 255 208
-7.930 1.821 1.438 0 255 21
-6.512 1.611 1.307 0 0 255
-7.662 1.782 1.344 21 255 0
-7.681 1.787 1.298 255 214 0
-7.824 1.804 1.717 72 255 0
-7.832 1.807 1.183 0 255 17
-7.560 1.774 1.054 0 255 140
-7.570 1.760 1.704 0 255 174
-6.932 1.674 1.283 255 173 0
-7.393 1.742 1.323 0 255 46
-7.303 1.717 1.819 0 0 255
-7.406 1.736 1.631 229 255 0
-7.850 1.810 1.350 0 255 8
-7.582 1.770 1.253 255 226 0
-7.271 1.715 1.791 0 0 255
-8.160 1.877 1.708 0 0 255
-7.873 1.811 1.379 46 255 0
-7.165 1.707 1.494 255 242 0
-8.169 1.940 0.246 0 0 255
-7.348 1.703 1.573 0 255 106
-8.105 1.848 1.372 0 102 255
-6.707 1.637 1.747 0 0 255
-6.719 1.625 1.494 0 0 255
-7.561 1.770 0.985 0 255 131
-6.775 1.640 1.685 0 25 255
-7.074 1.701 1.188 255 108 0
-6.817 1.641 1.771 0 255 131
-7.277 1.716 1.699 144 255 0
-8.130 1.874 0.471 0 0 255
-7.807 1.800 1.738 51 255 0
-7.625 1.780 1.070 0 255 140
-7.552 1.759 1.641 93 255 0
-7.234 1.711 1.413 0 255 38
-6.915 1.663 1.773 0 0 255
-7.605 1.766 1.783 0 255 123
-6.888 1.667 1.400 144 255 0
-7.112 1.698 1.541 255 238 0
-6.854 1.658 1.776 0 0 255
-7.293 1.674 1.027 0 255 140
-7.870 1.815 1.734 0 255 157
-6.910 1.671 1.150 255 211 0
-7.712 1.801 1.039 0 255 119
-7.904 1.816 1.793 0 255 148
-7.072 1.694 1.065 0 255 148
-8.059 1.831 1.116 0 0 255
-7.225 1.724 1.190 0 255 46
-6.865 1.665 1.055 127 255 0
-6.787 1.630 1.297 0 255 119
-7.932 1.861 1.312 0 0 255
-7.497 1.744 1.759 0 255 29
-7.657 1.782 1.762 0 255 0
-6.820 1.662 0.913 0 255 93
-7.634 1.785 0.950 0 255 148
-7.747 1.791 1.632 29 255 0
-7.600 1.767 1.591 0 255 110
-7.185 1.702 1.605 0 255 136
-6.784 1.652 1.681 0 17 255
-8.150 1.904 0.526 0 0 255
-6.527 1.605 1.759 0 8 255
-6.748 1.634 1.629 0 0 255
-7.733 1.801 0.962 131 255 0
-7.409 1.747 1.291 255 125 0
-7.970 1.835 1.204 0 0 255
-6.565 1.642 1.463 0 0 255
-6.536 1.572 1.668 0 17 255
-7.793 1.800 0.983 0 255 123
-8.117 1.928 0.593 0 0 255
-7.901 1.819 1.313 165 255 0
-7.325 1.729 1.404 0 255 29
-7.340 1.736 1.274 255 151 0
-6.897 1.683 0.852 0 0 255
-7.253 1.729 1.252 0 255 97
-7.290 1.730 1.312 0 255 21
-6.787 1.650 1.007 0 153 255
-6.773 1.639 1.698 0 34 255
-8.201 1.861 1.228 0 0 255
-7.569 1.768 1.473 0 255 161
-7.036 1.695 1.064 0 255 63
-7.168 1.700 1.585 208 255 0
-8.134 1.855 1.937 0 0 255
-7.013 1.692 1.047 208 255 0
-7.487 1.765 1.100 0 255 161
-7.891 1.812 1.557 0 255 123
-7.817 1.809 1.286 59 255 0
-6.763 1.640 1.732 0 0 255
-7.985 1.818 1.146 0 0 255
-7.910 1.837 0.926 0 0 255
-6.664 1.585 1.705 0 0 255
-8.030 1.831 1.002 0 0 255
-7.825 1.799 1.705 0 255 110
-6.870 1.675 0.918 21 255 0
-7.448 1.733 1.815 0 0 255
-6.838 1.659 1.287 0 255 72
-6.758 1.647 1.717 0 0 255
-7.172 1.697 1.751 0 255 204
-7.157 1.709 1.290 0 255 29
-7.834 1.803 1.521 34 255 0
-7.164 1.699 1.781 0 255 255
-8.144 1.901 1.156 0 0 255
-7.424 1.740 1.572 144 255 0
-6.812 1.653 1.300 255 218 0
-7.626 1.781 0.946 0 255 178
-7.344 1.739 1.333 255 129 0
-7.394 1.732 1.804 0 0 255
-7.630 1.774 1.473 21 255 0
-6.591 1.641 1.024 0 17 255
-7.262 1.718 1.627 204 255 0
-7.185 1.681 1.451 0 255 161
-6.581 1.641 0.447 0 0 255
-6.579 1.640 0.739 0 0 255
-7.912 1.771 1.316 0 255 131
-8.157 1.872 1.792 0 0 255
-7.382 1.731 1.786 0 68 255
-7.998 1.812 1.573 0 0 255
-7.139 1.692 1.711 0 255 51
-6.765 1.641 1.574 0 0 255
-7.809 1.792 1.777 0 255 165
-7.292 1.727 1.353 255 199 0
-6.573 1.648 0.279 0 0 255
-6.638 1.588 0.974 0 25 255
-7.322 1.728 0.976 0 255 221
-7.018 1.676 1.535 0 255 72
-7.682 1.775 1.733 0 255 131
-6.599 1.545 0.842 0 0 255
-7.426 1.745 1.371 255 161 0
-7.043 1.700 0.941 0 255 85
-6.972 1.688 0.982 0 255 59
-7.896 1.814 1.725 0 195 255
-7.339 1.743 1.129 0 255 29
-7.738 1.783 1.794 0 255 182
-7.633 1.769 1.174 0 255 12
-7.982 1.838 1.580 0 0 255
-6.592 1.640 1.581 0 0 255
-7.319 1.740 0.927 0 255 204
-8.090 1.880 1.046 0 34 255
-7.241 1.720 1.448 0 255 76
-8.109 1.831 1.814 0 0 255
-6.556 1.646 1.730 0 0 255
-7.093 1.676 1.109 0 255 148
-6.539 1.636 0.828 0 0 255
-7.021 1.679 1.483 250 255 0
-6.816 1.657 1.028 0 255 72
-7.152 1.707 1.667 0 255 89
-7.579 1.761 1.793 0 255 106
-6.818 1.657 1.032 0 255 136
-6.741 1.635 1.050 0 0 255
-6.917 1.665 1.359 212 255 0
-7.202 1.717 1.169 0 255 72
-7.640 1.774 1.821 0 0 255
-7.980 1.821 1.764 0 0 255
-7.176 1.708 1.441 0 255 42
-7.474 1.750 1.654 0 255 102
-7.342 1.721 1.600 0 255 127
-7.923 1.819 1.387 0 255 68
-7.574 1.761 1.695 140 255 0
-6.537 1.620 1.667 0 0 255
-7.504 1.755 1.386 0 255 110
-6.779 1.649 1.545 0 8 255
-6.628 1.607 1.670 0 0 255
-7.562 1.772 1.352 12 255 0
-7.915 1.818 1.618 89 255 0
-6.548 1.636 0.812 0 0 255
-6.970 1.674 1.253 0 255 59
-7.578 1.762 1.310 255 216 0
-7.917 1.876 0.978 0 0 255
-6.520 1.612 0.803 0 0 255
-6.596 1.634 1.300 0 0 255
-7.610 1.772 1.792 0 136 255
-7.013 1.683 1.509 250 255 0
-7.066 1.690 1.389 187 255 0
-8.145 1.806 0.690 0 34 255
-7.173 1.708 1.123 0 255 80
-7.046 1.693 1.135 255 211 0
-7.381 1.745 1.307 4 255 0
-8.139 1.817 1.291 0 0 255
-7.422 1.745 1.138 0 255 140
-7.103 1.704 1.107 255 202 0
-6.977 1.672 1.616 144 255 0
-7.874 1.809 1.663 80 255 0
-7.653 1.791 0.958 0 255 140
-6.535 1.633 1.774 0 0 255
-7.905 1.812 1.848 0 0 255
-7.203 1.708 1.563 255 247 0
-6.898 1.668 1.174 255 209 0
-7.592 1.784 0.971 153 255 0
-7.747 1.761 1.501 0 255 136
-8.180 1.877 1.432 0 0 255
-6.759 1.644 1.432 0 0 255
-8.186 1.775 1.557 0 0 255
-6.749 1.646 1.442 0 0 255
-8.147 1.902 0.649 0 0 255
-7.822 1.812 1.030 12 255 0
-7.332 1.727 1.518 204 255 0
-6.613 1.573 0.665 0 0 255
-7.809 1.811 1.078 17 255 0
-7.381 1.681 1.421 0 255 182
-7.992 1.820 1.550 0 0 255
-8.069 1.840 1.345 0 0 255
-7.586 1.731 1.733 0 153 255
-7.729 1.786 1.643 0 255 0
-7.299 1.735 1.244 0 255 12
-6.928 1.663 1.779 0 8 255
-7.417 1.743 1.713 114 255 0
-6.923 1.670 1.746 17 255 0
-6.547 1.629 1.705 0 0 255
-8.105 1.825 1.490 0 0 255
-7.537 1.778 0.931 0 255 225
-7.992 1.844 1.494 0 76 255
-6.753 1.631 1.552 0 0 255
-7.978 1.813 1.554 0 0 255
-6.541 1.616 1.603 0 0 255
-8.123 1.871 1.178 0 0 255
-7.510 1.737 1.158 0 102 255
-6.542 1.654 0.734 0 0 255
-7.516 1.760 1.526 0 255 0
-7.867 1.811 1.304 255 221 0
-7.732 1.784 1.513 21 255 0
-7.025 1.705 1.803 0 0 255
-7.575 1.759 1.774 89 255 0
-7.067 1.684 1.454 174 255 0
-7.449 1.736 1.601 246 255 0
-6.842 1.660 1.004 0 255 85
-7.794 1.802 1.091 0 255 119
-7.928 1.812 1.758 0 255 38
-7.398 1.741 0.876 0 0 255
-7.057 1.681 1.456 0 255 144
-6.974 1.674 1.577 199 255 0
-7.646 1.775 1.753 4 255 0
-7.481 1.757 1.167 0 255 106
-6.561 1.557 0.416 0 0 255
-6.867 1.666 1.170 182 255 0
-7.076 1.698 1.261 255 206 0
-7.736 1.798 1.088 0 255 29
-7.815 1.756 1.066 0 34 255
-6.804 1.654 1.132 119 255 0
-6.717 1.615 1.668 0 0 255
-7.134 1.690 1.727 140 255 0
-7.169 1.704 1.554 0 255 46
-7.848 1.804 1.671 29 255 0
-7.461 1.740 1.711 0 255 38
-8.129 1.865 0.678 0 0 255
-6.555 1.632 1.709 0 0 255
-7.883 1.816 1.783 140 255 0
-6.557 1.637 1.348 0 0 255
-6.549 1.630 1.634 0 0 255
-6.536 1.617 1.264 0 85 255
-7.639 1.772 1.483 29 255 0
-7.404 1.754 1.164 250 255 0
-6.877 1.655 1.691 114 255 0
-7.664 1.770 1.831 0 0 255
-6.730 1.635 1.699 0 0 255
-6.534 1.621 1.717 0 0 255
-7.198 1.705 1.792 0 0 255
-7.137 1.699 1.678 153 255 0
-7.431 1.739 1.264 0 255 51
-8.128 1.809 1.094 0 0 255
-8.131 1.829 0.802 0 0 255
-7.905 1.821 1.594 0 255 229
-6.520 1.629 1.096 0 0 255
-7.248 1.720 1.818 0 0 255
-7.676 1.783 1.297 0 255 0
-7.972 1.839 0.940 0 0 255
-6.716 1.634 1.052 0 0 255
-7.376 1.712 1.794 0 34 255
-7.787 1.800 1.719 51 255 0
-7.035 1.684 1.549 0 255 72
-7.068 1.695 1.220 255 170 0
-6.748 1.633 1.731 0 0 255
-7.156 1.690 1.466 0 255 72
-7.823 1.807 1.761 0 255 153
-6.747 1.635 1.102 0 8 255
-7.230 1.665 1.709 0 255 140
-7.361 1.745 1.151 0 255 25
-7.436 1.739 1.663 204 255 0
-7.848 1.801 1.753 0 255 114
-7.049 1.693 1.098 255 223 0
-8.073 1.838 1.721 0 8 255
-7.269 1.713 1.670 0 255 68
-8.195 1.884 0.365 0 0 255
-7.042 1.663 1.206 0 255 119
-8.179 1.877 1.937 0 0 255
-7.849 1.819 1.265 110 255 0
-6.577 1.646 1.604 0 0 255
-7.758 1.788 1.481 255 226 0
-7.792 1.799 1.623 46 255 0
-7.851 1.812 1.211 157 255 0
-7.005 1.685 1.214 255 180 0
-6.888 1.666 1.366 0 255 76
-7.797 1.827 1.223 0 255 127
-7.744 1.789 1.697 144 255 0
-7.219 1.719 1.362 0 255 46
-8.173 1.902 0.278 0 0 255
-7.785 1.800 0.961 0 144 255
-7.937 1.833 1.340 0 212 255
-7.599 1.778 1.172 4 255 0
-7.458 1.742 1.726 0 255 80
-7.925 1.818 1.661 68 255 0
-7.403 1.755 0.993 123 255 0
-6.563 1.650 1.066 0 0 255
-8.137 1.854 1.487 0 0 255
-6.542 1.629 1.471 0 0 255
-6.824 1.647 1.398 191 255 0
-7.929 1.827 1.270 0 0 255
-7.344 1.731 1.402 255 161 0
-7.518 1.772 1.032 199 255 0
-7.063 1.687 1.598 0 255 212
-7.912 1.838 0.909 0 0 255
-8.190 1.876 1.651 0 0 255
-7.084 1.698 1.332 255 204 0
-8.035 1.836 1.739 0 8 255
-6.604 1.625 1.615 0 0 255
-8.152 1.878 1.758 0 0 255
-7.687 1.791 1.181 0 255 136
-7.666 1.776 1.593 255 240 0
-6.727 1.631 1.632 0 0 255
-7.860 1.804 1.582 204 255 0
-6.637 1.608 1.472 0 0 255
-7.729 1.784 1.486 0 255 12
-7.078 1.692 1.548 246 255 0
-7.384 1.747 1.344 0 255 17
-7.941 1.829 1.427 0 255 4
-6.613 1.627 1.730 0 0 255
-7.776 1.793 1.822 0 0 255
-7.392 1.740 1.585 255 230 0
-7.762 1.796 1.588 97 255 0
-7.277 1.717 1.651 144 255 0
-6.563 1.536 1.407 0 0 255
-7.839 1.807 1.823 0 0 255
-7.888 1.821 1.378 85 255 0
-7.783 1.791 1.806 0 42 255
-7.778 1.798 1.374 255 199 0
-7.341 1.724 1.551 0 255 38
-7.119 1.703 1.398 255 139 0
-6.598 1.629 1.215 0 0 255
-7.604 1.765 1.590 255 247 0
-7.941 1.824 1.707 0 110 255
-8.149 1.880 1.694 0 0 255
-7.184 1.711 1.484 238 255 0
-7.328 1.743 1.086 255 238 0
-7.430 1.741 1.580 0 255 174
-7.093 1.699 1.466 0 255 131
-7.831 1.805 1.211 0 255 25
-8.135 1.892 0.965 0 255 212
-6.552 1.647 0.920 0 0 255
-7.851 1.809 1.633 114 255 0
-6.767 1.661 0.933 0 0 255
-6.528 1.617 1.759 0 0 255
-6.790 1.643 1.672 0 0 255
-8.144 1.887 1.379 0 0 255
-6.875 1.655 1.734 29 255 0
-7.499 1.705 1.605 0 255 165
-6.588 1.650 1.122 0 8 255
-7.451 1.740 1.712 0 255 97
-6.826 1.654 1.183 0 255 89
-7.111 1.705 0.952 0 255 51
-7.966 1.826 1.435 0 0 255
-7.814 1.808 1.459 0 255 114
-7.777 1.795 1.425 0 255 110
-6.759 1.626 1.692 0 0 255
-6.643 1.627 1.601 0 0 255
-8.149 1.915 1.883 0 0 255
-7.802 1.826 1.084 59 255 0
-7.472 1.754 1.486 0 255 4
-7.377 1.729 1.778 0 255 140
-7.245 1.712 1.506 0 255 29
-8.145 1.894 0.896 0 0 255
-6.881 1.657 1.680 123 255 0
-7.481 1.753 1.516 255 214 0
-7.184 1.707 1.508 0 255 46
-6.525 1.618 1.287 0 0 255
-7.272 1.722 1.277 0 255 89
-6.888 1.659 1.368 255 180 0
-7.438 1.742 1.520 0 255 93
-7.060 1.698 1.129 255 204 0
-7.975 1.811 1.689 0 0 255
-7.490 1.759 1.155 0 255 170
-7.915 1.816 1.817 0 0 255
-6.896 1.658 1.672 0 255 21
-7.699 1.822 1.441 0 255 216
-6.603 1.628 1.679 0 0 255
-8.043 1.830 1.752 0 0 255
-6.652 1.627 1.264 0 0 255
-7.631 1.784 1.260 21 255 0
-7.186 1.702 1.663 0 255 63
-8.198 1.854 1.821 0 0 255
-7.407 1.739 1.748 76 255 0
-7.265 1.721 1.812 0 0 255
-7.928 1.806 1.488 0 51 255
-7.090 1.699 1.391 255 214 0
-7.792 1.806 0.981 4 255 0
-6.864 1.667 0.982 0 255 76
-8.138 1.890 1.904 0 0 255
-6.922 1.668 1.378 255 180 0
-6.920 1.666 1.233 250 255 0
-8.174 1.887 1.912 0 0 255
-7.868 1.808 1.753 0 255 127
-6.748 1.638 1.035 0 0 255
-7.084 1.689 1.573 229 255 0
-7.449 1.790 1.158 0 221 255
-7.972 1.807 0.924 0 0 255
-7.124 1.701 1.493 250 255 0
-6.870 1.667 1.225 255 182 0
-6.886 1.654 1.801 0 0 255
-8.129 1.917 0.517 0 0 255
-6.566 1.528 1.350 0 0 255
-7.923 1.821 1.214 0 255 29
-7.243 1.710 1.544 0 255 72
-7.678 1.782 1.820 0 0 255
-7.074 1.718 1.167 0 255 191
-6.890 1.654 1.646 199 255 0
-8.035 1.834 1.036 0 0 255
-7.783 1.808 1.106 0 255 144
-7.839 1.808 1.720 221 255 0
-6.797 1.644 1.654 0 255 12
-7.575 1.765 1.250 0 255 25
-6.656 1.615 1.275 0 0 255
-6.557 1.648 0.426 0 0 255
-7.618 1.763 1.832 0 0 255
-7.996 1.827 1.215 0 0 255
-8.174 1.896 0.947 0 17 255
-7.110 1.703 1.257 0 255 80
-6.616 1.630 1.664 0 0 255
-8.095 1.834 1.102 0 0 255
-8.096 1.856 1.252 0 0 255
-7.675 1.782 1.146 233 255 0
-8.182 1.871 1.750 0 8 255
-6.532 1.626 1.618 0 42 255
-7.556 1.757 1.691 0 255 89
-7.291 1.722 1.683 225 255 0
-6.560 1.656 0.307 0 0 255
-7.997 1.809 1.620 0 0 255
-7.900 1.821 1.465 0 255 4
-7.369 1.732 1.677 0 255 89
-8.092 1.848 0.731 0 0 255
-7.378 1.725 1.722 0 255 46
-6.664 1.598 1.622 0 0 255
-7.550 1.774 0.943 0 255 174
-7.847 1.804 1.813 0 0 255
-7.797 1.803 1.319 110 255 0
-7.628 1.766 1.128 0 255 51
-7.854 1.810 1.722 46 255 0
-7.925 1.837 0.951 0 255 55
-7.458 1.753 1.342 233 255 0
-7.193 1.717 1.045 255 197 0
-7.238 1.705 1.774 0 238 255
-6.590 1.634 1.529 0 17 255
-7.440 1.740 1.665 0 255 97
-7.545 1.760 1.449 255 175 0
-6.523 1.568 1.769 0 8 255
-7.102 1.691 1.695 161 255 0
-6.586 1.648 0.538 0 0 255
-7.366 1.756 0.902 0 0 255
-6.601 1.636 1.326 0 0 255
-8.117 1.867 1.843 0 0 255
-7.742 1.792 1.165 0 255 114
-7.396 1.744 1.129 0 255 21
-8.082 1.853 0.801 0 0 255
-6.742 1.625 1.673 0 0 255
-6.646 1.622 1.607 0 0 255
-6.523 1.661 1.140 0 0 255
-8.126 1.846 1.058 0 0 255
-7.528 1.763 1.700 0 255 8
-6.562 1.639 1.695 0 0 255
-7.181 1.710 1.621 0 255 51
-6.652 1.615 1.643 0 0 255
-7.863 1.821 1.024 17 255 0
-6.936 1.664 1.735 93 255 0
-7.893 1.805 1.655 0 255 12
-7.245 1.709 1.727 0 255 119
-7.288 1.727 1.513 0 255 93
-7.888 1.810 1.760 55 255 0
-8.200 1.860 1.220 0 0 255
-8.066 1.832 1.202 0 0 255
-6.989 1.680 0.983 0 255 76
-6.860 1.654 1.730 0 255 34
-7.158 1.708 1.183 0 255 76
-7.512 1.766 1.318 255 182 0
-7.898 1.805 1.667 0 255 8
-7.136 1.693 1.604 178 255 0
-7.529 1.772 1.041 0 255 12
-7.256 1.718 1.457 225 255 0
-7.131 1.709 1.131 255 180 0
-6.836 1.658 1.049 0 255 153
-7.159 1.708 1.274 255 103 0
-6.631 1.625 1.025 0 0 255
-7.130 1.694 1.614 182 255 0
-7.071 1.682 1.693 0 255 178
-7.238 1.712 1.573 255 245 0
-7.461 1.740 1.784 0 255 106
-6.599 1.577 1.903 0 0 255
-6.975 1.672 1.729 131 255 0
-6.817 1.653 1.378 229 255 0
-6.837 1.663 1.403 0 255 59
-7.047 1.681 1.675 119 255 0
-6.540 1.643 0.650 0 0 255
-7.129 1.700 1.021 0 255 140
-7.302 1.729 1.471 0 255 97
-7.298 1.711 1.556 0 255 51
-7.627 1.770 1.497 0 255 102
-7.341 1.722 1.780 0 255 136
-6.557 1.633 1.632 0 8 255
-7.546 1.763 1.817 0 8 255
-7.918 1.812 1.731 0 68 255
-7.287 1.731 1.533 0 255 8
-6.931 1.670 1.343 0 255 72
-8.201 1.853 1.643 0 0 255
-6.606 1.633 0.931 0 0 255
-7.529 1.758 1.466 255 180 0
-7.324 1.704 1.021 0 255 102
-6.528 1.608 1.769 0 0 255
-7.349 1.729 1.654 0 255 29
-8.167 1.883 1.137 0 0 255
-6.781 1.649 1.320 0 8 255
-7.126 1.707 0.992 199 255 0
-7.931 1.815 1.821 0 0 255
-7.915 1.817 1.204 0 255 42
-8.205 1.846 1.761 0 0 255
-7.773 1.797 1.712 72 255 0
-7.863 1.804 1.825 0 68 255
-7.172 1.719 1.143 0 255 89
-7.578 1.780 1.079 110 255 0
-7.329 1.735 1.294 255 211 0
-7.320 1.731 1.437 255 214 0
-6.856 1.663 1.458 0 255 72
-7.964 1.857 1.622 0 255 4
-7.107 1.696 1.419 0 255 119
-7.969 1.832 1.367 0 0 255
-7.270 1.730 1.256 255 163 0
-6.548 1.640 1.051 0 8 255
-8.176 1.873 1.817 0 0 255
-8.131 1.890 0.754 0 0 255
-7.560 1.758 1.694 0 255 140
-7.805 1.800 1.421 216 255 0
-6.819 1.659 1.362 0 255 68
-8.118 1.897 0.213 0 0 255
-8.111 1.809 1.593 0 0 255
-7.401 1.734 1.821 0 0 255
-7.471 1.748 1.447 0 255 170
-7.799 1.803 1.364 0 255 131
-8.111 1.847 1.301 0 0 255
-7.909 1.820 1.427 59 255 0
-7.306 1.718 1.768 0 255 127
-6.541 1.637 1.369 0 0 255
-6.541 1.555 1.584 0 0 255
-7.196 1.723 0.910 0 255 170
-6.528 1.624 1.647 0 34 255
-6.626 1.620 1.567 0 0 255
-7.773 1.794 1.424 255 216 0
-7.631 1.770 1.739 0 255 89
-6.754 1.657 0.917 0 0 255
-6.565 1.640 1.833 0 0 255
-7.560 1.768 1.807 0 0 255
-6.590 1.642 1.590 0 59 255
-6.839 1.658 1.221 0 255 55
-7.309 1.715 1.588 0 255 38
-8.192 1.858 1.864 0 0 255
-7.031 1.685 1.315 255 178 0
-7.246 1.724 1.306 0 255 21
-7.550 1.753 1.739 0 255 42
-6.865 1.653 1.544 0 255 63
-8.160 1.908 0.901 0 0 255
-7.199 1.701 1.754 0 255 72
-7.831 1.803 1.245 0 255 34
-8.026 1.796 1.740 0 8 255
-7.792 1.804 1.060 127 255 0
-6.716 1.632 1.516 0 0 255
-7.328 1.730 1.634 0 255 34
-7.287 1.712 1.763 0 255 144
-7.912 1.851 1.096 0 187 255
-7.496 1.758 1.814 0 0 255
-7.108 1.692 1.499 246 255 0
-7.380 1.747 0.993 195 255 0
-6.783 1.658 1.344 0 255 199
-6.926 1.661 1.725 63 255 0
-7.513 1.757 1.062 0 255 29
-7.781 1.808 1.150 0 255 165
-6.710 1.626 1.031 0 0 255
-7.078 1.695 1.590 0 255 80
-7.136 1.695 1.688 165 255 0
-7.510 1.763 1.440 0 255 106
-6.615 1.629 1.633 0 0 255
-8.073 1.827 1.679 0 0 255
-7.498 1.750 1.499 255 204 0
-7.548 1.755 1.507 0 255 97
-7.967 1.817 1.324 0 255 182
-7.392 1.750 0.991 0 255 161
-7.010 1.682 1.603 127 255 0
-7.314 1.720 1.632 127 255 0
-6.576 1.649 1.279 0 0 255
-8.192 1.864 1.707 0 0 255
-7.762 1.762 1.631 0 255 161
-7.280 1.709 1.814 0 0 255
-7.332 1.724 1.392 0 255 46
-7.061 1.694 1.344 255 117 0
-6.837 1.648 1.695 0 255 123
-6.960 1.675 1.750 0 246 255
-6.941 1.679 1.031 0 255 80
-6.549 1.637 0.805 0 0 255
-7.305 1.725 1.340 0 255 110
-7.157 1.710 1.233 0 255 85
-8.189 1.844 1.891 0 0 255
-7.339 1.735 1.281 191 255 0
-7.437 1.751 1.711 140 255 0
-6.534 1.602 1.283 0 0 255
-6.619 1.599 1.341 0 0 255
-8.075 1.849 1.031 0 0 255
-7.595 1.783 1.699 46 255 0
-7.964 1.815 1.409 0 0 255
-8.190 1.863 1.571 0 0 255
-7.723 1.792 1.136 0 255 127
-8.124 1.846 1.905 0 153 255
-7.192 1.727 0.924 0 255 4
-7.208 1.721 1.372 0 255 68
-6.557 1.626 1.795 0 0 255
-6.807 1.647 1.794 0 0 255
-7.279 1.722 1.601 157 255 0
-7.852 1.808 0.929 0 255 216
-7.064 1.665 1.202 0 255 161
-6.521 1.595 1.714 0 0 255
-7.799 1.798 1.851 0 0 255
-7.358 1.731 1.436 0 255 21
-6.919 1.660 1.736 34 255 0
-7.803 1.804 1.578 195 255 0
-6.878 1.669 1.256 0 255 72
-7.055 1.686 1.727 0 255 165
-7.977 1.822 1.270 0 0 255
-7.433 1.747 1.215 0 255 140
-6.790 1.595 1.663 0 255 59
-7.924 1.820 1.501 106 255 0
-7.557 1.778 1.135 0 255 182
-8.109 1.864 1.368 0 68 255
-8.109 1.855 1.710 0 0 255
-6.533 1.616 1.826 0 0 255
-8.164 1.883 1.897 0 0 255
-6.582 1.648 1.399 0 0 255
-7.761 1.789 1.595 34 255 0
-7.793 1.794 1.805 0 255 157
-8.069 1.838 1.345 0 0 255
-6.522 1.646 0.829 0 0 255
-6.706 1.623 1.536 0 0 255
-6.712 1.627 1.074 0 8 255
-8.191 1.867 1.789 0 8 255
-7.745 1.791 1.798 0 255 110
-8.158 1.891 0.384 0 0 255
-7.757 1.797 1.369 246 255 0
-6.841 1.655 1.468 119 255 0
-7.268 1.686 1.522 0 255 131
-7.875 1.819 1.178 0 255 157
-7.842 1.809 1.334 42 255 0
-6.531 1.619 1.836 0 0 255
-7.499 1.749 1.650 0 255 102
-7.460 1.755 1.398 0 255 97
-7.607 1.765 1.485 255 226 0
-8.100 1.827 1.721 0 0 255
-6.536 1.619 1.562 0 0 255
-7.515 1.760 1.518 229 255 0
-7.308 1.727 0.908 0 0 255
-6.540 1.563 0.646 0 8 255
-6.991 1.685 1.121 250 255 0
-7.012 1.676 1.602 0 255 68
-6.980 1.686 1.112 255 226 0
-7.290 1.719 1.777 0 255 106
-7.823 1.810 1.044 0 255 114
-7.711 1.795 1.209 12 255 0
-7.493 1.753 1.460 0 255 34
-7.499 1.753 1.784 0 255 127
-6.844 1.658 1.804 0 0 255
-7.593 1.771 1.704 0 255 0
-7.117 1.732 1.141 0 255 204
-7.711 1.785 1.436 0 255 106
-6.772 1.629 1.344 0 255 182
-7.973 1.813 1.452 0 0 255
-8.187 1.868 1.556 0 102 255
-6.659 1.626 1.529 0 0 255
-7.615 1.780 1.025 0 255 170
-8.128 1.820 0.434 0 0 255
-6.927 1.674 1.551 0 255 46
-7.965 1.822 1.175 0 0 255
-7.001 1.681 1.193 255 209 0
-6.595 1.634 0.999 0 0 255
-7.197 1.703 1.805 0 0 255
-7.019 1.686 1.174 0 255 72
-6.598 1.627 1.296 0 255 161
-6.794 1.656 1.403 0 8 255
-7.606 1.783 1.220 140 255 0
-8.019 1.772 1.518 0 76 255
-6.564 1.638 1.520 0 0 255
-6.644 1.606 1.645 0 0 255
-7.686 1.780 1.603 0 255 114
-7.056 1.689 1.291 0 255 72
-6.937 1.679 1.396 0 255 76
-6.737 1.638 1.735 0 0 255
-8.049 1.830 1.055 0 0 255
-6.805 1.653 1.797 0 0 255
-8.116 1.859 1.610 0 0 255
-7.129 1.694 1.676 0 255 63
-7.594 1.779 1.187 255 199 0
-7.677 1.783 1.339 0 255 136
-7.371 1.733 1.822 0 0 255
-8.167 1.891 0.584 0 0 255
-7.712 1.794 1.227 0 255 136
-7.341 1.725 1.617 0 255 85
-6.911 1.673 1.484 0 255 72
-7.766 1.796 1.559 17 255 0
-7.496 1.756 1.297 255 163 0
-7.396 1.740 1.655 0 255 0
-7.250 1.707 1.008 0 255 136
-7.017 1.677 1.594 140 255 0
-7.577 1.780 0.913 0 0 255
-7.971 1.817 1.776 0 0 255
-6.986 1.690 1.028 225 255 0
-6.942 1.673 1.280 242 255 0
-7.008 1.697 1.539 0 255 29
-7.726 1.802 1.226 119 255 0
-6.558 1.646 1.116 0 0 255
-7.337 1.734 1.412 255 168 0
-8.123 1.860 1.670 0 0 255
-6.526 1.614 1.564 0 0 255
-6.821 1.655 1.086 0 255 59
-7.896 1.805 1.805 0 0 255
-6.757 1.637 1.279 0 8 255
-8.228 1.771 1.349 0 0 255
-7.649 1.773 1.748 174 255 0
-7.925 1.830 1.399 0 127 255
-6.956 1.629 1.673 0 255 165
-7.205 1.703 1.698 144 255 0
-6.978 1.679 0.950 157 255 0
-8.179 1.804 1.657 0 0 255
-6.590 1.640 1.846 0 0 255
-6.790 1.611 1.228 0 0 255
-7.452 1.755 1.009 187 255 0
-7.172 1.720 1.021 0 255 102
-7.377 1.728 1.488 0 255 97
-7.317 1.727 1.569 0 255 12
-7.937 1.827 1.512 0 255 38
-7.757 1.805 0.897 0 0 255
-8.167 1.883 1.571 0 0 255
-6.879 1.657 1.683 0 255 72
-7.276 1.720 1.242 0 255 46
-6.582 1.632 1.550 0 8 255
-6.553 1.645 0.921 0 0 255
-6.921 1.658 1.607 89 255 0
-6.810 1.652 1.390 0 255 136
-8.154 1.867 1.862 0 0 255
-6.951 1.685 0.954 0 255 93
-8.187 1.780 0.776 0 0 255
-8.133 1.879 0.808 0 0 255
-7.960 1.824 1.382 0 0 255
-6.962 1.680 1.317 255 187 0
-6.832 1.651 1.627 178 255 0
-7.552 1.767 1.451 8 255 0
-7.474 1.756 1.322 0 255 4
-7.885 1.824 0.988 29 255 0
-7.676 1.778 0.950 0 255 178
-7.356 1.737 1.496 187 255 0
-8.168 1.904 0.442 0 0 255
-7.483 1.756 1.206 255 182 0
-6.953 1.671 1.686 123 255 0
-7.208 1.706 1.784 0 93 255
-6.556 1.646 1.626 0 255 242
-6.546 1.645 1.793 0 0 255
-7.703 1.773 1.240 0 255 29
-7.089 1.695 1.484 208 255 0
-7.676 1.786 1.567 17 255 0
-7.259 1.711 1.640 191 255 0
-7.316 1.729 1.570 136 255 0
-7.997 1.836 1.754 0 0 255
-7.382 1.739 1.202 255 175 0
-8.137 1.872 1.331 0 25 255
-7.965 1.782 1.072 0 255 170
-7.868 1.814 1.350 170 255 0
-6.727 1.625 1.554 0 0 255
-7.719 1.780 1.466 255 209 0
-7.324 1.735 1.194 0 255 97
-6.960 1.677 1.367 0 255 68
-8.193 1.855 1.834 0 0 255
-6.909 1.663 1.270 255 170 0
-8.131 1.868 1.342 0 0 255
-7.878 1.817 1.392 182 255 0
-7.915 1.836 1.117 21 255 0
-8.155 1.878 1.742 0 0 255
-7.604 1.776 1.462 110 255 0
-8.200 1.899 1.787 0 0 255
-6.624 1.625 1.722 0 0 255
-7.904 1.818 0.968 0 255 38
-7.415 1.742 1.652 0 255 93
-6.776 1.647 1.118 0 8 255
-7.208 1.706 1.686 157 255 0
-7.591 1.765 1.243 255 230 0
-8.045 1.817 1.582 0 0 255
-8.170 1.906 0.426 0 8 255
-6.907 1.664 1.246 255 178 0
-6.941 1.663 1.524 255 233 0
-7.280 1.734 1.159 238 255 0
-8.202 1.776 0.534 0 0 255
-6.973 1.634 1.012 0 34 255
-8.104 1.853 1.741 0 0 255
-7.967 1.823 1.767 0 0 255
-7.142 1.696 1.554 0 255 72
-7.951 1.823 1.567 0 0 255
-7.877 1.804 1.615 191 255 0
-6.690 1.603 1.201 0 17 255
-7.691 1.791 1.258 0 255 174
-6.557 1.643 1.287 0 0 255
-7.357 1.722 1.558 0 255 55
-7.536 1.755 1.614 0 255 140
-7.201 1.709 1.304 255 223 0
-6.997 1.687 1.004 0 255 55
-8.001 1.811 1.481 0 0 255
-7.156 1.705 1.600 0 255 55
-8.127 1.850 0.253 0 8 255
-6.716 1.641 1.066 0 0 255
-7.328 1.762 1.288 0 255 144
-7.810 1.802 1.486 21 255 0
-6.841 1.662 1.117 0 255 68
-6.545 1.641 0.841 0 0 255
-7.022 1.713 1.338 0 255 187
-6.945 1.680 1.164 0 255 72
-6.864 1.666 1.441 0 255 68
-7.474 1.753 1.618 0 255 97
-6.981 1.678 1.683 0 255 51
-7.752 1.794 1.688 148 255 0
-8.130 1.867 1.649 0 0 255
-7.593 1.777 1.383 21 255 0
-7.627 1.790 0.944 0 255 153
-6.563 1.657 0.323 0 0 255
-8.121 1.881 1.856 0 0 255
-6.604 1.527 1.350 0 0 255
-8.157 1.895 1.007 0 0 255
-7.887 1.806 1.610 0 255 170
-7.259 1.722 1.473 255 209 0
-6.839 1.648 1.791 0 8 255
-7.087 1.699 1.406 0 255 80
-7.132 1.692 1.739 114 255 0
-7.439 1.743 1.802 0 0 255
-7.771 1.802 1.139 187 255 0
-7.216 1.707 1.544 255 235 0
-7.699 1.780 1.694 195 255 0
-7.499 1.747 1.614 0 255 34
-7.984 1.820 1.715 0 0 255
-7.253 1.723 1.337 0 255 76
-7.666 1.772 1.767 0 255 12
-7.625 1.790 1.086 0 255 119
-8.199 1.861 0.966 0 42 255
-6.898 1.658 1.473 0 255 89
-6.522 1.649 0.397 0 0 255
-8.010 1.855 1.082 0 8 255
-7.054 1.690 1.441 0 255 174
-6.545 1.617 1.849 0 0 255
-7.742 1.776 1.142 0 255 127
-7.596 1.763 1.818 0 8 255
-7.089 1.694 1.536 0 255 76
-6.997 1.679 1.694 140 255 0
-7.112 1.699 1.421 255 141 0
-7.773 1.808 1.078 93 255 0
-8.204 1.841 1.783 0 0 255
-7.754 1.798 1.701 46 255 0
-8.192 1.871 1.179 0 0 255
-6.599 1.629 1.496 0 0 255
-8.168 1.897 0.856 0 0 255
-7.248 1.720 1.441 255 240 0
-7.101 1.683 1.640 0 255 59
-7.173 1.684 1.311 0 255 110
-6.791 1.643 1.507 0 25 255
-7.758 1.796 1.279 34 255 0
-7.611 1.771 1.344 4 255 0
-8.130 1.855 1.073 0 0 255
-8.135 1.867 1.920 0 0 255
-8.099 1.846 1.385 0 255 178
-7.824 1.813 1.103 21 255 0
-8.180 1.873 1.618 0 8 255
-7.125 1.703 1.333 0 255 55
-6.575 1.659 0.608 0 0 255
-7.975 1.809 1.509 0 0 255
-7.269 1.720 1.604 221 255 0
-7.228 1.714 1.523 255 230 0
-7.733 1.832 1.235 0 255 238
-6.523 1.624 1.477 0 0 255
-7.163 1.705 1.346 255 187 0
-7.573 1.762 1.571 89 255 0
-7.942 1.800 1.496 0 255 131
-8.202 1.851 1.769 0 0 255
-7.142 1.700 1.674 0 255 63
-6.655 1.626 1.218 0 0 255
-6.810 1.642 1.712 0 255 161
-6.762 1.633 1.644 0 0 255
-8.143 1.885 0.953 0 0 255
-6.530 1.577 0.544 0 0 255
-6.865 1.667 1.096 0 255 72
-7.697 1.788 1.049 0 255 4
-7.778 1.799 1.287 4 255 0
-7.168 1.709 1.255 0 255 51
-7.240 1.720 1.464 255 233 0
-6.544 1.630 1.876 0 0 255
-6.788 1.642 1.552 0 34 255
-7.056 1.693 1.685 0 255 76
-7.087 1.697 1.439 255 216 0
-6.541 1.646 1.244 0 161 255
-7.915 1.832 1.670 8 255 0
-6.741 1.641 0.869 0 0 255
-7.264 1.720 1.694 0 255 46
-8.134 1.895 1.270 0 0 255
-7.702 1.786 1.815 0 0 255
-7.866 1.818 1.425 0 255 187
-7.972 1.834 1.012 0 0 255
-7.029 1.681 1.724 153 255 0
-8.134 1.859 1.621 0 0 255
-6.924 1.667 1.769 0 255 127
-6.748 1.659 0.923 0 8 255
-8.207 1.873 0.213 0 0 255
-6.574 1.642 1.571 0 0 255
-7.028 1.688 0.948 0 255 187
-7.052 1.683 1.760 0 255 55
-6.782 1.640 1.581 0 0 255
-7.233 1.734 0.907 0 255 195
-8.077 1.823 1.398 0 0 255
-6.563 1.646 1.476 0 0 255
-7.797 1.800 1.729 51 255 0
-8.200 1.867 1.241 0 8 255
-7.347 1.738 1.194 255 161 0
-7.271 1.717 1.498 0 255 170
-7.493 1.750 1.596 0 255 170
-7.397 1.733 1.612 0 255 80
-7.939 1.827 1.771 0 93 255
-7.086 1.687 1.585 216 255 0
-7.921 1.820 1.040 0 255 38
-7.590 1.764 1.773 0 255 55
-8.135 1.883 0.742 0 0 255
-7.305 1.746 0.905 0 119 255
-7.728 1.801 1.154 127 255 0
-6.563 1.640 1.429 0 0 255
-7.594 1.766 1.087 0 170 255
-6.796 1.682 0.966 0 17 255
-7.026 1.678 1.688 178 255 0
-7.200 1.705 1.634 221 255 0
-7.533 1.761 1.768 0 255 106
-7.500 1.748 1.781 0 255 102
-7.024 1.689 1.009 0 255 80
-7.835 1.814 1.173 174 255 0
-7.928 1.830 0.987 0 255 51
-7.952 1.831 1.211 0 8 255
-7.910 1.805 1.791 12 255 0
-7.241 1.691 1.185 0 255 127
-7.808 1.809 1.316 0 255 153
-6.762 1.629 1.686 0 0 255
-6.534 1.640 1.251 0 0 255
-6.662 1.617 1.579 0 0 255
-6.658 1.616 1.279 0 0 255
-7.478 1.692 1.798 0 0 255
-7.290 1.717 1.791 0 0 255
-6.687 1.611 1.574 0 0 255
-7.721 1.790 1.361 17 255 0
-6.958 1.668 1.557 0 255 72
-6.987 1.672 1.588 170 255 0
-7.098 1.691 1.727 140 255 0
-7.575 1.758 0.936 0 255 221
-6.829 1.659 1.422 0 255 216
-6.538 1.630 1.305 0 0 255
-7.455 1.749 1.360 0 255 0
-7.662 1.776 1.630 0 255 106
-7.526 1.757 1.656 0 255 199
-7.414 1.751 1.220 187 255 0
-7.976 1.831 1.094 0 0 255
-7.432 1.755 1.079 0 255 106
-8.197 1.814 1.702 0 0 255
-6.561 1.562 1.519 0 0 255
-7.793 1.796 1.465 17 255 0
-6.594 1.634 1.690 0 0 255
-7.422 1.747 1.563 0 255 144
-7.152 1.703 1.252 255 235 0
-7.523 1.760 1.074 0 255 29
-7.965 1.832 1.508 0 0 255
-8.099 1.857 1.054 0 0 255
-7.877 1.814 1.018 4 255 0
-7.737 1.853 1.296 0 17 255
-7.677 1.795 1.236 0 255 110
-7.523 1.786 1.694 0 17 255
-6.894 1.672 1.032 0 255 63
-8.125 1.882 1.858 0 0 255
-7.607 1.771 1.738 208 255 0
-6.531 1.638 0.539 0 0 255
-7.846 1.814 1.271 0 255 165
-7.404 1.737 1.424 0 255 140
-6.666 1.624 1.504 0 0 255
-6.785 1.646 1.735 0 0 255
-8.120 1.933 0.295 0 0 255
-6.650 1.573 0.915 0 0 255
-7.397 1.740 1.288 0 255 174
-8.028 1.825 1.533 0 0 255
-6.519 1.609 1.295 0 25 255
-8.061 1.832 1.643 0 0 255
-6.522 1.610 1.826 0 0 255
-6.866 1.663 0.965 0 255 59
-6.847 1.653 1.313 0 255 59
-6.571 1.664 1.791 0 0 255
-7.548 1.766 1.175 0 255 170
-7.348 1.738 1.765 0 255 38
-7.128 1.714 0.931 0 255 97
-6.510 1.594 0.394 0 0 255
-8.080 1.828 1.738 0 0 255
-7.213 1.727 0.930 51 255 0
-7.328 1.746 0.947 93 255 0
-8.061 1.834 1.729 0 8 255
-6.759 1.629 1.319 0 0 255
-7.434 1.756 0.959 106 255 0
-6.654 1.617 1.462 0 0 255
-8.036 1.842 1.748 0 34 255
-7.694 1.786 1.587 0 255 127
-7.490 1.766 0.933 0 25 255
-6.687 1.551 1.698 0 8 255
-7.476 1.749 1.650 165 255 0
-7.244 1.753 1.151 0 25 255
-6.614 1.628 1.659 0 0 255
-7.542 1.771 1.242 0 255 0
-6.678 1.613 1.502 0 0 255
-8.025 1.831 1.075 0 0 255
-6.531 1.613 1.662 0 0 255
-6.636 1.612 0.940 0 0 255
-6.530 1.625 1.790 0 0 255
-8.133 1.876 1.138 0 0 255
-7.860 1.813 1.077 8 255 0
-6.830 1.643 1.614 93 255 0
-8.172 1.899 0.375 0 0 255
-7.042 1.703 0.927 38 255 0
-7.307 1.765 1.167 0 255 199
-6.770 1.581 1.226 0 0 255
-8.183 1.837 1.083 0 0 255
-7.922 1.824 1.540 0 255 38
-7.152 1.701 1.283 0 212 255
-7.041 1.678 1.686 114 255 0
-6.708 1.644 0.941 0 0 255
-7.952 1.826 1.280 0 17 255
-8.047 1.837 1.026 0 0 255
-6.584 1.635 1.639 0 93 255
-8.155 1.849 0.893 0 0 255
-7.975 1.806 1.657 0 0 255
-8.142 1.877 1.919 0 0 255
-7.908 1.812 1.410 170 255 0
-6.606 1.627 1.134 0 0 255
-7.809 1.803 1.186 0 255 178
-7.871 1.812 1.795 0 255 178
-6.515 1.598 1.732 0 0 255
-6.946 1.670 1.268 238 255 0
-6.897 1.659 1.704 55 255 0
-7.448 1.745 1.625 0 255 165
-7.387 1.745 1.193 255 187 0
-7.179 1.706 1.569 195 255 0
-7.449 1.748 1.346 255 165 0
-7.946 1.831 1.447 0 0 255
-6.524 1.646 1.422 0 0 255
-7.679 1.794 1.115 80 255 0
-6.541 1.618 1.870 0 0 255
-6.871 1.659 1.344 0 255 216
-7.147 1.693 1.755 42 255 0
-7.729 1.800 1.025 0 255 4
-7.958 1.821 1.817 0 0 255
-7.281 1.736 1.147 216 255 0
-6.569 1.647 0.958 0 0 255
-8.116 1.870 0.438 0 0 255
-7.304 1.742 0.898 0 0 255
-7.513 1.763 1.118 255 197 0
-7.372 1.714 0.944 0 68 255
-6.637 1.612 1.646 0 0 255
-7.838 1.763 1.578 0 255 127
-6.584 1.643 1.433 0 68 255
-8.097 1.852 1.343 0 0 255
-7.464 1.742 1.606 0 255 93
-8.150 1.873 1.932 0 0 255
-7.858 1.816 1.126 0 255 127
-7.164 1.697 1.218 0 255 131
-6.833 1.651 1.708 97 255 0
-7.033 1.673 1.780 0 255 136
-6.583 1.631 1.382 0 0 255
-6.969 1.686 1.363 0 255 80
-6.783 1.648 1.612 0 255 191
-7.092 1.695 1.414 199 255 0
-6.804 1.647 1.402 0 136 255
-6.781 1.643 1.598 0 0 255
-6.546 1.574 1.803 0 0 255
-6.754 1.643 0.969 0 8 255
-7.729 1.802 1.196 42 255 0
-7.434 1.747 1.338 0 255 12
-7.606 1.764 1.829 0 0 255
-6.607 1.640 0.757 0 0 255
-8.096 1.866 0.967 0 34 255
-7.602 1.788 0.933 0 0 255
-8.095 1.830 1.256 0 0 255
-7.743 1.787 1.751 0 255 131
-6.960 1.676 1.223 255 250 0
-7.974 1.742 1.866 0 0 255
-7.894 1.816 1.474 0 255 148
-7.281 1.719 1.805 0 0 255
-6.626 1.559 1.842 0 0 255
-7.147 1.705 1.161 0 255 165
-6.765 1.623 1.589 0 25 255
-7.895 1.843 1.401 0 246 255
-7.054 1.683 1.665 123 255 0
-7.832 1.799 1.604 195 255 0
-6.574 1.560 1.160 0 0 255
-6.534 1.585 1.379 0 0 255
-6.745 1.636 1.725 0 0 255
-7.806 1.791 1.751 0 255 110
-7.214 1.690 1.433 0 255 68
-8.142 1.882 1.685 0 0 255
-6.550 1.627 1.675 0 0 255
-7.497 1.751 1.698 106 255 0
-7.897 1.815 1.536 0 255 153
-6.693 1.630 1.043 0 0 255
-7.471 1.761 1.297 212 255 0
-6.696 1.617 1.664 0 0 255
-6.812 1.656 1.221 0 255 59
-7.740 1.789 1.649 199 255 0
-6.992 1.679 1.520 0 255 59
-7.516 1.771 1.043 136 255 0
-7.541 1.772 1.202 255 252 0
-7.111 1.701 1.198 255 149 0
-6.506 1.618 0.442 0 0 255
-6.559 1.641 1.341 0 0 255
-7.733 1.812 0.904 0 0 255
-6.998 1.689 1.489 0 255 42
-7.652 1.772 1.472 255 197 0
-7.850 1.829 0.941 0 255 68
-6.948 1.665 1.572 242 255 0
-7.690 1.777 1.502 0 255 12
-7.007 1.676 1.594 187 255 0
-7.174 1.712 0.865 0 0 255
-6.580 1.634 1.798 0 0 255
-6.601 1.630 1.736 0 25 255
-8.195 1.856 1.596 0 0 255
-7.781 1.791 1.603 0 255 12
-7.715 1.793 1.467 0 255 161
-8.135 1.875 0.722 0 0 255
-8.002 1.832 1.780 0 0 255
-7.293 1.730 1.586 0 255 12
-6.598 1.632 1.655 0 0 255
-7.452 1.757 1.051 0 255 165
-8.108 1.849 1.243 0 0 255
-7.308 1.723 1.342 255 206 0
-7.555 1.754 1.745 170 255 0
-7.825 1.799 1.644 0 255 127
-8.194 1.859 1.473 0 0 255
-7.390 1.739 1.460 0 255 195
-6.560 1.636 1.767 0 0 255
-8.126 1.912 1.812 0 0 255
-7.573 1.774 1.031 0 255 4
-6.702 1.627 1.697 0 0 255
-7.521 1.758 1.615 114 255 0
-7.951 1.825 1.234 0 8 255
-7.922 1.831 0.930 0 0 255
-6.980 1.688 1.352 0 255 76
-7.020 1.693 1.060 255 245 0
-7.901 1.813 1.552 0 161 255
-7.252 1.720 1.493 195 255 0
-8.143 1.870 1.586 0 0 255
-8.125 1.905 0.811 0 0 255
-6.981 1.674 1.604 165 255 0
-6.600 1.624 1.482 0 144 255
-8.151 1.869 1.849 0 0 255
-7.087 1.698 1.355 255 228 0
-8.102 1.843 1.581 0 0 255
-7.165 1.703 1.743 85 255 0
-7.525 1.766 1.133 0 255 182
-7.576 1.766 1.368 0 255 136
-6.558 1.555 1.469 0 110 255
-6.531 1.619 1.632 0 68 255
-7.824 1.807 1.549 51 255 0
-7.555 1.755 1.734 0 255 89
-6.524 1.594 1.725 0 76 255
-7.104 1.690 1.672 153 255 0
-6.772 1.587 1.556 0 0 255
-7.390 1.775 0.967 0 255 195
-8.098 1.834 1.803 0 0 255
-6.553 1.640 1.260 0 0 255
-7.061 1.680 1.779 0 144 255
-7.638 1.784 1.101 0 255 12
-7.236 1.708 1.414 255 245 0
-6.600 1.626 1.566 0 0 255
-7.167 1.680 1.225 0 255 157
-7.423 1.742 1.457 225 255 0
-8.160 1.882 1.870 0 0 255
-6.771 1.646 0.986 0 0 255
-6.699 1.639 1.718 0 0 255
-7.427 1.732 1.725 191 255 0
-7.198 1.715 1.622 0 255 21
-7.590 1.761 1.725 0 221 255
-6.832 1.655 1.037 0 255 55
-7.506 1.755 1.627 0 255 8
-6.703 1.634 1.718 0 0 255
-7.853 1.810 1.154 157 255 0
-8.002 1.835 1.001 0 8 255
-7.868 1.802 1.783 0 255 165
-6.838 1.647 1.777 0 255 153
-6.781 1.651 1.361 0 17 255
-7.889 1.815 1.810 0 255 165
-6.569 1.635 1.377 0 93 255
-8.134 1.892 1.714 0 0 255
-7.854 1.815 1.057 0 255 195
-7.243 1.724 0.974 0 255 93
-7.831 1.807 1.233 174 255 0
-6.974 1.664 1.758 0 255 119
-7.986 1.823 1.807 0 0 255
-6.810 1.661 0.969 0 255 161
-7.215 1.715 1.414 255 209 0
-6.998 1.700 0.880 0 0 255
-8.148 1.871 1.086 0 0 255
-7.823 1.808 1.410 0 255 233
-7.978 1.832 1.535 0 0 255
-8.163 1.883 1.680 0 0 255
-6.611 1.653 1.036 0 0 255
-8.149 1.893 1.199 0 34 255
-7.210 1.708 1.553 255 250 0
-6.914 1.677 1.137 233 255 0
-6.622 1.564 0.550 0 0 255
-7.268 1.729 1.214 0 255 199
-6.588 1.596 0.746 0 0 255
-6.595 1.635 1.459 0 17 255
-8.181 1.879 1.262 0 255 187
-6.782 1.656 1.778 0 0 255
-6.852 1.654 1.409 0 255 170
-6.882 1.654 1.782 0 42 255
-7.807 1.793 1.770 0 255 8
-8.010 1.821 1.528 0 0 255
-7.888 1.821 1.405 0 255 165
-7.478 1.763 1.053 0 255 114
-7.224 1.701 1.792 0 255 127
-6.940 1.674 1.399 0 255 63
-8.177 1.892 0.654 0 0 255
-8.094 1.836 1.566 0 0 255
-7.305 1.735 1.265 255 153 0
-7.580 1.769 1.127 0 255 136
-7.625 1.767 1.560 0 255 153
-6.537 1.636 1.320 0 0 255
-7.617 1.780 1.185 0 255 161
-7.071 1.683 1.641 0 255 63
-6.548 1.534 1.538 0 255 242
-6.801 1.641 1.660 0 255 110
-7.779 1.797 1.758 0 255 119
-7.938 1.817 1.708 0 85 255
-7.089 1.687 1.528 0 255 174
-8.115 1.868 0.286 0 0 255
-7.117 1.688 1.635 170 255 0
-7.387 1.744 1.021 0 255 46
-7.552 1.761 1.097 0 255 42
-7.161 1.707 1.486 0 255 51
-7.239 1.715 1.676 144 255 0
-7.337 1.730 1.816 0 0 255
-7.012 1.680 1.287 255 182 0
-7.904 1.828 1.069 42 255 0
-7.206 1.717 1.231 255 211 0
-6.903 1.666 1.598 165 255 0
-7.471 1.754 1.273 255 185 0
-7.292 1.720 1.618 233 255 0
-7.204 1.709 1.447 242 255 0
-7.373 1.741 1.550 255 218 0
-7.206 1.714 1.641 153 255 0
-6.940 1.673 1.641 0 255 63
-7.233 1.723 1.346 0 255 17
-7.308 1.708 1.033 0 255 123
-6.913 1.680 0.882 0 0 255
-7.430 1.746 1.433 238 255 0
-6.557 1.643 1.581 0 0 255
-7.004 1.689 1.120 0 255 51
-6.701 1.627 1.521 0 0 255
-6.838 1.649 1.741 0 76 255
-7.203 1.715 1.268 255 228 0
-7.410 1.751 0.981 0 255 97
-7.047 1.690 1.483 148 255 0
-6.903 1.630 1.292 0 255 157
-7.685 1.781 1.576 21 255 0
-8.142 1.914 0.490 0 0 255
-7.339 1.746 1.091 0 255 182
-6.935 1.671 1.208 255 175 0
-7.040 1.692 1.203 0 255 42
-8.162 1.878 1.750 0 0 255
-6.547 1.651 1.253 0 0 255
-7.475 1.755 1.432 0 255 4
-7.429 1.706 1.834 0 0 255
-6.523 1.622 0.898 0 8 255
-7.501 1.747 1.669 0 255 131
-7.838 1.809 1.463 97 255 0
-6.912 1.660 1.698 110 255 0
-6.537 1.580 0.995 0 25 255
-6.893 1.670 1.180 0 255 68
-6.767 1.588 1.594 0 0 255
-7.361 1.738 1.740 0 255 93
-7.374 1.733 1.736 102 255 0
-7.553 1.767 1.087 0 255 208
-7.886 1.813 1.289 255 221 0
-6.675 1.622 1.546 0 0 255
-7.810 1.805 1.406 0 255 144
-7.949 1.818 1.813 0 8 255
-7.848 1.813 1.234 93 255 0
-7.693 1.796 1.186 89 255 0
-6.860 1.649 1.159 0 255 157
-6.568 1.591 1.756 0 0 255
-7.854 1.805 1.803 0 255 187
-8.043 1.818 1.579 0 0 255
-7.579 1.776 1.135 0 255 178
-7.826 1.798 1.779 0 255 131
-7.515 1.747 1.761 0 255 136
-6.567 1.636 1.293 0 76 255
-7.908 1.806 1.785 0 255 97
-7.666 1.799 0.932 0 255 212
-8.036 1.821 1.596 0 0 255
-7.900 1.819 1.818 0 34 255
-7.734 1.795 1.516 42 255 0
-6.533 1.557 1.589 0 42 255
-6.677 1.619 1.392 0 0 255
-7.602 1.765 1.780 0 255 114
-7.598 1.768 1.613 110 255 0
-8.164 1.870 1.887 0 0 255
-6.525 1.626 0.865 0 0 255
-7.278 1.724 1.704 195 255 0
-8.133 1.868 1.252 0 0 255
-8.097 1.843 1.255 0 0 255
-6.751 1.641 1.055 0 0 255
-6.809 1.647 1.511 0 42 255
-7.113 1.692 1.518 0 255 72
-8.075 1.836 1.409 0 0 255
-6.987 1.688 1.074 242 255 0
-7.405 1.744 1.565 255 226 0
-6.994 1.685 1.134 255 238 0
-6.924 1.665 1.748 0 255 153
-6.919 1.668 1.439 255 228 0
-6.573 1.648 1.029 0 0 255
-7.054 1.681 1.758 0 255 85
-8.194 1.872 1.297 0 102 255
-7.440 1.740 1.651 0 255 93
-7.707 1.783 1.334 0 255 4
-7.383 1.721 1.787 0 255 80
-7.764 1.745 1.406 0 119 255
-6.815 1.611 1.759 0 255 174
-6.807 1.643 1.598 0 255 238
-7.661 1.788 1.289 21 255 0
-6.682 1.631 1.737 0 0 255
-7.902 1.810 1.757 0 255 119
-8.167 1.880 1.885 0 0 255
-7.723 1.798 1.326 110 255 0
-6.641 1.605 1.444 0 0 255
-6.993 1.692 1.051 0 255 85
-6.600 1.633 1.736 0 0 255
-7.480 1.757 1.274 204 255 0
-6.579 1.646 1.143 0 0 255
-7.186 1.718 0.981 199 255 0
-6.808 1.657 1.148 0 153 255
-7.378 1.736 1.371 255 197 0
-8.060 1.823 1.580 0 0 255
-8.120 1.861 1.718 0 0 255
-6.931 1.662 1.650 0 255 46
-7.708 1.791 1.465 148 255 0
-7.367 1.697 1.419 0 255 80
-6.597 1.629 0.973 0 68 255
-8.142 1.876 1.457 0 0 255
-6.575 1.643 0.390 0 0 255
-7.254 1.719 1.561 0 255 21
-7.721 1.799 0.920 0 102 255
-8.042 1.829 1.535 0 0 255
-6.650 1.621 1.117 0 0 255
-7.070 1.690 1.767 0 255 119
-7.689 1.782 1.440 0 255 106
-7.228 1.690 1.233 0 255 119
-6.699 1.623 1.012 0 0 255
-7.495 1.756 1.343 178 255 0
-6.578 1.646 0.917 0 59 255
-8.129 1.865 1.817 0 0 255
-7.737 1.784 1.821 0 0 255
-6.491 1.629 0.863 0 0 255
-7.505 1.757 1.049 0 255 34
-7.507 1.751 1.301 0 255 102
-7.879 1.815 1.221 4 255 0
-7.196 1.707 1.721 119 255 0
-7.863 1.823 0.952 0 255 161
-6.802 1.650 1.320 0 255 110
-7.040 1.694 1.197 255 175 0
-6.868 1.663 1.043 123 255 0
-8.170 1.889 0.773 0 0 255
-8.042 1.840 1.780 0 0 255
-7.203 1.721 1.126 255 151 0
-6.620 1.612 1.234 0 0 255
-6.750 1.641 1.747 0 0 255
-8.188 1.906 1.517 0 0 255
-7.913 1.824 0.962 0 255 4
-8.086 1.839 1.377 0 17 255
-7.018 1.689 1.109 0 255 68
-8.084 1.835 1.393 0 8 255
-8.139 1.818 1.067 0 255 208
-7.338 1.738 1.343 255 110 0
-8.194 1.869 1.550 0 0 255
-8.119 1.808 0.572 0 0 255
-7.224 1.728 1.173 255 144 0
-7.265 1.756 1.182 0 255 195
-6.536 1.612 1.547 0 76 255
-6.829 1.645 1.648 0 255 51
-6.522 1.605 0.988 0 0 255
-6.526 1.635 1.333 0 187 255
-6.655 1.605 1.631 0 0 255
-8.125 1.878 1.805 0 0 255
-7.897 1.808 1.125 0 255 8
-7.192 1.712 1.399 255 233 0
-6.666 1.631 1.715 0 0 255
-8.121 1.862 1.327 0 34 255
-8.152 1.804 0.641 0 8 255
-6.678 1.612 1.301 0 0 255
-7.704 1.788 1.270 0 68 255
-6.570 1.645 1.533 0 0 255
-7.619 1.782 0.987 0 246 255
-7.019 1.682 1.737 0 255 161
-8.121 1.863 1.498 0 0 255
-7.572 1.771 1.212 255 204 0
-8.010 1.834 1.731 0 0 255
-6.606 1.631 1.761 0 0 255
-6.700 1.650 0.918 0 0 255
-6.884 1.660 1.152 0 255 148
-8.090 1.834 1.091 0 0 255
-6.639 1.604 1.649 0 0 255
-7.008 1.688 1.161 0 255 68
-7.804 1.810 1.469 0 255 153
-6.542 1.640 0.709 0 0 255
-6.870 1.689 1.300 0 255 178
-6.890 1.657 1.628 0 255 76
-6.682 1.631 0.947 0 8 255
-7.608 1.763 1.548 255 226 0
-7.072 1.685 1.660 174 255 0
-6.783 1.646 1.514 0 170 255
-8.141 1.879 1.006 0 0 255
-7.434 1.752 1.111 255 235 0
-6.575 1.639 1.573 0 17 255
-7.763 1.793 1.647 0 255 119
-7.354 1.694 0.975 0 255 89
-7.500 1.770 1.064 242 255 0
-7.623 1.766 1.780 0 255 38
-7.791 1.799 1.802 0 255 148
-7.362 1.743 1.400 204 255 0
-6.925 1.667 1.650 199 255 0
-6.882 1.665 1.003 0 255 68
-7.846 1.772 1.739 0 144 255
-7.335 1.728 1.623 187 255 0
-7.528 1.757 1.592 119 255 0
-7.515 1.753 1.688 0 255 89
-7.538 1.768 1.477 250 255 0
-6.887 1.662 1.555 153 255 0
-7.072 1.693 1.324 255 178 0
-6.808 1.651 1.343 0 255 68
-7.531 1.766 1.151 255 250 0
-7.627 1.777 1.806 0 0 255
-7.099 1.738 0.882 0 0 255
-6.833 1.651 1.470 255 211 0
-7.515 1.763 1.390 170 255 0
-7.314 1.755 0.950 0 255 221
-6.534 1.618 1.826 0 0 255
-6.805 1.646 1.402 0 17 255
-6.807 1.650 1.590 0 8 255
-8.120 1.873 0.398 0 0 255
-7.961 1.821 0.930 0 0 255
-8.182 1.882 0.924 0 0 255
-7.235 1.711 1.787 0 0 255
-7.607 1.769 1.536 255 228 0
-7.451 1.750 1.364 246 255 0
-7.524 1.762 1.406 0 255 148
-7.712 1.782 1.732 136 255 0
-6.567 1.653 1.723 0 0 255
-7.837 1.808 1.534 72 255 0
-7.153 1.714 0.966 199 255 0
-8.049 1.830 1.706 0 0 255
-6.578 1.645 1.035 0 8 255
-6.905 1.665 1.587 182 255 0
-6.975 1.672 1.760 0 255 68
-8.186 1.888 1.031 0 102 255
-7.217 1.711 1.784 0 0 255
-7.713 1.793 1.361 106 255 0
-7.050 1.687 1.543 170 255 0
-7.205 1.707 1.644 131 255 0
-7.571 1.766 1.254 8 255 0
-7.746 1.794 1.787 0 255 63
-7.688 1.775 1.812 0 0 255
-6.778 1.642 1.296 0 8 255
-8.211 1.868 0.455 0 0 255
-8.206 1.855 1.283 0 0 255
-7.568 1.767 1.424 255 187 0
-6.560 1.643 1.812 0 0 255
-6.740 1.657 0.918 0 0 255
-7.914 1.823 1.403 110 255 0
-7.958 1.824 0.943 0 0 255
-7.074 1.696 1.200 255 120 0
-7.282 1.716 1.767 0 255 76
-7.234 1.709 1.604 187 255 0
-7.939 1.819 1.761 0 127 255
-6.752 1.564 1.745 0 0 255
-7.032 1.686 0.954 0 255 80
-7.801 1.801 1.141 0 255 4
-6.563 1.640 1.856 0 0 255
-7.222 1.737 1.747 0 85 255
-7.058 1.697 1.146 0 255 63
-7.259 1.724 1.275 255 170 0
-6.698 1.612 1.462 0 0 255
-7.121 1.697 1.594 199 255 0
-7.219 1.721 1.112 0 255 127
-7.521 1.784 1.018 0 85 255
-6.923 1.658 1.704 0 255 140
-8.126 1.864 1.053 0 0 255
-7.938 1.817 1.408 0 102 255
-6.565 1.640 1.813 0 0 255
-7.757 1.795 1.089 0 255 221
-7.475 1.759 1.192 0 255 131
-6.531 1.630 0.616 0 0 255
-8.196 1.766 1.882 0 0 255
-7.493 1.755 1.809 0 0 255
-7.937 1.867 0.933 0 0 255
-8.118 1.856 1.233 0 0 255
-7.286 1.717 1.629 225 255 0
-6.665 1.630 1.175 0 0 255
-7.596 1.768 1.586 127 255 0
-8.208 1.859 0.892 0 0 255
-6.584 1.642 0.566 0 0 255
-7.446 1.744 1.383 0 221 255
-6.780 1.640 1.694 0 34 255
-6.771 1.638 1.178 0 0 255
-8.160 1.889 1.554 0 0 255
-7.292 1.723 1.604 0 255 29
-8.235 1.893 0.527 0 204 255
-7.077 1.701 1.151 255 149 0
-8.109 1.886 0.990 0 0 255
-8.151 1.869 1.743 0 0 255
-7.074 1.683 1.718 80 255 0
-7.470 1.759 1.079 0 255 187
-6.827 1.651 1.593 0 255 110
-8.200 1.856 1.407 0 17 255
-6.778 1.639 1.573 0 0 255
-6.529 1.605 0.565 0 0 255
-8.156 1.894 1.865 0 0 255
-7.585 1.763 0.965 0 255 55
-7.804 1.819 0.930 0 144 255
-8.198 1.865 1.692 0 0 255
-7.575 1.809 1.089 0 255 221
-6.704 1.638 1.735 0 0 255
-7.817 1.798 1.810 68 255 0
-7.902 1.818 1.472 182 255 0
-6.619 1.614 1.177 0 0 255
-7.931 1.824 1.652 0 255 4
-7.554 1.759 1.544 0 255 29
-7.481 1.763 1.305 255 199 0
-7.068 1.656 1.548 0 255 153
-6.879 1.673 1.250 216 255 0
-7.885 1.813 1.530 4 255 0
-7.067 1.641 0.906 0 255 157
-7.921 1.804 1.611 0 42 255
-7.181 1.715 1.131 255 221 0
-7.994 1.792 1.295 0 255 140
-6.813 1.659 0.968 0 255 136
-7.604 1.771 1.590 110 255 0
-6.543 1.568 1.829 0 204 255
-7.265 1.721 1.006 0 255 140
-7.547 1.776 0.912 0 0 255
-8.011 1.773 1.621 0 161 255
-7.354 1.741 1.553 0 255 97
-8.117 1.871 1.229 0 255 68
-7.813 1.804 1.200 195 255 0
-7.732 1.786 1.791 0 0 255
-7.165 1.709 1.466 0 255 80
-7.594 1.769 1.290 0 255 25
-7.469 1.749 1.792 0 255 250
-6.865 1.667 1.289 0 255 63
-7.516 1.760 1.222 255 202 0
-8.176 1.926 0.739 0 0 255
-8.135 1.831 0.780 0 0 255
-8.189 1.859 1.818 0 0 255
-7.287 1.720 1.187 0 255 63
-7.129 1.699 1.654 174 255 0
-7.350 1.723 1.449 0 255 85
-6.635 1.635 0.957 0 0 255
-6.652 1.551 1.351 0 0 255
-7.410 1.743 1.426 255 170 0
-7.479 1.765 1.426 12 255 0
-6.541 1.563 1.398 0 8 255
-6.769 1.682 0.879 0 0 255
-7.572 1.774 1.363 12 255 0
-7.826 1.814 0.961 89 255 0
-7.288 1.722 1.715 0 255 42
-8.204 1.900 1.176 0 0 255
-7.343 1.739 1.234 195 255 0
-8.076 1.826 1.552 0 0 255
-7.318 1.728 1.554 0 255 136
-7.349 1.739 0.966 0 255 46
-6.966 1.674 1.539 178 255 0
-7.910 1.822 1.361 131 255 0
-7.269 1.713 1.382 255 238 0
-6.740 1.653 1.743 0 0 255
-7.274 1.718 1.688 127 255 0
-6.648 1.606 1.633 0 0 255
-8.091 1.852 1.371 0 0 255
-8.104 1.860 1.728 0 0 255
-7.034 1.691 1.242 238 255 0
-8.090 1.840 1.244 0 0 255
-7.447 1.720 1.265 0 76 255
-7.620 1.773 1.425 8 255 0
-6.771 1.641 1.752 0 0 255
-7.453 1.749 1.239 255 168 0
-7.785 1.805 1.041 12 255 0
-7.502 1.746 1.750 0 255 144
-7.040 1.685 1.501 0 255 63
-8.090 1.833 1.173 0 0 255
-6.588 1.644 1.792 0 0 255
-6.585 1.577 0.291 0 0 255
-8.043 1.833 1.526 0 0 255
-7.209 1.714 1.452 255 221 0
-6.730 1.587 1.639 0 255 165
-6.843 1.645 1.666 0 255 12
-6.557 1.632 1.806 0 0 255
-6.935 1.673 1.302 238 255 0
-7.719 1.792 1.337 0 255 144
-6.635 1.585 1.057 0 0 255
-7.387 1.736 1.728 144 255 0
-6.974 1.674 1.568 0 255 72
-8.065 1.831 1.621 0 0 255
-6.765 1.636 1.661 0 0 255
-6.781 1.646 1.451 0 17 255
-8.053 1.844 1.796 0 0 255
-8.044 1.831 1.710 0 0 255
-7.829 1.812 1.317 0 255 140
-7.929 1.812 1.654 0 255 187
-6.596 1.632 1.243 0 255 182
-7.346 1.699 1.299 0 255 110
-7.910 1.822 1.195 29 255 0
-6.563 1.655 0.540 0 0 255
-7.442 1.745 1.177 0 255 106
-6.921 1.674 1.004 229 255 0
-7.075 1.705 1.175 229 255 0
-7.414 1.737 1.635 0 153 255
-6.768 1.637 1.315 0 8 255
-8.186 1.868 1.633 0 187 255
-7.623 1.775 1.654 102 255 0
-6.833 1.656 1.035 123 255 0
-7.416 1.755 1.206 0 255 12
-7.187 1.709 1.582 0 255 85
-8.135 1.890 0.477 0 0 255
-7.228 1.709 1.721 157 255 0
-7.741 1.790 1.390 21 255 0
-6.742 1.641 1.052 0 0 255
-7.416 1.739 1.483 255 238 0
-8.187 1.857 1.766 0 0 255
-7.340 1.707 1.112 0 136 255
-7.199 1.703 1.701 153 255 0
-6.816 1.646 1.756 0 255 114
-7.567 1.766 1.269 255 199 0
-6.540 1.629 0.940 0 0 255
-7.643 1.785 1.022 0 255 119
-7.596 1.771 1.021 250 255 0
-7.462 1.753 1.640 4 255 0
-7.096 1.693 1.415 255 247 0
-6.833 1.654 1.121 0 255 170
-7.861 1.812 1.599 0 255 123
-7.995 1.820 1.588 0 0 255
-7.321 1.744 0.971 170 255 0
-7.643 1.773 1.793 0 255 140
-7.427 1.748 1.509 0 255 212
-7.423 1.751 1.336 255 230 0
-6.782 1.656 1.093 0 136 255
-6.546 1.629 1.626 0 0 255
-6.784 1.657 0.915 0 25 255
-7.015 1.689 1.276 255 187 0
-7.238 1.707 1.762 63 255 0
-6.839 1.649 1.582 0 255 29
-7.779 1.804 1.818 0 0 255
-6.586 1.568 0.975 0 0 255
-8.168 1.808 0.219 0 8 255
-7.404 1.752 1.316 191 255 0
-6.579 1.645 1.581 0 0 255
-6.605 1.598 0.322 0 0 255
-7.251 1.712 1.783 0 255 136
-7.060 1.688 1.759 0 255 110
-7.592 1.776 1.460 0 255 106
-7.925 1.821 1.806 0 255 63
-8.117 1.867 1.277 0 0 255
-6.860 1.664 1.192 182 255 0
-6.662 1.611 1.501 0 0 255
-6.541 1.598 1.575 0 0 255
-8.136 1.885 1.653 0 0 255
-7.632 1.773 1.065 0 255 38
-8.133 1.844 1.496 0 8 255
-8.073 1.772 1.843 0 8 255
-7.771 1.804 1.168 0 255 17
-7.813 1.816 0.919 0 25 255
-6.547 1.633 1.853 0 0 255
-8.172 1.883 1.584 0 8 255
-8.086 1.819 1.253 0 0 255
-6.588 1.629 0.579 0 0 255
-7.141 1.716 1.105 0 255 89
-6.838 1.668 0.930 0 255 97
-7.946 1.815 1.805 0 0 255
-7.361 1.743 1.412 204 255 0
-7.147 1.712 0.976 208 255 0
-7.860 1.812 1.283 0 255 136
-8.111 1.844 1.102 0 0 255
-6.555 1.636 1.720 0 0 255
-6.586 1.644 1.373 0 25 255
-6.585 1.648 1.076 0 0 255
-7.789 1.814 0.948 8 255 0
-8.149 1.797 0.813 0 0 255
-7.540 1.767 1.323 0 255 174
-6.879 1.658 1.296 255 175 0
-7.175 1.702 1.525 161 255 0
-7.534 1.758 0.989 0 255 110
-7.325 1.724 1.500 0 255 233
-7.710 1.785 1.578 212 255 0
-8.159 1.786 1.939 0 17 255
-7.543 1.764 1.316 0 255 8
-7.358 1.736 1.109 0 255 68
-7.055 1.687 1.429 255 204 0
-8.119 1.809 1.650 0 255 157
-7.560 1.766 1.432 255 182 0
-7.645 1.777 1.447 0 255 97
-6.547 1.627 0.490 0 0 255
-7.737 1.790 1.379 0 255 114
-8.182 1.879 1.634 0 0 255
-8.193 1.847 1.813 0 0 255
-8.128 1.866 1.728 0 0 255
-7.265 1.716 1.793 0 8 255
-6.728 1.597 0.918 0 0 255
-8.127 1.860 1.928 0 0 255
-6.573 1.636 1.287 0 51 255
-7.365 1.719 1.711 114 255 0
-6.679 1.617 1.592 0 0 255
-7.531 1.771 1.001 123 255 0
-6.804 1.649 1.560 0 17 255
-7.733 1.805 0.980 0 255 229
-6.649 1.652 1.068 0 0 255
-6.592 1.640 1.144 0 0 255
-7.336 1.729 1.415 0 255 21
-7.622 1.779 1.624 8 255 0
-6.918 1.672 1.174 0 255 68
-7.788 1.790 1.829 0 0 255
-7.753 1.788 1.610 21 255 0
-7.718 1.778 1.758 0 255 110
-7.052 1.686 1.771 0 255 165
-7.193 1.705 1.733 123 255 0
-6.656 1.628 1.694 0 0 255
-7.818 1.800 1.389 255 226 0
-7.041 1.683 1.641 204 255 0
-6.754 1.640 1.572 0 0 255
-7.168 1.716 1.224 0 255 85
-8.191 1.870 1.683 0 17 255
-7.850 1.809 1.716 212 255 0
-6.809 1.648 1.053 0 255 127
-6.681 1.538 1.739 0 0 255
-6.748 1.632 1.752 0 0 255
-6.765 1.642 1.444 0 0 255
-7.445 1.743 1.812 0 0 255
-6.825 1.639 0.857 0 0 255
-7.747 1.784 1.667 191 255 0
-7.047 1.689 1.299 255 175 0
-7.150 1.698 1.602 0 255 136
-7.110 1.654 1.428 0 255 140
-6.560 1.642 1.166 0 0 255
-7.015 1.676 1.793 0 8 255
-6.617 1.624 0.987 0 0 255
-7.900 1.822 1.207 174 255 0
-8.168 1.896 1.051 0 0 255
-6.882 1.652 1.725 51 255 0
-7.881 1.812 1.825 0 255 255
-6.678 1.639 0.926 0 0 255
-7.734 1.748 1.255 0 255 119
-7.613 1.783 1.075 4 255 0
-7.483 1.752 1.706 136 255 0
-6.879 1.657 1.579 153 255 0
-8.057 1.832 1.085 0 0 255
-6.518 1.589 0.361 0 0 255
-7.663 1.778 1.475 255 233 0
-7.115 1.693 0.899 0 255 114
-6.564 1.645 1.872 0 0 255
-6.539 1.625 1.328 0 0 255
-6.570 1.552 1.070 0 25 255
-7.740 1.791 1.341 0 255 136
-7.274 1.720 1.675 140 255 0
-8.002 1.812 1.077 0 0 255
-7.679 1.795 0.999 0 255 119
-7.858 1.804 1.539 174 255 0
-7.292 1.724 1.113 0 255 55
-8.084 1.834 1.737 0 0 255
-7.606 1.780 1.364 208 255 0
-7.609 1.778 1.271 0 255 8
-6.990 1.671 1.588 0 255 221
-7.623 1.811 1.267 0 255 229
-7.198 1.730 0.938 34 255 0
-6.952 1.684 0.903 0 0 255
-7.266 1.716 1.757 0 255 34
-7.795 1.806 1.022 0 255 21
-6.560 1.631 1.448 0 0 255
-7.862 1.824 1.273 0 255 153
-6.857 1.682 1.547 0 255 182
-7.537 1.764 1.545 0 255 0
-7.657 1.763 1.829 0 0 255
-6.995 1.670 1.640 89 255 0
-6.601 1.635 1.421 0 0 255
-7.405 1.742 1.630 144 255 0
-7.465 1.755 1.319 233 255 0
-8.047 1.831 1.588 0 0 255
-7.552 1.788 1.378 0 255 221
-7.687 1.789 0.978 0 255 38
-6.524 1.622 0.792 0 0 255
-7.274 1.730 0.954 0 255 102
-7.943 1.848 0.945 0 0 255
-7.050 1.688 1.391 255 226 0
-7.769 1.805 0.944 0 255 161
-7.418 1.741 1.547 0 255 29
-7.888 1.808 1.611 0 255 119
-7.037 1.691 1.215 255 168 0
-7.615 1.767 1.476 255 230 0
-7.770 1.804 1.018 8 255 0
-7.047 1.689 1.262 0 255 55
-8.128 1.851 1.432 0 0 255
-7.868 1.813 1.741 51 255 0
-7.217 1.695 1.015 0 255 114
-6.569 1.547 1.872 0 17 255
-6.913 1.658 1.563 225 255 0
-6.949 1.636 1.638 0 255 153
-7.522 1.750 1.746 0 255 97
-7.751 1.785 1.747 0 255 12
-8.165 1.907 0.357 0 0 255
-7.620 1.765 1.757 161 255 0
-7.054 1.694 1.489 255 238 0
-7.064 1.680 1.672 0 255 68
-7.988 1.824 1.052 0 0 255
-6.637 1.614 1.424 0 0 255
-7.812 1.796 1.674 0 255 8
-7.178 1.706 1.475 255 226 0
-7.064 1.698 1.275 0 255 59
-7.579 1.776 1.094 0 255 0
-6.865 1.617 1.665 0 255 191
-8.182 1.887 1.286 0 255 68
-6.603 1.612 1.482 0 127 255
-6.915 1.671 1.015 225 255 0
-7.398 1.768 1.049 0 255 225
-6.783 1.648 1.622 0 0 255
-6.573 1.647 1.363 0 161 255
-6.889 1.675 0.913 0 0 255
-7.957 1.818 1.310 0 8 255
-7.759 1.801 1.141 0 255 29
-8.203 1.861 0.982 0 0 255
-7.335 1.734 1.611 255 240 0
-6.858 1.659 1.168 0 255 119
-6.544 1.639 0.274 0 0 255
-8.035 1.777 1.329 0 25 255
-7.419 1.729 1.810 0 0 255
-7.242 1.711 1.110 0 255 229
-6.588 1.644 1.093 0 0 255
-6.578 1.546 1.753 0 0 255
-7.580 1.771 1.258 0 255 199
-6.609 1.624 1.715 0 0 255
-7.556 1.761 1.465 0 255 170
-7.560 1.736 1.596 0 255 131
-6.570 1.639 1.781 0 0 255
-7.108 1.692 1.394 0 255 148
-7.338 1.731 1.796 0 0 255
-6.929 1.673 1.549 0 255 72
-7.276 1.723 1.512 255 223 0
-6.983 1.680 1.467 255 240 0
-7.897 1.817 1.636 89 255 0
-6.618 1.624 1.701 0 0 255
-7.604 1.770 1.453 0 255 106
-7.489 1.764 1.054 0 255 12
-7.308 1.733 1.214 0 255 34
-6.834 1.649 1.572 212 255 0
-6.978 1.617 1.405 0 221 255
-7.096 1.704 1.319 255 161 0
-6.990 1.675 1.353 0 255 153
-7.866 1.811 1.411 0 255 119
-7.908 1.815 1.777 0 255 0
-6.997 1.678 1.300 195 255 0
-6.542 1.626 1.676 0 0 255
-6.647 1.606 1.584 0 0 255
-7.524 1.768 0.975 0 255 12
-6.529 1.609 1.577 0 0 255
-6.871 1.652 1.677 63 255 0
-6.820 1.656 1.402 0 255 46
-7.855 1.809 1.363 0 255 12
-7.896 1.826 1.195 0 25 255
-6.965 1.666 1.696 170 255 0
-7.708 1.795 1.372 110 255 0
-6.576 1.633 1.782 0 0 255
-7.051 1.680 1.603 0 255 68
-7.820 1.796 1.792 0 255 144
-7.596 1.768 1.726 0 255 161
-7.564 1.754 1.737 178 255 0
-8.078 1.853 1.002 0 8 255
-6.519 1.593 1.620 0 0 255
-7.182 1.711 1.335 255 228 0
-6.534 1.611 1.755 0 0 255
-8.064 1.838 1.328 0 0 255
-8.179 1.882 1.223 0 0 255
-7.797 1.815 1.237 0 255 127
-6.814 1.615 1.388 0 255 144
-8.148 1.889 1.131 0 0 255
-7.979 1.865 1.768 0 25 255
-6.772 1.663 1.324 0 0 255
-6.934 1.670 1.635 157 255 0
-7.472 1.746 1.728 199 255 0
-7.194 1.716 1.040 225 255 0
-8.071 1.834 1.418 0 0 255
-7.787 1.799 1.253 29 255 0
-7.466 1.761 0.912 0 0 255
-6.958 1.679 1.426 0 255 68
-6.536 1.632 1.079 0 17 255
-6.530 1.602 1.710 0 0 255
-7.649 1.772 1.785 0 0 255
-7.832 1.805 1.288 0 255 34
-7.847 1.806 1.728 0 255 123
-6.582 1.648 1.133 0 0 255
-7.051 1.689 1.465 255 197 0
-8.191 1.903 1.171 0 255 178
-7.087 1.689 1.598 216 255 0
-8.017 1.836 1.104 0 0 255
-7.963 1.834 1.456 0 0 255
-8.121 1.865 1.371 0 34 255
-7.836 1.802 1.722 29 255 0
-7.642 1.784 1.438 161 255 0
-6.949 1.672 1.481 225 255 0
-6.670 1.618 1.411 0 17 255
-6.979 1.681 0.962 187 255 0
-8.140 1.875 1.033 0 0 255
-7.023 1.683 1.383 255 223 0
-6.543 1.627 1.443 0 0 255
-7.486 1.764 0.946 55 255 0
-7.051 1.689 1.326 0 255 55
-6.834 1.668 0.894 0 255 242
-7.222 1.745 1.225 0 85 255
-6.523 1.617 1.860 0 0 255
-8.110 1.841 1.079 0 0 255
-8.049 1.836 1.750 0 0 255
-6.595 1.633 1.642 0 0 255
-8.182 1.894 0.818 0 0 255
-7.513 1.753 1.684 238 255 0
-7.757 1.791 1.474 216 255 0
-7.024 1.688 1.507 0 255 42
-7.372 1.731 1.545 0 255 161
-6.701 1.627 1.498 0 0 255
-6.533 1.597 1.128 0 0 255
-7.313 1.737 1.181 229 255 0
-7.226 1.706 1.784 0 255 127
-7.903 1.821 1.376 0 119 255
-7.904 1.823 1.036 110 255 0
-7.556 1.781 0.952 0 255 12
-7.183 1.675 1.552 0 255 153
-6.808 1.653 1.147 0 255 131
-7.333 1.745 0.918 0 0 255
-6.591 1.633 1.548 0 8 255
-6.988 1.670 1.619 225 255 0
-7.920 1.818 1.220 29 255 0
-6.672 1.631 1.700 0 0 255
-7.000 1.676 1.591 0 255 72
-6.553 1.638 1.542 0 0 255
-7.071 1.705 0.901 0 0 255
-7.100 1.701 1.283 255 185 0
-7.544 1.764 1.812 0 0 255
-7.480 1.755 1.508 255 250 0
-6.559 1.644 1.191 0 0 255
-6.736 1.594 1.814 0 0 255
-7.082 1.698 1.289 255 199 0
-7.546 1.754 1.733 0 255 93
-6.562 1.642 1.317 0 0 255
-8.074 1.848 1.772 0 8 255
-7.652 1.770 1.541 0 255 8
-7.226 1.716 1.399 250 255 0
-6.568 1.646 1.506 0 0 255
-6.764 1.648 1.761 0 0 255
-6.916 1.659 1.674 0 255 191
-7.258 1.717 1.129 0 255 68
-8.082 1.827 1.455 0 0 255
-7.668 1.781 1.285 0 255 0
-7.147 1.700 1.540 242 255 0
-7.280 1.715 1.397 0 255 55
-8.114 1.845 1.912 0 0 255
-6.614 1.564 1.718 0 0 255
-6.529 1.621 1.684 0 0 255
-7.837 1.797 1.700 0 255 208
-7.931 1.821 1.079 0 255 170
-6.524 1.623 1.485 0 0 255
-7.974 1.810 1.619 0 0 255
-7.027 1.685 1.628 0 255 80
-6.550 1.559 0.672 0 34 255
-7.761 1.805 0.941 0 255 161
-6.612 1.621 1.573 0 0 255
-8.023 1.835 1.684 0 0 255
-7.915 1.812 1.586 42 255 0
-6.763 1.632 1.699 0 0 255
-7.892 1.814 1.473 46 255 0
-6.546 1.643 0.781 0 0 255
-7.119 1.649 1.522 0 255 144
-7.785 1.799 1.764 51 255 0
-7.035 1.688 1.684 0 255 80
-6.836 1.657 1.129 0 255 59
-7.237 1.750 1.018 0 255 204
-7.433 1.761 1.594 51 255 0
-7.759 1.787 1.753 0 255 0
-7.920 1.821 1.353 85 255 0
-7.951 1.828 1.517 0 8 255
-7.144 1.704 1.433 255 170 0
-6.578 1.647 0.644 0 25 255
-7.831 1.800 1.649 38 255 0
-7.038 1.679 1.732 140 255 0
-6.659 1.629 1.719 0 0 255
-7.057 1.661 1.306 0 255 110
-6.663 1.610 1.657 0 0 255
-6.762 1.639 1.465 0 25 255
-7.325 1.724 1.808 0 0 255
-8.178 1.872 1.758 0 0 255
-7.035 1.688 1.373 0 255 59
-7.572 1.764 1.567 0 255 21
-6.782 1.600 1.498 0 0 255
-7.954 1.836 0.958 0 0 255
-7.443 1.740 1.683 0 255 80
-7.908 1.808 1.793 0 255 106
-6.761 1.648 0.957 0 0 255
-7.529 1.794 1.479 0 255 195
-6.642 1.628 1.024 0 0 255
-7.286 1.732 0.947 191 255 0
-8.060 1.829 1.745 0 0 255
-6.829 1.636 1.777 0 25 255
-6.894 1.659 1.644 136 255 0
-8.190 1.796 1.041 0 0 255
-8.191 1.888 1.025 0 17 255
-8.137 1.919 1.249 0 0 255
-7.720 1.786 1.508 255 218 0
-6.574 1.639 1.592 0 42 255
-6.546 1.639 1.164 0 8 255
-6.746 1.645 1.032 0 0 255
-7.372 1.722 1.792 0 255 144
-7.835 1.807 1.335 208 255 0
-7.734 1.804 1.144 123 255 0
-6.986 1.678 1.183 0 255 72
-6.597 1.627 1.033 0 0 255
-6.519 1.577 0.677 0 42 255
-6.551 1.643 1.872 0 0 255
-8.148 1.876 1.483 0 0 255
-8.102 1.827 1.701 0 0 255
-7.074 1.699 1.101 0 255 59
-7.236 1.719 1.086 0 255 89
-7.934 1.823 1.296 0 255 242
-8.207 1.852 1.775 0 0 255
-8.128 1.887 1.301 0 0 255
-7.375 1.742 1.731 0 255 97
-6.553 1.639 1.281 0 0 255
-8.151 1.883 0.783 0 0 255
-6.558 1.605 0.428 0 0 255
-7.217 1.721 1.147 0 255 85
-7.013 1.674 1.726 89 255 0
-7.362 1.740 1.191 255 240 0
-7.791 1.802 1.593 29 255 0
-8.134 1.879 1.585 0 0 255
-7.814 1.804 1.464 204 255 0
-8.178 1.896 0.738 0 0 255
-7.660 1.792 1.272 187 255 0
-7.632 1.769 1.720 0 255 12
-7.119 1.700 1.456 255 202 0
-7.223 1.724 1.060 242 255 0
-6.904 1.672 1.096 0 255 55
-7.128 1.707 0.993 0 255 80
-7.952 1.816 1.200 0 17 255
-7.962 1.828 1.135 0 0 255
-6.852 1.650 1.507 255 218 0
-6.856 1.656 1.751 0 255 17
-7.307 1.736 1.248 255 204 0
-7.966 1.826 1.099 0 0 255
-6.530 1.636 1.230 0 25 255
-6.714 1.642 0.948 0 0 255
-7.070 1.677 1.623 85 255 0
-7.810 1.811 1.461 0 255 12
-6.778 1.646 1.556 0 161 255
-7.207 1.710 1.705 0 255 38
-7.275 1.726 1.009 233 255 0
-7.093 1.702 1.389 0 255 89
-7.052 1.700 1.037 255 235 0
-7.739 1.789 1.495 255 218 0
-6.991 1.674 1.643 191 255 0
-6.967 1.681 1.045 0 255 72
-7.872 1.809 1.704 29 255 0
-7.981 1.826 1.785 0 0 255
-7.672 1.784 1.354 25 255 0
-8.069 1.842 1.379 0 0 255
-7.599 1.777 1.218 0 255 182
-7.122 1.698 1.725 123 255 0
-7.497 1.749 1.702 216 255 0
-6.849 1.654 1.593 0 255 80
-7.271 1.718 1.782 0 255 136
-6.593 1.612 0.279 0 0 255
-6.945 1.675 1.468 0 255 85
-7.912 1.829 1.336 85 255 0
-7.910 1.806 1.742 0 255 38
-7.899 1.827 0.940 0 255 187
-6.734 1.652 0.916 0 0 255
-7.135 1.729 1.565 0 255 208
-6.580 1.652 1.080 0 0 255
-7.165 1.714 0.947 0 255 51
