-17.171 4.387 1.266 0 255 114
-16.785 4.264 1.200 0 255 17
-17.536 4.557 1.556 0 0 255
-16.053 4.012 1.619 0 0 255
-16.992 4.326 1.615 12 255 0
-16.928 4.308 1.441 0 255 0
-16.320 4.110 1.600 208 255 0
-16.280 4.100 1.527 255 202 0
-16.919 4.299 1.266 0 255 97
-16.959 4.333 0.936 0 0 255
-16.417 4.140 0.969 0 255 110
-17.202 4.397 1.039 0 255 106
-17.226 4.401 1.734 0 255 46
-16.459 4.155 1.579 140 255 0
-17.248 4.404 1.689 51 255 0
-16.126 4.045 1.787 0 0 255
-17.337 4.441 1.596 0 0 255
-16.177 4.065 1.401 0 0 255
-16.253 4.089 1.739 0 255 136
-15.970 4.063 0.238 0 0 255
-16.919 4.305 1.384 46 255 0
-17.432 4.512 0.253 0 8 255
-16.529 4.185 1.031 42 255 0
-15.959 4.026 1.724 0 0 255
-16.186 4.078 1.469 0 68 255
-16.755 4.256 1.166 76 255 0
-16.216 4.077 1.214 255 199 0
-16.835 4.281 1.369 38 255 0
-16.281 4.102 1.432 0 255 55
-16.011 4.014 1.545 0 0 255
-16.802 4.269 1.322 0 255 72
-16.961 4.318 1.368 0 255 55
-16.155 4.070 0.975 0 0 255
-16.224 4.083 1.077 212 255 0
-16.040 4.015 1.196 0 0 255
-16.214 4.062 1.394 0 255 148
-17.298 4.427 1.802 0 8 255
-16.124 4.035 1.606 0 0 255
-17.370 4.429 1.077 0 0 255
-16.587 4.198 1.342 110 255 0
-16.237 4.088 1.417 255 170 0
-17.446 4.462 1.068 0 0 255
-17.511 4.524 0.427 0 0 255
-17.525 4.508 1.911 0 0 255
-16.264 4.098 1.467 0 255 123
-16.669 4.227 1.279 0 255 123
-16.770 4.251 1.830 0 255 127
-17.425 4.446 1.609 0 51 255
-16.553 4.189 1.482 0 255 148
-16.822 4.277 1.052 0 255 195
-16.553 4.191 0.980 0 255 182
-17.477 4.467 1.885 0 0 255
-16.985 4.324 1.463 0 255 51
-16.443 4.121 1.603 0 255 12
-17.169 4.385 1.412 0 255 119
-16.294 4.108 1.268 255 197 0
-17.543 4.503 1.926 0 8 255
-16.377 4.127 1.582 0 255 110
-17.235 4.402 1.552 0 255 131
-17.182 4.389 1.344 0 255 106
-16.093 4.063 1.027 0 0 255
-16.338 4.121 1.283 0 255 42
-15.977 4.034 0.995 0 0 255
-16.363 4.125 1.632 0 255 140
-17.137 4.374 1.438 0 255 144
-16.394 4.137 1.442 255 230 0
-16.158 4.057 1.228 0 0 255
-15.936 3.951 1.175 0 0 255
-17.228 4.426 1.040 0 255 140
-17.535 4.511 1.500 0 25 255
-17.165 4.378 1.591 93 255 0
-17.377 4.433 1.535 0 8 255
-15.997 4.026 1.752 0 0 255
-16.330 4.110 1.791 0 255 102
-17.494 4.509 1.019 0 0 255
-16.294 4.105 1.603 0 255 63
-16.744 4.251 1.524 97 255 0
-17.473 4.544 1.065 0 0 255
-17.513 4.535 1.049 0 0 255
-17.186 4.389 1.340 4 255 0
-15.935 4.088 0.309 0 0 255
-16.383 4.132 1.320 255 235 0
-16.976 4.324 1.198 38 255 0
-17.464 4.473 1.340 0 51 255
-15.956 4.097 0.202 0 0 255
-17.506 4.522 1.086 0 0 255
-15.969 3.956 1.735 0 0 255
-16.143 4.021 1.230 0 0 255
-17.020 4.334 1.501 0 255 4
-15.964 4.026 1.311 0 255 229
-17.054 4.341 1.671 0 255 106
-17.300 4.416 1.721 0 0 255
-17.041 4.346 0.947 0 0 255
-16.407 4.164 0.985 0 85 255
-17.487 4.504 1.817 0 0 255
-15.918 3.964 1.840 0 0 255
-16.626 4.206 1.766 0 255 119
-16.015 4.007 0.473 0 17 255
-16.424 4.151 0.982 0 255 170
-16.023 4.018 1.777 0 0 255
-15.998 4.017 1.905 0 8 255
-16.665 4.234 0.986 0 255 46
-16.916 4.305 1.448 0 255 127
-16.389 4.135 1.530 0 255 119
-16.217 4.078 1.750 0 255 97
-15.975 3.918 1.899 0 8 255
-16.737 4.241 1.716 0 255 17
-16.707 4.241 1.186 0 255 208
-16.706 4.237 1.526 0 255 140
-16.210 4.076 1.766 0 255 191
-17.210 4.393 1.770 0 255 127
-17.061 4.350 1.195 0 255 114
-17.208 4.394 1.669 0 255 161
-16.415 4.138 1.627 0 255 136
-17.303 4.418 1.389 0 255 170
-17.392 4.465 0.999 0 0 255
-16.225 4.085 1.499 0 255 144
-16.222 4.080 1.592 255 216 0
-15.984 4.005 1.264 0 25 255
-16.524 4.179 1.378 0 255 85
-17.534 4.512 1.879 0 102 255
-17.447 4.463 1.417 0 0 255
-16.184 4.078 1.007 0 255 123
-17.278 4.416 1.815 0 8 255
-17.252 4.405 1.756 0 255 199
-16.021 4.012 1.505 0 255 182
-17.412 4.453 1.511 0 0 255
-16.888 4.297 1.215 0 255 21
-16.519 4.182 0.958 0 255 195
-16.987 4.329 0.937 0 0 255
-16.039 3.989 1.599 0 0 255
-16.608 4.214 1.193 0 255 17
-16.026 4.019 1.793 0 0 255
-15.939 4.021 1.292 0 255 46
-16.217 4.080 1.600 255 204 0
-17.002 4.333 1.398 46 255 0
-16.536 4.181 1.532 0 255 127
-15.980 4.027 1.325 0 255 110
-16.509 4.170 1.613 174 255 0
-17.303 4.416 1.508 0 255 204
-16.133 4.040 1.080 0 0 255
-16.540 4.182 1.773 0 255 76
-16.160 4.033 1.775 0 0 255
-17.452 4.467 1.737 0 0 255
-16.242 4.094 1.271 0 255 72
-16.617 4.208 1.343 0 255 195
-17.330 4.429 1.151 0 0 255
-16.574 4.197 1.031 8 255 0
-16.282 4.097 1.732 0 255 140
-16.186 4.075 1.427 0 255 131
-17.143 4.411 1.732 0 42 255
-16.943 4.307 1.709 0 255 46
-17.367 4.425 1.492 0 0 255
-16.162 4.057 1.571 0 8 255
-15.982 4.027 0.868 0 0 255
-16.922 4.302 1.665 0 255 191
-16.627 4.215 0.989 21 255 0
-17.000 4.331 1.599 0 255 34
-16.321 4.115 1.151 0 255 233
-16.376 4.176 0.978 0 8 255
-17.396 4.438 1.588 0 17 255
-17.078 4.358 1.316 0 255 12
-16.210 4.077 1.627 0 8 255
-15.969 4.032 0.787 0 0 255
-17.248 4.414 1.132 0 255 59
-17.506 4.504 1.832 0 0 255
-16.451 4.150 1.587 0 255 72
-16.425 4.141 1.637 0 255 38
-16.757 4.250 1.762 0 255 63
-17.335 4.421 1.560 0 0 255
-15.943 4.021 1.211 0 8 255
-17.163 4.384 0.963 0 255 136
-16.343 4.118 1.638 0 255 119
-16.232 4.078 1.679 0 255 106
-16.150 4.056 1.081 0 0 255
-16.895 4.298 1.431 85 255 0
-16.303 4.107 1.427 0 255 106
-16.530 4.181 1.346 0 255 34
-16.003 4.019 1.878 0 25 255
-16.883 4.296 1.117 4 255 0
-16.312 4.109 1.427 255 242 0
-16.191 4.068 1.049 0 255 72
-17.599 4.498 1.202 0 34 255
-16.638 4.214 1.828 0 255 80
-16.006 3.967 0.250 0 0 255
-16.932 4.312 1.094 0 255 38
-15.977 4.040 0.850 0 0 255
-16.371 4.124 1.776 0 255 127
-16.288 4.103 0.983 0 255 157
-16.715 4.242 1.183 85 255 0
-15.933 4.019 1.972 0 0 255
-17.124 4.368 1.672 0 255 136
-16.203 4.081 1.602 255 216 0
-16.152 4.056 1.037 0 0 255
-16.169 4.071 1.322 0 204 255
-16.323 4.086 0.926 0 255 72
-17.082 4.419 1.243 0 0 255
-16.273 4.099 1.546 0 255 97
-17.526 4.511 1.551 0 0 255
-16.254 4.091 1.587 212 255 0
-16.270 4.096 1.363 255 180 0
-17.230 4.406 1.460 0 255 165
-16.464 4.155 1.454 0 255 102
-16.601 4.199 1.570 0 255 38
-17.042 4.341 1.565 0 255 136
-17.053 4.347 1.393 17 255 0
-17.206 4.400 1.331 0 102 255
-15.915 4.009 0.930 0 0 255
-16.514 4.174 1.780 0 255 114
-17.425 4.459 0.982 0 0 255
-16.855 4.281 1.561 0 255 136
-16.649 4.216 1.776 0 255 29
-15.910 4.089 0.232 0 0 255
-16.772 4.259 1.222 0 255 161
-15.965 4.030 1.183 0 0 255
-16.525 4.183 1.141 0 255 123
-16.739 4.247 1.656 0 255 144
-16.766 4.260 1.265 4 255 0
-16.415 4.197 0.961 0 76 255
-16.247 4.086 1.649 0 255 238
-16.004 3.982 1.741 0 0 255
-16.464 4.132 1.228 0 0 255
-17.379 4.428 1.569 0 0 255
-17.496 4.510 1.870 0 0 255
-16.865 4.291 1.125 0 255 17
-16.585 4.193 1.657 0 255 63
-16.338 4.118 1.775 0 255 97
-16.404 4.148 0.961 0 255 246
-17.474 4.505 0.484 0 0 255
-16.852 4.280 1.568 0 255 59
-15.988 4.025 1.688 0 0 255
-16.993 4.325 1.705 0 255 4
-17.512 4.522 1.936 0 0 255
-17.122 4.363 1.749 0 255 131
-16.784 4.283 1.783 0 85 255
-17.099 4.363 1.344 8 255 0
-16.435 4.089 1.338 0 68 255
-17.208 4.397 1.320 17 255 0
-16.980 4.325 1.848 0 0 255
-17.519 4.516 1.798 0 0 255
-16.462 4.162 1.273 0 255 38
-16.416 4.148 1.135 110 255 0
-16.737 4.241 1.695 0 255 97
-16.522 4.178 1.633 0 255 25
-17.496 4.524 0.837 0 0 255
-15.972 4.035 0.712 0 0 255
-16.495 4.175 1.074 93 255 0
-16.341 4.115 1.666 0 255 89
-16.006 4.014 1.699 0 34 255
-16.433 4.158 1.070 0 255 191
-15.892 3.986 0.437 0 0 255
-17.452 4.463 1.724 0 0 255
-16.287 4.101 1.516 0 255 76
-16.688 4.263 1.613 0 255 250
-16.787 4.257 1.634 97 255 0
-16.622 4.209 1.763 0 255 131
-17.540 4.503 1.582 0 25 255
-16.003 4.007 0.286 0 0 255
-17.402 4.454 1.761 0 0 255
-16.521 4.170 1.598 110 255 0
-16.788 4.267 0.999 0 255 21
-17.167 4.381 1.488 34 255 0
-15.981 4.057 1.466 0 0 255
-15.968 4.022 1.481 0 0 255
-17.533 4.508 1.784 0 0 255
-17.049 4.343 1.772 0 255 136
-16.254 4.091 1.630 0 255 127
-16.775 4.258 1.701 0 255 29
-17.557 4.491 1.598 0 25 255
-17.417 4.446 1.548 0 0 255
-16.423 4.144 1.702 0 255 85
-17.448 4.511 0.439 0 0 255
-16.216 4.084 1.223 0 255 97
-15.996 4.020 1.603 0 0 255
-17.449 4.514 0.705 0 0 255
-16.996 4.332 1.225 0 255 17
-17.260 4.417 0.950 0 255 233
-15.982 4.027 1.926 0 0 255
-17.025 4.340 1.373 29 255 0
-16.733 4.251 0.965 0 255 250
-16.301 4.109 1.149 119 255 0
-16.871 4.289 1.606 0 255 123
-16.304 4.079 1.782 17 255 0
-17.266 4.419 0.991 0 255 131
-16.893 4.297 1.475 89 255 0
-16.508 4.175 1.135 0 255 34
-16.487 4.171 1.090 0 255 34
-17.222 4.398 1.496 12 255 0
-16.596 4.199 1.249 89 255 0
-16.786 4.262 1.597 55 255 0
-16.296 4.093 1.868 0 0 255
-17.263 4.419 0.993 42 255 0
-17.033 4.321 0.948 0 68 255
-17.540 4.541 0.247 0 0 255
-16.559 4.193 1.277 0 255 148
-16.315 4.109 1.756 0 255 102
-16.862 4.285 1.813 0 8 255
-15.954 4.030 0.862 0 0 255
-17.474 4.518 0.997 0 17 255
-17.549 4.508 0.799 0 0 255
-16.179 4.067 1.523 0 0 255
-15.946 4.018 0.442 0 0 255
-16.680 4.154 1.074 0 255 191
-16.675 4.229 1.169 0 255 119
-16.683 4.227 1.678 0 255 123
-16.432 4.162 0.970 0 161 255
-16.298 4.103 1.768 0 255 97
-16.277 4.103 1.869 0 0 255
-16.488 4.167 1.666 216 255 0
-16.267 4.096 1.532 255 216 0
-17.199 4.394 1.842 0 0 255
-15.993 4.019 1.759 0 0 255
-16.606 4.165 1.657 0 255 8
-15.934 4.008 1.571 0 0 255
-15.996 4.017 1.696 0 0 255
-17.354 4.433 1.770 0 0 255
-16.615 4.216 1.211 0 255 123
-16.291 4.102 1.704 0 255 102
-15.933 4.010 1.654 0 0 255
-16.994 4.327 1.648 0 255 127
-16.085 4.025 1.135 0 0 255
-17.102 4.418 1.495 0 255 199
-17.536 4.501 1.688 0 0 255
-16.195 4.072 1.483 0 0 255
-16.855 4.282 1.617 0 255 21
-16.681 4.222 1.713 0 255 102
-17.509 4.513 1.271 0 51 255
-16.949 4.320 1.133 4 255 0
-16.204 4.077 1.289 0 255 157
-16.818 4.274 1.189 0 255 17
-16.019 4.016 1.436 0 93 255
-17.483 4.495 1.873 0 0 255
-17.514 4.524 1.183 0 0 255
-16.747 4.248 1.846 0 42 255
-16.906 4.310 0.961 0 8 255
-15.952 3.954 1.666 0 0 255
-15.943 3.967 1.530 0 0 255
-16.114 4.052 0.994 0 0 255
-16.380 4.128 1.466 0 255 119
-16.228 4.082 1.210 255 199 0
-16.272 4.101 1.828 51 255 0
-16.544 4.236 0.969 0 255 85
-16.495 4.170 1.275 199 255 0
-16.150 4.053 1.292 0 0 255
-16.426 4.146 1.348 0 255 42
-17.553 4.481 1.614 0 0 255
-16.154 4.065 1.489 0 212 255
-17.319 4.436 1.206 0 0 255
-17.548 4.512 1.124 0 0 255
-16.028 4.007 1.688 0 8 255
-16.599 4.213 1.198 0 255 68
-16.425 4.145 1.460 0 255 119
-16.785 4.278 0.915 0 0 255
-17.157 4.380 1.444 89 255 0
-16.260 4.089 1.765 0 255 76
-17.459 4.467 1.754 0 0 255
-16.376 4.130 1.445 0 255 72
-17.030 4.344 1.260 0 255 0
-16.851 4.315 0.941 0 0 255
-16.023 4.008 1.710 0 0 255
-17.180 4.380 1.475 0 255 110
-17.260 4.415 1.266 0 255 191
-15.956 4.039 1.135 0 0 255
-16.626 4.214 1.099 0 255 38
-16.463 4.161 1.602 0 255 123
-16.808 4.270 1.860 0 0 255
-16.618 4.206 1.788 0 255 153
-16.865 4.293 1.154 0 255 38
-15.939 4.026 0.519 0 0 255
-16.238 4.088 1.067 0 255 131
-16.848 4.288 1.063 12 255 0
-16.456 4.153 1.627 0 255 110
-16.091 4.037 1.803 0 0 255
-16.058 3.989 1.651 0 0 255
-16.422 4.146 0.948 0 110 255
-16.472 4.165 1.451 0 255 144
-17.230 4.403 1.380 0 255 195
-15.964 4.036 1.978 0 0 255
-17.238 4.368 1.799 0 255 127
-17.236 4.411 1.340 0 255 12
-16.515 4.132 1.814 0 25 255
-17.501 4.518 1.698 0 0 255
-16.094 4.078 1.540 0 0 255
-16.057 4.041 1.358 0 0 255
-17.006 4.334 1.394 0 255 119
-17.192 4.395 1.323 17 255 0
-15.973 4.022 0.595 0 0 255
-17.135 4.410 1.229 0 136 255
-17.273 4.422 1.266 0 17 255
-17.541 4.509 1.790 0 0 255
-16.418 4.188 1.155 0 102 255
-16.135 4.023 1.412 0 0 255
-16.258 4.115 0.935 0 0 255
-17.119 4.369 1.818 0 0 255
-17.259 4.419 1.002 0 255 34
-16.393 4.135 1.565 178 255 0
-16.474 4.156 1.787 0 255 106
-16.217 4.084 1.290 0 255 80
-17.079 4.333 1.308 0 255 157
-15.905 3.963 1.940 0 0 255
-15.920 3.995 0.310 0 0 255
-17.555 4.502 1.785 0 0 255
-16.022 4.007 1.689 0 42 255
-16.650 4.220 1.222 0 255 12
-16.018 4.008 1.856 0 0 255
-15.984 4.024 0.813 0 0 255
-16.371 4.126 1.695 0 255 110
-15.956 4.024 1.150 0 0 255
-17.052 4.346 1.074 0 255 29
-17.304 4.385 1.267 0 0 255
-17.515 4.514 1.422 0 0 255
-16.014 4.012 1.166 0 0 255
-17.400 4.443 1.671 0 0 255
-17.329 4.440 1.142 0 0 255
-16.998 4.331 1.272 0 255 4
-16.478 4.168 1.145 0 255 51
-16.368 4.126 1.752 0 255 110
-17.476 4.504 1.309 0 0 255
-15.909 4.017 1.411 0 0 255
-16.043 3.976 1.231 0 0 255
-17.166 4.386 1.157 0 255 140
-16.996 4.328 1.570 0 255 127
-16.344 4.090 1.287 0 255 221
-17.162 4.386 1.620 25 255 0
-15.959 4.026 0.868 0 8 255
-17.518 4.516 1.882 0 8 255
-17.500 4.523 1.002 0 0 255
-16.146 4.031 1.049 0 8 255
-17.345 4.394 1.760 0 119 255
-17.468 4.482 1.929 0 0 255
-16.687 4.227 1.767 97 255 0
-16.428 4.149 1.771 153 255 0
-16.653 4.219 1.755 0 255 46
-16.660 4.222 1.168 0 255 191
-17.126 4.376 0.943 0 0 255
-16.154 4.065 1.459 0 93 255
-17.365 4.433 1.759 0 0 255
-16.011 4.011 1.575 0 0 255
-16.474 4.166 1.110 148 255 0
-16.282 4.101 1.180 221 255 0
-16.629 4.213 1.087 85 255 0
-17.275 4.420 1.761 0 255 85
-16.716 4.241 1.318 0 255 114
-16.873 4.285 1.813 0 0 255
-16.011 4.020 1.832 0 17 255
-17.020 4.339 1.359 8 255 0
-17.521 4.520 1.192 0 0 255
-16.711 4.239 1.449 131 255 0
-17.406 4.442 1.586 0 0 255
-16.847 4.286 1.304 0 255 127
-15.938 4.000 1.530 0 0 255
-15.935 3.944 1.439 0 0 255
-16.483 4.160 1.661 0 255 106
-15.970 4.025 0.882 0 0 255
-16.737 4.241 1.660 0 255 21
-17.481 4.526 0.340 0 0 255
-16.996 4.331 1.430 29 255 0
-17.043 4.348 1.460 0 255 46
-16.809 4.266 1.612 0 255 4
-17.182 4.386 1.558 0 255 110
-17.475 4.481 1.753 0 0 255
-16.063 4.016 1.557 0 0 255
-17.461 4.507 0.847 0 34 255
-15.926 3.971 0.548 0 0 255
-16.538 4.141 1.860 0 255 93
-16.198 4.081 1.480 0 255 148
-15.969 4.032 1.715 0 0 255
-17.080 4.355 1.584 0 255 4
-17.297 4.447 1.649 0 0 255
-15.959 4.017 1.771 0 0 255
-16.713 4.238 1.833 0 0 255
-15.969 4.029 1.639 0 0 255
-17.400 4.440 1.640 0 8 255
-16.997 4.333 1.315 0 255 114
-17.440 4.463 1.017 0 0 255
-16.535 4.180 1.388 199 255 0
-16.987 4.324 1.793 0 255 51
-17.285 4.423 1.404 0 8 255
-16.302 4.108 1.135 0 255 157
-16.747 4.254 1.314 51 255 0
-16.729 4.238 1.570 0 255 29
-16.488 4.164 1.433 136 255 0
-16.703 4.239 1.538 106 255 0
-16.688 4.229 1.581 0 255 12
-15.977 4.027 1.876 0 0 255
-16.794 4.259 1.676 0 255 0
-16.965 4.315 1.669 0 255 102
-15.990 4.030 0.945 0 0 255
-17.175 4.385 1.477 0 255 170
-16.067 4.013 1.745 0 0 255
-16.381 4.130 1.571 191 255 0
-17.324 4.433 1.653 0 0 255
-16.407 4.138 1.597 0 255 72
-16.733 4.244 1.661 80 255 0
-15.925 3.996 1.818 0 0 255
-17.461 4.490 1.208 0 0 255
-17.063 4.351 1.469 46 255 0
-15.991 4.025 1.466 0 0 255
-16.535 4.188 1.041 0 255 148
-17.261 4.418 1.177 0 255 21
-17.345 4.442 1.597 0 0 255
-15.921 4.013 0.333 0 0 255
-16.720 4.199 0.875 0 0 255
-16.337 4.114 1.776 0 255 153
-16.016 4.007 1.128 0 0 255
-16.062 4.022 1.678 0 0 255
-17.276 4.418 1.374 0 255 212
-17.316 4.401 0.949 0 255 119
-16.359 4.120 1.678 0 255 97
-16.884 4.292 1.442 12 255 0
-16.522 4.180 1.183 0 255 21
-16.857 4.291 1.012 0 255 178
-17.319 4.427 1.215 0 0 255
-17.417 4.448 1.099 0 0 255
-16.321 4.119 1.028 182 255 0
-17.480 4.485 1.879 0 0 255
-16.358 4.118 1.681 0 255 25
-16.839 4.278 1.620 80 255 0
-16.574 4.189 1.354 0 255 55
-16.153 4.055 1.497 0 0 255
-16.853 4.286 1.079 0 255 17
-17.106 4.369 0.996 25 255 0
-17.064 4.352 1.604 0 255 55
-16.359 4.127 1.021 0 255 123
-17.161 4.384 1.243 85 255 0
-16.920 4.304 1.540 12 255 0
-15.993 4.017 1.141 0 51 255
-16.004 3.949 1.196 0 0 255
-16.802 4.262 1.778 0 255 161
-16.304 4.109 1.537 0 255 51
-16.702 4.236 1.441 195 255 0
-17.524 4.516 1.658 0 0 255
-17.452 4.477 1.301 0 255 8
-16.839 4.279 1.801 0 246 255
-16.315 4.152 1.800 0 8 255
-16.355 4.123 1.827 0 0 255
-16.572 4.196 1.243 153 255 0
-16.946 4.310 1.545 0 255 119
-15.985 4.027 0.748 0 0 255
-16.034 4.013 1.480 0 0 255
-16.410 4.149 1.222 250 255 0
-15.966 4.026 0.928 0 0 255
-16.484 4.163 1.709 191 255 0
-16.019 4.020 1.793 0 8 255
-17.247 4.406 1.040 0 255 97
-17.116 4.373 1.103 0 255 0
-16.028 4.014 1.595 0 0 255
-17.545 4.494 1.019 0 255 182
-16.450 4.151 1.740 0 255 144
-16.107 4.041 1.788 0 8 255
-15.968 4.021 1.295 0 8 255
-16.322 4.109 1.710 0 255 93
-17.324 4.385 1.275 0 255 153
-16.762 4.217 1.452 0 255 157
-16.609 4.203 1.467 106 255 0
-15.900 4.012 1.465 0 8 255
-17.494 4.525 0.737 0 0 255
-16.980 4.322 1.804 29 255 0
-17.496 4.498 1.537 0 0 255
-17.361 4.391 1.271 0 0 255
-17.457 4.507 0.235 0 0 255
-15.981 4.023 1.946 0 0 255
-17.327 4.429 1.802 0 0 255
-17.466 4.480 1.660 0 0 255
-16.511 4.171 1.771 0 255 127
-16.493 4.168 1.623 255 240 0
-16.252 4.092 1.204 0 255 119
-17.482 4.545 1.131 0 0 255
-15.987 4.034 1.260 0 0 255
-16.170 4.061 1.028 0 0 255
-17.172 4.388 1.031 0 255 25
-16.245 4.081 1.694 0 255 93
-16.169 4.097 1.481 0 0 255
-16.939 4.314 0.997 0 255 4
-17.511 4.538 1.600 0 25 255
-17.345 4.425 1.108 0 0 255
-16.109 4.030 1.751 0 0 255
-17.004 4.330 1.551 0 255 21
-17.483 4.512 1.058 0 0 255
-16.078 4.022 1.024 0 0 255
-16.348 4.121 1.587 255 214 0
-17.234 4.399 1.715 0 255 110
-16.682 4.236 1.205 0 255 12
-16.176 4.076 1.404 0 255 212
-17.233 4.407 1.325 55 255 0
-17.122 4.376 1.299 0 255 21
-16.140 4.050 1.637 0 0 255
-15.994 4.021 1.479 0 8 255
-17.587 4.392 1.496 0 0 255
-17.118 4.363 1.632 0 255 127
-16.317 4.113 1.813 0 17 255
-15.927 4.009 0.422 0 0 255
-16.149 4.044 1.195 0 0 255
-15.932 4.017 0.873 0 0 255
-17.073 4.359 1.117 0 255 12
-16.100 4.033 1.773 0 0 255
-17.498 4.500 1.671 0 0 255
-16.729 4.250 1.170 0 255 136
-16.985 4.330 1.182 0 255 4
-16.172 4.068 1.145 0 255 51
-17.025 4.336 1.578 34 255 0
-16.634 4.215 1.328 0 255 140
-16.506 4.175 1.192 0 255 25
-16.242 4.092 1.393 0 255 106
-17.192 4.396 1.811 0 68 255
-15.980 4.025 0.754 0 0 255
-16.394 4.132 1.652 0 255 212
-17.129 4.371 1.585 21 255 0
-17.138 4.378 1.380 0 255 4
-16.237 4.088 1.458 0 255 63
-16.227 4.082 1.788 0 255 148
-16.274 4.102 1.269 0 255 131
-16.716 4.229 0.914 0 0 255
-16.001 4.022 1.827 0 0 255
-16.422 4.147 1.539 0 255 89
-16.512 4.181 1.160 0 255 72
-17.250 4.408 1.302 0 255 114
-16.138 4.016 1.577 0 0 255
-16.016 3.943 1.727 0 0 255
-15.988 4.032 1.498 0 25 255
-17.116 4.372 1.234 0 255 182
-17.525 4.521 0.946 0 0 255
-16.041 3.988 1.845 0 0 255
-16.179 4.066 1.579 0 25 255
-15.983 3.972 0.723 0 0 255
-16.100 4.027 1.555 0 0 255
-15.990 3.978 0.236 0 0 255
-17.230 4.380 1.331 0 0 255
-17.310 4.430 1.131 0 8 255
-16.119 4.012 1.154 0 0 255
-16.668 4.223 1.360 0 255 119
-17.299 4.466 0.980 0 0 255
-16.844 4.302 0.946 0 0 255
-17.084 4.359 1.396 12 255 0
-17.447 4.465 1.279 0 0 255
-17.332 4.457 1.490 0 0 255
-16.358 4.123 1.741 0 255 59
-16.470 4.157 1.622 0 255 55
-17.325 4.427 1.416 0 0 255
-16.312 4.074 1.170 0 255 106
-16.519 4.180 0.971 0 255 161
-16.927 4.312 1.238 0 255 29
-16.785 4.267 1.251 42 255 0
-16.141 4.043 1.037 0 0 255
-16.901 4.302 1.051 0 255 46
-16.276 4.096 1.358 255 223 0
-15.977 4.026 1.635 0 0 255
-16.302 4.105 1.748 208 255 0
-15.987 3.973 0.943 0 34 255
-16.054 4.019 1.590 0 0 255
-15.968 3.926 1.259 0 93 255
-15.972 4.022 0.645 0 0 255
-15.983 4.022 0.609 0 0 255
-16.862 4.295 1.255 63 255 0
-17.332 4.373 1.609 0 255 144
-16.554 4.188 1.277 0 255 38
-16.727 4.240 1.753 89 255 0
-15.993 4.026 0.778 0 0 255
-16.315 4.113 1.434 0 255 144
-16.444 4.152 1.678 0 255 123
-16.440 4.149 1.338 0 255 123
-16.571 4.194 1.135 0 255 144
-15.926 3.990 0.361 0 0 255
-17.449 4.526 0.512 0 0 255
-15.997 3.984 1.263 0 0 255
-17.488 4.516 1.010 0 0 255
-16.007 4.002 0.406 0 0 255
-17.287 4.426 0.932 0 0 255
-17.478 4.447 1.714 0 0 255
-17.323 4.421 1.704 0 8 255
-16.230 4.084 1.556 255 156 0
-17.176 4.388 1.253 34 255 0
-16.058 4.017 1.599 0 0 255
-15.952 4.029 0.770 0 0 255
-16.111 4.032 1.685 0 8 255
-16.403 4.147 1.094 0 255 131
-16.827 4.347 1.226 0 0 255
-17.274 4.410 1.401 0 255 102
-16.929 4.308 1.327 34 255 0
-16.015 4.012 1.718 0 0 255
-17.428 4.475 1.817 0 0 255
-16.219 4.077 1.604 0 255 25
-17.495 4.524 0.875 0 0 255
-17.293 4.408 1.622 0 0 255
-17.514 4.518 1.671 0 0 255
-16.014 4.003 1.659 0 0 255
-16.733 4.242 1.712 0 255 123
-16.098 4.035 1.784 0 0 255
-17.310 4.426 1.387 0 0 255
-16.358 4.120 1.475 0 255 110
-16.809 4.269 1.518 55 255 0
-16.013 3.913 0.204 0 0 255
-16.259 4.091 1.254 0 255 119
-17.563 4.495 1.385 0 0 255
-16.929 4.303 1.817 0 255 144
-16.573 4.193 1.632 123 255 0
-17.480 4.500 1.526 0 0 255
-17.060 4.349 1.459 0 255 42
-16.628 4.213 1.346 0 255 153
-16.011 4.029 1.923 0 0 255
-16.183 4.078 1.324 0 255 140
-17.508 4.515 1.599 0 0 255
-17.488 4.519 1.105 0 0 255
-17.284 4.426 1.610 0 8 255
-17.254 4.410 1.489 0 255 25
-16.597 4.203 1.483 0 255 127
-16.966 4.322 1.582 0 255 153
-17.475 4.495 1.790 0 0 255
-17.063 4.347 1.751 0 255 123
-16.773 4.261 0.996 4 255 0
-17.312 4.445 1.376 0 0 255
-16.758 4.255 1.822 0 0 255
-15.963 4.030 1.540 0 0 255
-17.286 4.420 1.794 0 229 255
-16.275 4.103 1.233 255 218 0
-17.022 4.342 1.127 0 255 17
-16.720 4.248 1.273 0 255 72
-15.979 4.034 1.355 0 255 246
-16.121 4.053 0.996 0 17 255
-16.681 4.230 1.064 63 255 0
-16.858 4.282 1.669 0 255 127
-17.330 4.429 1.579 0 8 255
-16.768 4.255 1.683 0 255 140
-17.406 4.447 1.235 0 0 255
-17.117 4.370 1.040 12 255 0
-16.971 4.355 1.614 0 255 72
-17.032 4.346 1.050 0 255 17
-17.002 4.331 1.643 0 255 148
-17.104 4.360 1.800 4 255 0
-16.324 4.110 1.551 0 255 153
-16.006 3.982 0.214 0 0 255
-15.916 3.997 1.236 0 0 255
-15.998 4.027 1.642 0 0 255
-17.487 4.532 0.362 0 0 255
-16.008 4.024 1.534 0 8 255
-15.947 3.980 0.569 0 0 255
-17.129 4.344 1.495 0 119 255
-17.292 4.412 1.464 0 255 161
-16.061 4.023 1.492 0 0 255
-16.471 4.165 0.996 110 255 0
-17.500 4.530 0.327 0 0 255
-16.884 4.237 1.205 0 255 195
-15.944 3.961 0.869 0 255 250
-16.876 4.290 1.559 0 255 17
-16.903 4.297 1.600 0 255 136
-16.089 4.028 1.727 0 0 255
-16.177 4.058 1.737 0 255 85
-17.030 4.342 1.568 42 255 0
-16.005 4.019 1.239 0 255 178
-17.500 4.564 0.842 0 0 255
-16.347 4.124 1.104 174 255 0
-16.696 4.233 1.358 0 255 0
-16.793 4.268 1.149 0 255 148
-16.353 4.122 1.802 0 255 182
-17.392 4.429 1.538 0 0 255
-17.065 4.352 1.351 0 255 161
-17.372 4.444 1.789 0 0 255
-16.139 4.011 1.395 0 0 255
-16.958 4.319 1.432 0 255 123
-17.474 4.513 0.917 0 0 255
-16.979 4.327 1.229 0 255 17
-16.176 4.078 1.236 0 255 153
-17.400 4.441 1.571 0 0 255
-16.730 4.246 1.353 93 255 0
-16.066 4.025 1.070 0 0 255
-16.652 4.226 1.017 34 255 0
-17.476 4.572 0.489 0 0 255
-16.689 4.234 1.238 97 255 0
-17.494 4.470 1.547 0 0 255
-16.914 4.303 1.578 0 255 136
-16.861 4.284 1.815 0 255 93
-15.906 3.973 0.260 0 0 255
-16.203 4.074 1.653 0 255 178
-17.481 4.508 1.410 0 17 255
-16.959 4.321 1.352 29 255 0
-16.056 4.026 1.095 0 0 255
-16.260 4.092 1.723 0 255 157
-16.204 4.078 1.200 0 255 106
-16.934 4.262 1.742 0 102 255
-16.836 4.282 1.278 12 255 0
-16.292 4.108 1.786 0 255 80
-17.029 4.342 1.170 0 255 114
-17.450 4.474 1.721 0 0 255
-16.921 4.303 1.504 0 255 144
-17.215 4.396 1.498 0 255 12
-16.379 4.163 1.460 0 102 255
-17.230 4.396 1.649 38 255 0
-16.001 4.023 0.338 0 17 255
-16.355 4.120 1.503 0 255 80
-16.445 4.140 0.936 0 0 255
-16.551 4.190 0.955 0 0 255
-16.315 4.112 1.786 212 255 0
-15.929 3.985 1.535 0 34 255
-16.927 4.307 1.684 0 255 8
-17.324 4.433 1.644 0 0 255
-17.535 4.496 1.930 0 0 255
-16.863 4.284 1.571 76 255 0
-16.541 4.182 1.633 123 255 0
-16.268 4.096 1.448 255 165 0
-17.319 4.432 1.751 0 8 255
-16.615 4.212 1.023 0 255 21
-15.954 4.010 1.872 0 0 255
-16.838 4.274 1.669 46 255 0
-17.551 4.424 1.382 0 68 255
-16.880 4.300 1.006 0 255 34
-17.012 4.332 1.736 0 255 127
-16.012 4.022 1.289 0 51 255
-17.375 4.418 1.669 0 0 255
-17.026 4.335 1.555 0 255 144
-16.578 4.201 0.986 21 255 0
-15.965 3.943 1.985 0 0 255
-16.246 4.088 1.180 0 255 119
-17.478 4.516 0.497 0 0 255
-16.038 4.003 1.012 0 0 255
-17.351 4.409 1.221 0 0 255
-16.120 4.036 1.294 0 0 255
-16.785 4.265 1.326 0 255 127
-17.123 4.373 1.109 0 255 8
-16.625 4.207 1.768 0 255 38
-16.064 4.016 1.096 0 0 255
-16.215 4.085 1.105 0 246 255
-16.424 4.159 0.947 0 0 255
-16.847 4.279 1.481 12 255 0
-16.028 3.963 1.183 0 25 255
-16.011 3.975 0.226 0 0 255
-17.161 4.383 1.089 0 255 165
-17.203 4.396 1.335 42 255 0
-16.757 4.220 1.240 0 255 233
-16.998 4.363 1.438 0 85 255
-17.066 4.351 1.192 0 255 97
-15.942 4.014 1.080 0 0 255
-17.229 4.404 1.501 68 255 0
-17.193 4.395 1.111 0 255 93
-16.323 4.114 1.272 0 255 127
-17.086 4.365 1.115 0 255 4
-16.439 4.170 1.849 0 0 255
-16.412 4.140 1.646 0 255 68
-15.961 3.970 1.289 0 0 255
-16.744 4.246 1.716 0 255 63
-15.956 3.992 1.970 0 0 255
-17.217 4.400 1.261 93 255 0
-16.056 4.010 1.459 0 0 255
-17.156 4.383 1.439 0 255 238
-17.112 4.363 1.611 0 255 127
-16.713 4.243 1.194 46 255 0
-16.592 4.196 1.386 97 255 0
-17.059 4.396 1.294 0 144 255
-16.033 4.006 1.333 0 0 255
-17.434 4.454 1.091 0 0 255
-16.949 4.318 1.186 0 255 25
-16.358 4.126 1.379 0 255 93
-16.161 4.020 1.838 0 0 255
-16.790 4.268 1.373 76 255 0
-15.924 4.002 1.322 0 42 255
-16.750 4.277 1.562 0 255 80
-17.394 4.439 1.522 0 0 255
-15.914 3.978 0.809 0 0 255
-15.911 4.012 0.453 0 0 255
-16.799 4.264 1.528 0 255 93
-17.561 4.501 1.423 0 0 255
-16.031 4.021 1.220 0 0 255
-15.987 4.036 1.236 0 42 255
-16.993 4.324 1.799 0 0 255
-16.889 4.295 1.661 0 255 131
-16.011 4.013 1.360 0 0 255
-16.573 4.165 1.594 0 255 38
-17.063 4.349 1.575 0 255 136
-16.778 4.260 1.470 8 255 0
-17.462 4.455 0.443 0 0 255
-16.504 4.174 1.483 0 255 85
-16.416 4.147 1.538 0 255 68
-15.937 3.967 0.393 0 0 255
-17.175 4.388 1.236 89 255 0
-17.155 4.383 1.001 0 110 255
-16.932 4.289 0.908 0 0 255
-16.782 4.256 1.673 0 255 191
-17.477 4.519 1.543 0 59 255
-17.076 4.356 1.261 4 255 0
-16.313 4.110 1.770 182 255 0
-17.101 4.366 1.277 0 255 157
-17.009 4.329 1.557 0 255 102
-17.191 4.391 1.825 0 0 255
-17.215 4.396 1.700 4 255 0
-17.468 4.506 1.432 0 8 255
-16.316 4.109 1.297 0 255 127
-17.103 4.362 1.547 25 255 0
-16.138 4.040 1.662 0 8 255
-17.285 4.414 1.685 0 17 255
-16.105 4.025 1.748 0 8 255
-17.292 4.417 1.319 0 255 157
-17.096 4.358 1.527 0 255 119
-16.649 4.217 1.367 0 255 148
-17.231 4.401 1.815 0 0 255
-16.041 3.991 0.934 0 0 255
-15.970 4.031 1.018 0 0 255
-16.251 4.093 1.627 0 255 102
-16.982 4.323 1.416 0 255 46
-15.997 4.025 1.293 0 255 102
-16.007 4.022 1.019 0 255 242
-17.262 4.412 0.963 0 255 212
-17.540 4.514 1.055 0 93 255
-16.959 4.315 1.687 0 255 127
-17.169 4.385 1.454 0 255 29
-16.180 4.074 1.173 0 0 255
-17.517 4.518 1.177 0 0 255
-15.938 3.966 1.015 0 76 255
-16.713 4.242 1.027 0 255 17
-16.598 4.208 1.044 42 255 0
-16.774 4.255 1.487 42 255 0
-16.460 4.158 1.002 123 255 0
-16.714 4.234 1.681 0 255 127
-16.259 4.096 1.237 0 255 153
-16.410 4.143 1.563 0 255 157
-16.897 4.298 1.436 12 255 0
-17.518 4.525 0.531 0 0 255
-15.989 4.025 1.179 0 0 255
-16.012 3.978 1.327 0 0 255
-16.536 4.185 1.486 255 221 0
-15.995 4.024 1.587 0 0 255
-17.061 4.363 0.934 0 0 255
-16.028 4.022 1.112 0 8 255
-17.278 4.417 1.204 0 17 255
-16.645 4.234 0.941 0 0 255
-16.586 4.202 1.118 80 255 0
-17.122 4.383 0.915 0 229 255
-16.220 4.122 1.108 0 59 255
-17.153 4.375 1.674 0 255 114
-17.433 4.455 1.739 0 0 255
-16.982 4.326 1.414 0 255 119
-15.988 4.026 1.629 0 0 255
-16.365 4.127 1.709 191 255 0
-16.674 4.225 1.798 0 255 42
-16.992 4.326 1.499 0 255 131
-17.425 4.444 1.519 0 8 255
-16.322 4.118 1.293 0 255 46
-16.322 4.112 1.291 233 255 0
-15.992 4.040 1.969 0 0 255
-17.050 4.341 1.718 0 255 127
-16.553 4.192 1.037 0 255 199
-17.258 4.407 1.743 0 255 114
-17.099 4.371 1.197 0 170 255
-16.187 4.067 1.634 0 0 255
-17.276 4.406 1.632 0 255 204
-16.850 4.279 1.749 0 255 0
-15.950 4.028 1.264 0 42 255
-17.240 4.410 1.185 34 255 0
-17.272 4.417 1.220 0 255 127
-16.639 4.210 1.774 0 255 221
-16.765 4.256 1.056 0 255 34
-16.658 4.221 1.866 0 0 255
-16.766 4.257 1.543 0 255 148
-16.441 4.157 1.123 102 255 0
-16.004 4.028 1.930 0 0 255
-16.211 4.082 1.309 0 255 191
-17.014 4.335 1.796 0 25 255
-16.992 4.327 1.393 34 255 0
-16.211 4.077 0.995 0 255 119
-16.035 4.024 1.016 0 0 255
-16.018 4.001 1.343 0 0 255
-16.836 4.282 1.395 0 255 123
-17.076 4.355 1.255 0 255 4
-17.437 4.456 1.697 0 17 255
-16.362 4.120 1.770 0 255 114
-16.948 4.319 1.229 0 255 119
-16.238 4.092 1.106 0 255 34
-15.978 4.023 1.739 0 0 255
-17.504 4.512 1.437 0 0 255
-17.262 4.409 0.900 0 255 191
-16.321 4.109 1.725 0 255 85
-17.470 4.457 1.824 0 119 255
-17.522 4.517 1.270 0 0 255
-16.174 4.054 1.348 0 136 255
-17.529 4.504 0.492 0 0 255
-16.132 4.053 1.666 0 0 255
-16.102 4.029 1.078 0 0 255
-17.488 4.513 1.133 0 8 255
-17.093 4.360 1.252 0 255 4
-17.573 4.555 0.387 0 0 255
-15.962 4.024 1.776 0 0 255
-15.916 3.971 1.045 0 0 255
-16.680 4.231 1.083 0 255 38
-16.582 4.191 1.651 0 255 34
-16.648 4.217 1.490 0 255 59
-17.141 4.376 1.471 0 255 140
-16.727 4.252 1.171 0 255 123
-16.988 4.324 1.498 25 255 0
-16.523 4.178 1.325 0 255 76
-15.961 3.946 0.289 0 0 255
-16.791 4.265 1.816 0 0 255
-16.933 4.311 1.249 0 255 225
-17.181 4.389 0.987 59 255 0
-16.478 4.160 1.483 127 255 0
-16.022 4.012 1.208 0 0 255
-17.193 4.393 1.079 93 255 0
-16.700 4.244 0.976 0 255 55
-15.966 4.028 1.121 0 0 255
-15.931 4.012 1.651 0 0 255
-16.694 4.238 1.247 68 255 0
-17.242 4.404 1.550 0 255 144
-16.642 4.218 1.197 0 255 42
-16.584 4.196 1.577 0 255 42
-17.496 4.525 0.439 0 8 255
-16.256 4.097 1.105 242 255 0
-16.586 4.196 1.376 0 255 140
-17.427 4.423 1.231 0 0 255
-16.251 4.088 1.744 0 255 89
-16.648 4.219 1.584 97 255 0
-17.202 4.390 1.661 38 255 0
-17.111 4.361 1.617 0 255 114
-16.017 4.006 0.847 0 0 255
-16.849 4.281 1.665 38 255 0
-16.541 4.178 1.693 0 255 80
-16.308 4.111 1.471 0 255 157
-16.490 4.167 1.394 0 255 114
-17.176 4.387 1.719 38 255 0
-16.456 4.154 1.632 187 255 0
-16.209 4.077 1.471 0 255 102
-17.117 4.370 1.414 34 255 0
-15.963 3.965 1.854 0 0 255
-16.541 4.179 1.618 0 255 102
-16.720 4.248 1.269 110 255 0
-15.936 4.020 0.819 0 0 255
-17.049 4.344 1.067 93 255 0
-16.581 4.191 1.762 97 255 0
-16.612 4.208 1.466 255 242 0
-16.456 4.157 1.432 0 255 199
-15.968 4.032 1.784 0 0 255
-16.220 4.082 1.211 212 255 0
-17.439 4.450 1.441 0 8 255
-15.926 4.040 1.204 0 0 255
-16.857 4.287 1.103 0 255 102
-16.299 4.100 1.303 229 255 0
-15.987 4.032 0.496 0 0 255
-16.208 4.080 1.480 0 255 144
-15.989 4.026 0.785 0 17 255
-16.290 4.104 1.019 97 255 0
-17.537 4.515 1.293 0 255 170
-16.027 4.007 1.039 0 0 255
-16.508 4.175 1.313 199 255 0
-17.121 4.368 1.151 0 255 97
-17.147 4.374 1.409 0 255 25
-16.207 4.116 1.030 0 42 255
-16.179 4.066 1.731 0 255 106
-16.943 4.317 1.340 0 255 119
-16.475 4.168 1.261 0 255 119
-16.401 4.144 1.168 0 255 59
-16.780 4.265 1.150 0 255 119
-16.102 4.044 1.796 0 8 255
-17.007 4.329 1.575 0 255 114
-17.506 4.538 0.707 0 0 255
-16.074 4.019 1.761 0 17 255
-17.420 4.441 1.525 0 0 255
-16.048 4.016 1.064 0 0 255
-17.479 4.513 0.970 0 0 255
-16.577 4.155 1.196 0 8 255
-16.101 4.049 1.062 0 8 255
-16.505 4.177 1.090 72 255 0
-17.484 4.453 0.958 0 0 255
-17.293 4.430 1.402 0 0 255
-15.958 4.028 0.984 0 0 255
-17.195 4.391 1.490 0 255 123
-17.075 4.313 0.921 0 255 174
-16.024 4.005 1.637 0 0 255
-16.698 4.269 1.191 0 178 255
-16.944 4.313 1.338 0 255 136
-17.107 4.365 1.524 0 255 8
-17.491 4.514 1.023 0 0 255
-15.957 4.004 1.868 0 0 255
-17.048 4.339 1.665 0 255 212
-16.721 4.237 1.569 0 8 255
-16.582 4.199 1.744 0 255 136
-16.953 4.270 1.315 0 255 182
-16.455 4.159 1.110 0 255 199
-16.563 4.191 1.397 106 255 0
-17.119 4.360 1.549 0 255 34
-17.502 4.398 0.773 0 153 255
-17.391 4.438 1.627 0 8 255
-16.455 4.157 1.818 0 0 255
-17.559 4.471 0.970 0 0 255
-16.707 4.234 1.734 0 255 127
-17.202 4.395 1.546 4 255 0
-16.199 4.068 1.848 0 0 255
-16.473 4.164 1.837 0 0 255
-16.482 4.166 1.409 221 255 0
-16.583 4.198 1.370 0 255 17
-17.436 4.441 0.949 0 0 255
-16.000 4.019 1.332 0 42 255
-16.574 4.200 1.011 0 255 55
-16.345 4.126 1.239 0 255 63
-16.415 4.143 1.701 0 255 76
-15.959 3.976 1.642 0 0 255
-17.328 4.423 1.234 0 0 255
-17.513 4.389 1.533 0 255 182
-16.601 4.184 1.654 0 238 255
-16.405 4.140 1.608 255 252 0
-17.529 4.462 1.080 0 0 255
-17.237 4.407 1.138 0 255 97
-17.468 4.449 1.770 0 0 255
-16.930 4.309 1.517 25 255 0
-16.284 4.103 1.000 0 255 25
-16.473 4.164 1.351 153 255 0
-17.489 4.437 0.872 0 0 255
-16.305 4.107 1.385 0 255 127
-17.546 4.509 1.462 0 255 238
-16.959 4.320 0.951 0 255 191
-17.347 4.390 0.942 0 255 157
-16.167 4.065 0.950 0 0 255
-16.651 4.212 1.661 0 255 102
-17.485 4.433 1.234 0 0 255
-16.565 4.185 1.792 0 255 123
-17.390 4.445 1.758 0 0 255
-16.870 4.281 1.764 0 255 55
-17.025 4.340 1.419 17 255 0
-16.056 4.019 1.499 0 0 255
-17.491 4.502 1.825 0 0 255
-17.126 4.371 1.337 0 255 0
-15.996 4.033 1.370 0 255 170
-16.748 4.253 1.206 0 255 199
-17.470 4.485 1.389 0 42 255
-16.690 4.228 1.568 76 255 0
-17.500 4.510 1.258 0 8 255
-17.522 4.507 1.830 0 0 255
-17.368 4.450 1.132 0 0 255
-17.267 4.421 1.343 0 255 144
-16.510 4.180 1.050 136 255 0
-17.568 4.448 1.827 0 0 255
-16.701 4.235 1.540 0 255 127
-16.178 4.071 1.002 0 0 255
-17.336 4.420 1.675 0 25 255
-17.251 4.409 1.788 0 255 46
-15.956 4.020 1.293 0 25 255
-16.731 4.261 1.160 0 212 255
-17.369 4.432 1.568 0 8 255
-16.749 4.255 1.404 0 255 136
-16.025 3.986 0.608 0 255 216
-15.994 4.030 1.039 0 25 255
-15.980 4.030 1.412 0 68 255
-15.971 4.031 1.816 0 0 255
-17.538 4.503 1.593 0 0 255
-17.230 4.405 1.255 106 255 0
-17.432 4.441 0.976 0 0 255
-17.235 4.402 1.449 0 255 0
-17.188 4.394 1.169 0 255 17
-16.144 4.049 1.598 0 0 255
-16.817 4.275 1.278 0 255 170
-15.948 3.957 1.077 0 0 255
-16.138 4.014 1.453 0 255 174
-17.262 4.412 1.334 80 255 0
-15.976 4.028 0.643 0 0 255
-16.331 4.119 1.343 0 255 242
-16.370 4.136 0.935 0 0 255
-16.735 4.244 1.282 0 255 0
-16.250 4.094 1.320 0 255 127
-17.145 4.376 1.489 0 255 114
-17.378 4.434 1.676 0 0 255
-16.191 4.078 1.064 0 255 119
-17.231 4.404 1.405 17 255 0
-16.185 4.067 1.818 0 255 93
-17.216 4.402 1.053 0 255 182
-16.939 4.315 1.352 0 255 123
-16.834 4.279 1.226 0 255 191
-16.204 4.073 1.662 0 255 119
-16.619 4.175 1.682 0 238 255
-17.552 4.480 1.647 0 0 255
-17.439 4.444 1.428 0 0 255
-16.022 3.962 0.450 0 0 255
-16.271 4.096 1.106 255 245 0
-17.421 4.446 1.494 0 0 255
-15.984 3.913 0.317 0 0 255
-16.398 4.133 1.609 165 255 0
-16.432 4.156 1.092 0 255 123
-17.537 4.511 1.164 0 255 157
-16.781 4.265 1.155 72 255 0
-16.046 3.876 0.524 0 0 255
-16.616 4.203 1.512 0 255 42
-16.027 3.998 0.839 0 8 255
-16.628 4.214 1.029 34 255 0
-16.423 4.144 1.414 0 255 21
-17.228 4.403 1.552 102 255 0
-16.547 4.186 1.421 0 255 123
-17.450 4.501 0.286 0 0 255
-16.219 4.081 0.974 0 246 255
-16.441 4.151 1.685 0 255 38
-17.568 4.515 0.809 0 0 255
-16.266 4.094 1.795 0 255 114
-16.745 4.248 1.644 106 255 0
-16.322 4.118 1.356 0 255 68
-16.907 4.301 1.448 0 153 255
-16.466 4.165 1.209 0 255 127
-16.828 4.278 1.324 0 255 106
-15.978 4.029 1.829 0 0 255
-17.112 4.364 1.680 34 255 0
-15.959 3.951 0.795 0 0 255
-17.089 4.360 1.114 0 255 8
-16.840 4.254 1.804 0 93 255
-16.664 4.225 1.553 110 255 0
-16.381 4.138 1.199 144 255 0
-15.958 3.935 1.649 0 0 255
-16.561 4.197 1.042 0 255 131
-16.155 4.064 1.768 0 0 255
-17.513 4.516 1.906 0 0 255
-16.277 4.106 1.032 0 255 144
-16.567 4.188 1.622 110 255 0
-16.256 4.121 1.869 0 0 255
-16.490 4.167 1.615 0 255 55
-16.661 4.194 1.412 21 255 0
-17.188 4.393 1.229 93 255 0
-15.955 4.018 1.562 0 0 255
-17.465 4.487 1.369 0 161 255
-16.300 4.104 1.467 0 255 127
-17.461 4.464 0.810 0 0 255
-17.519 4.512 1.777 0 0 255
-16.532 4.183 1.242 0 93 255
-17.125 4.374 1.026 0 255 204
-17.508 4.551 1.051 0 8 255
-15.983 4.025 1.929 0 0 255
-17.199 4.395 1.382 12 255 0
-16.711 4.239 1.405 97 255 0
-15.972 4.025 1.419 0 0 255
-16.732 4.215 1.741 0 255 191
-17.518 4.425 1.760 0 0 255
-17.021 4.310 1.634 0 161 255
-17.141 4.378 1.045 0 255 17
-16.065 4.017 1.684 0 0 255
-16.525 4.185 1.014 85 255 0
-17.542 4.518 0.901 0 0 255
-16.663 4.225 1.205 106 255 0
-16.824 4.293 1.644 0 255 170
-16.820 4.286 0.942 0 0 255
-17.114 4.367 1.622 0 255 131
-16.205 4.073 1.184 0 255 148
-16.987 4.330 1.353 12 255 0
-15.974 4.035 1.369 0 255 131
-16.766 4.254 1.675 0 255 127
-16.708 4.234 1.627 0 255 72
-17.312 4.419 1.431 0 0 255
-17.360 4.438 1.595 0 8 255
-17.544 4.521 0.887 0 8 255
-16.119 4.032 1.736 0 25 255
-16.382 4.131 1.659 0 255 68
-16.270 4.094 1.652 0 255 102
-16.655 4.221 1.438 0 255 55
-16.232 4.085 1.377 255 156 0
-16.479 4.169 1.020 127 255 0
-16.276 4.106 1.134 0 255 127
-16.810 4.266 1.585 97 255 0
-16.055 4.017 1.705 0 0 255
-16.308 4.105 1.606 208 255 0
-15.933 4.042 1.362 0 0 255
-16.772 4.260 1.070 0 195 255
-16.535 4.179 1.546 114 255 0
-17.312 4.419 1.106 0 0 255
-17.301 4.430 1.301 0 0 255
-15.928 4.047 0.212 0 25 255
-17.022 4.343 1.041 0 255 0
-17.475 4.517 0.938 0 0 255
-16.010 4.012 1.407 0 0 255
-17.432 4.447 1.576 0 0 255
-17.131 4.376 1.196 0 255 110
-17.491 4.510 1.913 0 0 255
-16.938 4.313 1.168 34 255 0
-16.540 4.180 1.820 110 255 0
-16.450 4.161 1.244 0 255 131
-16.912 4.298 1.810 0 59 255
-16.972 4.320 1.525 0 255 123
-16.811 4.271 1.308 0 255 46
-16.676 4.249 0.956 0 17 255
-16.590 4.151 1.772 0 17 255
-17.344 4.456 1.316 0 0 255
-16.460 4.161 1.310 0 255 46
-17.165 4.402 1.851 0 0 255
-17.458 4.489 0.970 0 0 255
-17.260 4.422 1.395 0 255 21
-16.966 4.317 1.809 34 255 0
-16.155 4.053 1.654 0 8 255
-16.759 4.258 1.110 0 255 4
-17.046 4.342 1.695 0 255 140
-17.475 4.515 0.484 0 0 255
-15.983 3.993 0.572 0 0 255
-17.097 4.362 1.094 21 255 0
-16.904 4.298 1.387 25 255 0
-15.934 4.003 1.477 0 0 255
-16.481 4.168 1.103 93 255 0
-16.901 4.297 1.757 0 255 85
-17.135 4.379 0.967 12 255 0
-16.302 4.108 1.388 250 255 0
-17.471 4.457 1.550 0 0 255
-16.893 4.292 1.558 8 255 0
-17.164 4.385 1.604 0 255 157
-16.151 4.056 1.025 0 8 255
-16.268 4.092 1.707 0 255 102
-16.589 4.202 1.110 0 255 46
-15.986 4.021 1.766 0 0 255
-16.313 4.114 1.063 0 255 51
-16.292 4.100 1.727 0 255 127
-15.900 3.989 1.226 0 0 255
-17.288 4.431 1.076 0 0 255
-16.443 4.147 1.722 0 255 106
-17.337 4.427 1.669 0 0 255
-15.960 4.015 1.936 0 0 255
-17.362 4.429 1.602 0 0 255
-17.469 4.402 1.727 0 0 255
-17.264 4.425 1.468 0 0 255
-17.484 4.498 1.918 0 0 255
-15.957 4.019 1.427 0 102 255
-16.437 4.178 1.738 0 85 255
-15.997 4.020 0.316 0 8 255
-17.553 4.502 1.155 0 255 136
-17.560 4.473 0.929 0 0 255
-15.940 4.015 1.266 0 0 255
-16.767 4.217 1.431 0 255 29
-16.942 4.310 1.796 0 238 255
-16.649 4.215 1.747 0 255 204
-16.196 4.085 1.343 0 255 140
-16.092 4.024 1.089 0 8 255
-16.664 4.224 1.556 0 255 127
-16.886 4.298 1.393 25 255 0
-17.072 4.350 1.365 0 255 42
-16.159 4.057 1.045 0 0 255
-16.805 4.264 1.669 0 255 63
-16.128 4.042 1.089 0 0 255
-17.336 4.403 1.428 0 0 255
-16.707 4.208 0.953 0 255 127
-16.058 4.011 1.425 0 0 255
-16.168 4.057 1.411 0 144 255
-16.595 4.196 1.584 0 255 80
-15.997 4.017 1.327 0 102 255
-17.020 4.295 1.720 0 255 187
-17.478 4.535 0.697 0 0 255
-16.593 4.210 0.966 0 0 255
-16.922 4.306 1.422 68 255 0
-16.675 4.230 1.448 229 255 0
-16.896 4.290 1.821 0 0 255
-17.024 4.339 1.797 0 255 191
-16.557 4.179 1.820 0 255 174
-16.017 3.983 1.816 0 0 255
-16.342 4.120 1.397 0 255 55
-17.214 4.395 1.780 0 255 178
-15.926 3.975 0.444 0 0 255
-17.278 4.448 0.901 0 0 255
-16.508 4.174 1.401 0 255 148
-16.365 4.123 1.763 0 255 131
-16.296 4.100 1.524 0 255 102
-17.230 4.403 1.590 0 255 119
-16.863 4.284 1.617 0 255 148
-16.183 4.070 1.426 0 0 255
-17.533 4.540 1.094 0 0 255
-15.950 4.024 1.145 0 0 255
-16.251 4.092 0.967 0 255 136
-16.998 4.326 1.711 55 255 0
-17.128 4.376 0.914 0 0 255
-17.279 4.409 1.696 0 255 238
-16.867 4.294 1.271 0 255 12
-16.252 4.096 1.492 0 255 140
-15.951 4.019 0.561 0 0 255
-17.394 4.439 1.069 0 0 255
-15.960 4.026 1.630 0 0 255
