-24.077 7.291 1.445 93 255 0
-24.392 7.460 0.506 0 0 255
-23.506 6.992 1.787 0 25 255
-23.635 7.064 1.461 0 255 51
-22.909 6.712 1.193 0 0 255
-24.387 7.459 1.812 0 0 255
-23.816 7.134 1.608 4 255 0
-23.820 7.158 1.221 0 255 4
-24.351 7.463 0.332 0 0 255
-24.427 7.448 1.130 0 0 255
-23.000 6.724 1.603 0 0 255
-22.882 6.713 0.723 0 0 255
-23.529 7.047 1.659 0 25 255
-22.905 6.689 1.018 0 0 255
-22.934 6.734 1.809 0 0 255
-24.353 7.457 1.640 0 0 255
-24.213 7.339 1.736 0 0 255
-23.989 7.243 1.814 0 85 255
-22.975 6.734 1.843 0 255 246
-23.586 7.037 1.011 0 255 29
-23.740 7.073 1.714 0 34 255
-22.939 6.659 1.750 0 42 255
-23.845 7.176 1.614 0 255 114
-23.381 6.942 1.513 0 255 51
-23.178 6.823 1.804 0 255 204
-24.178 7.326 1.668 0 8 255
-23.408 6.951 1.396 0 255 221
-24.332 7.407 1.335 0 0 255
-23.271 6.877 1.359 255 223 0
-23.782 7.139 1.335 0 255 21
-23.891 7.192 1.707 21 255 0
-23.440 6.965 1.034 0 255 229
-23.790 7.140 1.618 0 255 0
-24.408 7.416 0.534 0 0 255
-24.403 7.469 1.925 0 8 255
-23.681 7.091 1.347 21 255 0
-23.755 7.127 1.790 0 255 34
-23.465 6.976 0.926 0 8 255
-22.876 6.707 0.923 0 0 255
-24.385 7.467 0.922 0 0 255
-23.664 7.072 1.699 46 255 0
-23.392 6.932 1.372 63 255 0
-23.409 6.955 1.164 0 255 114
-24.234 7.321 1.379 0 0 255
-24.440 7.446 1.808 0 0 255
-23.248 6.874 1.122 123 255 0
-24.425 7.401 1.037 0 0 255
-23.766 7.137 1.236 63 255 0
-23.800 7.146 1.839 0 0 255
-23.161 6.816 1.663 0 255 161
-23.119 6.817 1.343 0 0 255
-23.660 7.039 1.804 0 0 255
-24.336 7.467 1.623 0 0 255
-23.693 7.095 1.296 0 255 0
-24.048 7.269 1.846 0 0 255
-23.298 6.884 1.537 178 255 0
-24.407 7.469 1.156 0 0 255
-24.112 7.303 1.716 0 255 127
-24.413 7.452 0.669 0 0 255
-24.400 7.463 1.555 0 42 255
-23.994 7.249 1.262 0 255 161
-23.274 6.872 1.629 144 255 0
-23.181 6.824 1.703 174 255 0
-24.430 7.411 0.955 0 0 255
-23.192 6.833 1.774 0 255 191
-22.967 6.624 0.771 0 25 255
-23.680 7.092 1.540 0 144 255
-22.953 6.743 1.436 0 0 255
-24.152 7.327 0.943 0 17 255
-24.250 7.357 1.755 0 0 255
-22.932 6.663 0.692 0 0 255
-24.195 7.341 1.228 0 0 255
-22.957 6.742 1.904 0 0 255
-23.551 7.018 1.556 0 255 119
-24.425 7.437 1.383 0 0 255
-23.068 6.764 1.576 0 0 255
-23.956 7.226 1.349 0 255 153
-24.401 7.468 1.669 0 17 255
-22.884 6.679 1.484 0 0 255
-23.389 6.945 1.211 0 255 119
-22.962 6.713 1.761 0 0 255
-23.244 6.867 1.210 102 255 0
-23.759 7.122 1.640 0 255 34
-23.116 6.765 1.639 0 0 255
-24.110 7.303 1.553 42 255 0
-24.350 7.455 1.968 0 0 255
-22.924 6.727 1.763 0 0 255
-23.363 6.922 1.472 165 255 0
-22.884 6.690 1.730 0 0 255
-23.008 6.725 0.881 0 255 250
-24.403 7.454 1.724 0 8 255
-24.354 7.416 1.088 0 0 255
-24.280 7.413 1.018 0 0 255
-23.748 7.116 1.689 0 255 21
-23.143 6.776 0.896 0 25 255
-23.656 7.074 1.150 0 255 17
-22.906 6.682 0.213 0 0 255
-24.414 7.457 1.644 0 0 255
-23.767 7.133 1.653 0 255 144
-24.129 7.317 1.690 0 255 148
-24.119 7.313 1.249 0 255 97
-23.387 6.931 1.590 0 255 55
-24.351 7.445 0.639 0 0 255
-23.432 6.963 0.959 0 255 97
-22.936 6.736 1.761 0 0 255
-23.282 6.902 1.453 0 42 255
-22.926 6.728 1.569 0 0 255
-24.325 7.399 1.511 0 0 255
-23.207 6.845 1.580 212 255 0
-22.945 6.743 1.772 0 0 255
-23.377 6.933 1.245 0 255 114
-22.973 6.735 1.314 0 0 255
-22.907 6.740 1.177 0 178 255
-23.287 6.924 1.224 0 255 221
-24.429 7.411 0.527 0 0 255
-24.161 7.333 1.241 0 255 25
-23.199 6.852 1.344 0 255 170
-22.960 6.714 1.921 0 0 255
-23.528 6.985 1.077 0 102 255
-24.429 7.480 1.820 0 0 255
-23.532 7.009 1.810 0 0 255
-23.515 7.001 1.339 85 255 0
-23.808 7.151 1.355 12 255 0
-23.335 6.931 1.161 0 255 131
-23.189 6.840 1.566 0 255 127
-24.212 7.345 1.231 0 0 255
-24.053 7.280 1.255 0 255 110
-24.418 7.458 1.442 0 8 255
-23.518 6.994 1.553 72 255 0
-23.960 7.228 1.644 4 255 0
-23.071 6.769 1.784 0 0 255
-23.129 6.818 1.817 0 8 255
-22.932 6.639 1.724 0 51 255
-22.933 6.696 1.820 0 0 255
-24.369 7.452 1.176 0 0 255
-24.339 7.440 1.450 0 17 255
-24.347 7.428 1.774 0 0 255
-24.204 7.357 1.653 0 8 255
-23.663 7.076 1.532 4 255 0
-23.715 7.108 1.139 0 255 119
-23.311 6.897 1.324 153 255 0
-23.588 7.032 1.398 29 255 0
-24.344 7.426 1.384 0 0 255
-23.633 7.058 1.688 0 255 38
-23.079 6.799 1.359 0 17 255
-23.553 7.016 1.779 0 255 55
-23.720 7.102 1.764 51 255 0
-23.302 6.897 1.825 0 0 255
-23.433 6.968 1.854 0 0 255
-24.153 7.323 1.045 0 25 255
-22.919 6.726 0.935 0 0 255
-23.180 6.836 1.240 0 255 106
-23.229 6.849 1.608 136 255 0
-23.460 6.973 1.609 0 255 119
-23.209 6.854 1.333 0 255 250
-23.108 6.783 0.930 0 0 255
-24.390 7.477 0.536 0 0 255
-23.600 7.042 1.703 0 255 38
-24.041 7.270 1.228 0 255 97
-24.308 7.392 1.265 0 0 255
-24.146 7.321 1.301 0 255 12
-23.940 7.223 1.307 17 255 0
-24.429 7.488 1.904 0 25 255
-23.894 7.157 1.476 0 255 221
-22.972 6.744 1.404 0 255 140
-24.148 7.328 1.370 0 255 242
-24.375 7.442 1.778 0 0 255
-22.925 6.750 0.525 0 0 255
-23.806 7.145 1.816 0 255 4
-23.658 7.090 1.796 0 255 199
-23.135 6.794 1.806 0 68 255
-22.926 6.643 1.187 0 0 255
-23.423 6.954 1.593 0 204 255
-23.286 6.906 1.266 0 255 140
-23.322 6.893 1.786 119 255 0
-23.550 7.019 1.823 0 0 255
-22.923 6.618 0.724 0 0 255
-22.891 6.704 1.703 0 0 255
-23.304 6.889 1.759 0 255 51
-22.930 6.807 0.203 0 0 255
-23.462 6.974 1.562 0 255 182
-22.905 6.703 1.055 0 0 255
-23.782 7.139 1.416 12 255 0
-22.949 6.735 1.580 0 0 255
-23.106 6.751 1.759 0 195 255
-23.758 7.153 1.393 0 59 255
-24.058 7.280 1.591 0 255 144
-24.417 7.446 1.889 0 0 255
-24.404 7.477 0.524 0 0 255
-23.492 6.998 1.691 0 255 153
-24.406 7.460 1.930 0 0 255
-23.015 6.748 0.998 0 25 255
-23.968 7.233 1.819 0 255 148
-23.380 6.933 1.419 85 255 0
-23.884 7.190 1.260 46 255 0
-23.405 6.943 1.588 0 255 38
-23.810 7.153 1.381 0 255 25
-23.073 6.771 1.379 0 0 255
-23.859 7.178 1.690 0 255 4
-23.134 6.833 1.430 0 255 153
-24.139 7.320 0.949 0 8 255
-23.722 7.114 0.946 0 255 161
-22.954 6.727 0.816 0 17 255
-24.156 7.351 0.956 0 0 255
-23.805 7.136 1.134 0 255 8
-24.279 7.366 1.675 0 0 255
-23.425 6.953 1.745 0 255 127
-23.321 6.908 1.807 0 110 255
-24.167 7.329 1.791 0 255 191
-23.081 6.775 1.122 0 0 255
-23.507 6.997 1.773 0 255 34
-23.760 7.122 1.325 21 255 0
-23.752 7.127 1.276 0 255 114
-23.364 6.925 1.580 0 255 161
-22.927 6.731 0.355 0 0 255
-22.955 6.743 1.744 0 0 255
-23.765 7.131 1.338 0 255 17
-22.892 6.701 1.829 0 0 255
-24.389 7.466 1.267 0 255 238
-23.381 6.931 1.680 127 255 0
-23.981 7.241 1.692 34 255 0
-23.733 7.109 1.592 0 255 21
-22.994 6.715 1.390 0 0 255
-23.906 7.203 1.811 0 255 144
-23.003 6.679 0.539 0 212 255
-23.257 6.870 1.363 0 255 131
-23.325 6.904 1.715 0 255 119
-24.408 7.461 1.643 0 8 255
-23.166 6.809 1.675 221 255 0
-23.817 7.151 1.365 38 255 0
-24.403 7.400 1.108 0 0 255
-24.180 7.337 1.252 0 255 0
-22.959 6.761 0.258 0 0 255
-23.741 7.120 1.273 0 255 157
-23.697 7.092 1.381 38 255 0
-24.242 7.387 1.839 0 0 255
-22.919 6.756 0.243 0 0 255
-24.178 7.333 1.424 0 25 255
-23.232 6.851 1.559 204 255 0
-24.270 7.351 1.083 0 0 255
-24.406 7.461 1.543 0 246 255
-22.875 6.708 0.583 0 0 255
-23.025 6.754 1.786 0 0 255
-23.370 6.923 1.736 0 255 127
-23.251 6.866 1.375 0 255 68
-23.991 7.243 1.542 0 255 89
-22.921 6.726 0.401 0 0 255
-23.373 6.927 1.458 0 255 51
-22.905 6.739 0.550 0 0 255
-23.202 6.832 1.773 0 255 55
-24.343 7.462 1.404 0 17 255
-24.478 7.430 1.006 0 8 255
-23.488 6.987 1.756 0 255 63
-23.011 6.736 1.302 0 0 255
-23.866 7.179 1.834 0 255 102
-24.019 7.254 1.582 8 255 0
-23.629 7.078 0.912 0 0 255
-23.546 7.014 1.810 0 255 119
-23.568 7.027 1.603 0 255 21
-23.305 6.896 1.821 0 0 255
-22.908 6.727 1.321 0 255 233
-23.962 7.227 1.745 0 255 131
-22.975 6.745 1.327 0 255 93
-24.133 7.317 1.401 59 255 0
-24.168 7.332 1.263 0 255 161
-23.658 7.076 1.355 38 255 0
-23.923 7.210 1.743 0 255 106
-24.450 7.408 1.866 0 85 255
-24.043 7.268 1.803 0 255 119
-23.255 6.908 1.231 0 255 204
-23.273 6.902 1.096 0 255 127
-23.117 6.802 1.224 0 0 255
-22.994 6.767 1.464 0 59 255
-24.428 7.444 1.876 0 8 255
-23.113 6.816 0.930 0 0 255
-22.971 6.732 1.785 0 0 255
-23.303 6.891 1.481 0 255 136
-23.370 6.964 1.343 0 195 255
-22.930 6.680 1.121 0 8 255
-23.387 6.934 1.705 0 255 119
-24.439 7.472 1.574 0 0 255
-24.378 7.457 1.653 0 8 255
-23.325 6.926 1.116 0 255 161
-23.475 6.974 1.431 59 255 0
-24.338 7.413 1.521 0 0 255
-24.423 7.437 1.133 0 68 255
-23.972 7.205 1.203 0 255 123
-22.886 6.685 1.457 0 0 255
-24.335 7.478 1.729 0 153 255
-23.574 7.026 1.823 0 0 255
-23.108 6.799 1.444 0 255 161
-23.463 6.974 1.431 0 255 114
-24.434 7.427 1.440 0 0 255
-22.964 6.744 1.430 0 178 255
-23.731 7.140 1.293 0 93 255
-23.916 7.206 1.350 59 255 0
-24.344 7.441 1.791 0 0 255
-24.294 7.379 1.728 0 0 255
-22.892 6.696 1.483 0 0 255
-24.012 7.255 1.724 59 255 0
-23.541 7.010 1.685 0 255 21
-24.347 7.452 1.333 0 0 255
-23.004 6.748 1.796 0 0 255
-23.042 6.770 1.789 0 34 255
-24.344 7.429 1.007 0 0 255
-24.342 7.417 1.554 0 51 255
-24.446 7.456 1.358 0 0 255
-24.417 7.426 0.851 0 0 255
-23.100 6.759 1.314 0 0 255
-23.217 6.843 1.768 0 255 68
-23.672 7.090 1.065 25 255 0
-24.392 7.458 1.844 0 0 255
-23.944 7.224 1.636 0 153 255
-22.945 6.739 1.483 0 0 255
-24.064 7.284 1.567 25 255 0
-23.020 6.672 1.947 0 0 255
-23.832 7.182 1.381 0 51 255
-24.149 7.327 1.607 0 255 148
-23.334 6.905 1.400 0 255 144
-23.029 6.737 1.207 0 0 255
-23.824 7.167 0.931 0 0 255
-23.689 7.094 1.201 0 255 110
-23.748 7.118 1.377 0 255 4
-23.240 6.833 1.696 0 255 29
-22.894 6.715 1.333 0 8 255
-23.236 6.860 1.545 0 255 131
-24.398 7.357 0.774 0 161 255
-23.071 6.785 1.772 0 0 255
-23.950 7.224 1.698 8 255 0
-23.743 7.114 1.457 0 255 51
-22.935 6.733 1.788 0 0 255
-23.346 6.908 1.521 76 255 0
-24.068 7.283 1.615 46 255 0
-24.399 7.460 1.640 0 25 255
-23.402 6.923 1.147 0 255 12
-24.369 7.455 1.573 0 0 255
-22.964 6.743 0.553 0 0 255
-22.930 6.732 0.630 0 0 255
-23.565 7.024 1.735 0 255 59
-24.106 7.305 1.214 0 255 153
-23.779 7.133 1.391 42 255 0
-24.121 7.344 1.493 0 8 255
-24.146 7.321 1.448 102 255 0
-23.608 7.045 1.626 0 255 119
-23.354 6.915 1.531 0 255 136
-23.264 6.887 0.945 0 0 255
-22.956 6.763 0.382 0 0 255
-23.770 7.182 1.671 0 34 255
-23.462 6.974 1.568 0 255 42
-23.464 6.983 1.294 0 255 161
-24.207 7.336 1.760 0 0 255
-23.813 7.152 1.506 4 255 0
-23.774 7.137 1.687 0 255 106
-24.020 7.260 1.455 0 255 204
-24.101 7.278 1.881 0 0 255
-24.166 7.330 1.714 0 212 255
-24.288 7.388 1.482 0 0 255
-23.618 7.066 1.042 4 255 0
-24.415 7.466 0.960 0 0 255
-24.430 7.392 0.787 0 8 255
-24.408 7.419 1.494 0 0 255
-23.009 6.729 1.672 0 0 255
-23.161 6.815 1.602 0 255 106
-24.322 7.401 1.297 0 0 255
-24.365 7.448 1.913 0 0 255
-23.646 7.068 1.312 0 255 12
-22.955 6.750 0.776 0 187 255
-23.463 6.976 1.271 0 255 161
-24.207 7.352 1.128 0 0 255
-23.207 6.837 1.693 174 255 0
-22.970 6.734 1.862 0 0 255
-23.339 6.905 1.545 182 255 0
-23.883 7.184 0.956 0 119 255
-22.913 6.759 1.047 0 0 255
-23.684 7.086 1.422 72 255 0
-23.035 6.768 1.794 0 8 255
-22.882 6.708 0.431 0 0 255
-23.004 6.589 0.201 0 0 255
-23.563 7.015 1.314 38 255 0
-23.634 7.065 1.040 0 255 157
-23.666 7.082 1.107 0 255 157
-23.060 6.741 1.158 0 8 255
-23.554 7.021 1.404 0 255 114
-23.814 7.158 1.330 0 255 12
-23.724 7.082 1.510 0 246 255
-23.367 6.932 1.087 0 255 165
-22.947 6.746 1.476 0 0 255
-23.834 7.168 1.096 38 255 0
-24.042 7.270 1.191 0 255 80
-23.680 7.084 1.438 0 34 255
-23.532 7.010 1.336 0 255 8
-24.354 7.431 0.480 0 0 255
-23.606 7.050 1.485 17 255 0
-22.996 6.680 0.257 0 0 255
-24.389 7.454 1.579 0 25 255
-24.211 7.334 1.611 0 0 255
-23.636 7.017 1.545 0 255 42
-24.094 7.297 1.574 12 255 0
-24.224 7.314 1.226 0 0 255
-23.707 7.098 1.651 0 255 38
-23.847 7.182 0.922 0 0 255
-23.704 7.105 1.168 38 255 0
-23.060 6.795 1.413 0 8 255
-23.265 6.918 1.734 0 136 255
-23.634 7.063 1.326 0 255 114
-23.708 7.101 1.386 8 255 0
-23.409 6.944 1.756 0 255 161
-23.889 7.190 1.837 0 0 255
-24.026 7.261 1.729 0 255 123
-24.277 7.355 1.689 0 0 255
-23.489 6.986 1.159 42 255 0
-24.204 7.291 1.600 0 0 255
-23.801 7.148 1.631 4 255 0
-22.985 6.710 1.944 0 0 255
-23.916 7.209 1.683 0 255 157
-23.512 6.999 1.425 106 255 0
-23.791 7.150 1.209 68 255 0
-23.289 6.889 1.359 0 255 68
-23.130 6.790 1.060 0 110 255
-22.977 6.652 0.548 0 0 255
-23.694 7.090 1.377 72 255 0
-23.315 6.895 1.625 0 255 63
-24.127 7.317 1.692 0 255 123
-22.946 6.750 1.313 0 0 255
-22.981 6.718 1.971 0 0 255
-23.147 6.812 1.423 34 255 0
-24.404 7.461 1.301 0 17 255
-23.298 6.898 1.395 0 255 34
-23.461 6.975 1.586 0 255 119
-24.343 7.418 1.226 0 0 255
-24.381 7.466 1.133 0 17 255
-24.161 7.279 1.863 0 0 255
-22.939 6.728 0.941 0 0 255
-24.423 7.416 1.683 0 0 255
-23.740 7.106 1.687 25 255 0
-24.131 7.311 1.305 34 255 0
-24.001 7.248 1.424 42 255 0
-23.562 7.022 1.133 34 255 0
-24.066 7.330 1.106 0 255 46
-23.954 7.242 1.088 0 144 255
-22.921 6.720 1.244 0 8 255
-23.647 7.070 1.860 0 0 255
-23.778 7.133 1.666 0 255 106
-22.943 6.740 1.482 0 0 255
-23.310 6.899 1.716 0 255 140
-23.424 6.953 0.986 68 255 0
-23.986 7.248 0.935 0 0 255
-23.539 7.019 1.024 0 255 161
-23.301 6.890 1.361 85 255 0
-24.054 7.269 1.860 0 0 255
-23.931 7.214 1.762 0 255 110
-24.180 7.338 1.034 0 255 29
-23.928 7.212 1.652 0 255 8
-23.720 7.098 1.589 59 255 0
-24.406 7.460 1.837 0 0 255
-24.110 7.299 1.775 0 255 34
-23.571 7.038 1.563 0 255 136
-23.773 7.137 1.295 89 255 0
-23.341 6.907 1.446 0 255 63
-23.049 6.754 1.731 0 8 255
-23.548 7.018 1.566 0 255 42
-23.110 6.791 1.135 0 8 255
-23.687 7.089 1.674 0 255 110
-23.123 6.792 1.811 0 68 255
-23.267 6.874 1.245 106 255 0
-23.710 7.142 0.991 0 34 255
-23.247 6.867 0.928 0 0 255
-22.914 6.687 0.506 0 0 255
-23.983 7.241 1.465 0 255 157
-23.579 7.031 1.494 63 255 0
-23.608 7.053 1.806 0 93 255
-23.303 6.891 1.368 144 255 0
-24.402 7.463 1.390 0 42 255
-24.410 7.460 1.736 0 0 255
-23.477 6.981 1.442 0 255 63
-24.406 7.469 1.420 0 255 161
-23.321 6.894 1.774 0 255 55
-24.156 7.325 1.826 0 255 63
-23.759 7.126 1.804 0 255 148
-23.352 6.916 1.434 144 255 0
-23.356 6.918 1.775 0 255 127
-24.506 7.506 0.815 0 0 255
-24.276 7.374 1.564 0 0 255
-24.228 7.353 0.986 0 42 255
-23.230 6.851 1.572 0 204 255
-23.689 7.095 1.513 0 255 0
-23.106 6.794 1.033 0 17 255
-23.552 7.019 1.447 0 255 119
-23.172 6.828 1.153 144 255 0
-22.931 6.732 0.929 0 8 255
-23.551 7.019 1.424 0 255 55
-23.312 6.890 1.533 165 255 0
-23.233 6.838 1.151 0 17 255
-23.487 6.986 1.390 102 255 0
-23.699 7.103 1.106 25 255 0
-24.206 7.349 1.803 0 0 255
-24.050 7.271 1.170 0 255 148
-24.397 7.467 1.661 0 8 255
-24.153 7.322 1.740 0 255 89
-23.711 7.089 1.547 68 255 0
-22.941 6.731 1.566 0 0 255
-22.982 6.703 0.358 0 0 255
-23.144 6.818 1.770 0 161 255
-24.142 7.315 1.800 38 255 0
-23.992 7.251 1.598 0 255 123
-22.955 6.743 1.516 0 0 255
-23.629 7.056 1.388 25 255 0
-22.963 6.726 1.856 0 0 255
-23.255 6.881 1.846 0 0 255
-23.784 7.158 1.478 0 255 123
-22.970 6.721 1.217 0 0 255
-23.085 6.759 0.922 0 8 255
-23.342 6.864 1.339 0 127 255
-24.005 7.250 1.673 34 255 0
-23.687 7.088 1.452 0 255 46
-24.013 7.287 1.677 0 42 255
-24.312 7.383 1.246 0 0 255
-24.265 7.367 1.738 0 0 255
-23.014 6.707 1.866 0 0 255
-23.357 6.923 1.807 0 0 255
-23.792 7.136 1.832 0 0 255
-23.087 6.747 1.524 0 51 255
-23.754 7.121 1.414 25 255 0
-23.458 6.968 1.631 0 255 119
-23.296 6.883 1.546 0 42 255
-23.733 7.114 1.774 0 255 12
-22.870 6.683 0.362 0 0 255
-23.189 6.831 1.758 0 255 195
-23.458 6.972 1.574 0 255 165
-24.272 7.353 1.032 0 0 255
-23.467 6.999 1.289 0 51 255
-24.178 7.397 1.773 0 8 255
-23.408 6.939 1.190 63 255 0
-22.889 6.707 0.740 0 0 255
-24.293 7.381 1.701 0 8 255
-23.784 7.133 0.943 0 8 255
-24.389 7.459 1.571 0 161 255
-24.361 7.455 1.174 0 0 255
-23.645 7.069 1.321 0 255 119
-22.994 6.731 1.138 0 0 255
-23.616 7.058 1.474 34 255 0
-22.983 6.669 0.224 0 8 255
-22.906 6.717 1.572 0 25 255
-23.296 6.886 1.635 0 255 63
-22.978 6.740 1.934 0 0 255
-24.174 7.394 1.660 0 17 255
-23.546 7.018 1.267 0 255 0
-24.216 7.350 1.572 0 0 255
-22.984 6.729 1.449 0 17 255
-22.974 6.673 0.294 0 0 255
-24.060 7.271 1.849 0 0 255
-23.949 7.225 1.069 0 255 157
-24.261 7.371 1.781 0 0 255
-24.245 7.374 1.799 0 0 255
-23.560 7.026 1.315 0 255 4
-22.946 6.612 0.430 0 0 255
-23.640 7.066 1.532 0 255 114
-22.999 6.694 0.809 0 0 255
-23.278 6.873 1.713 153 255 0
-22.919 6.723 1.758 0 0 255
-24.386 7.452 1.875 0 0 255
-24.300 7.367 1.471 0 0 255
-24.383 7.479 1.454 0 0 255
-22.936 6.761 1.530 0 0 255
-22.987 6.738 1.611 0 0 255
-24.208 7.352 1.805 0 0 255
-23.715 7.107 1.223 29 255 0
-23.085 6.781 1.749 0 0 255
-23.538 7.023 1.216 0 255 0
-22.955 6.618 0.394 0 0 255
-24.260 7.377 1.803 0 0 255
-24.415 7.462 1.503 0 255 182
-22.946 6.729 1.720 0 8 255
-23.919 7.211 1.256 0 255 148
-23.416 6.966 1.194 0 255 131
-23.894 7.192 1.759 0 255 21
-22.920 6.683 0.409 0 0 255
-23.270 6.875 1.367 0 255 68
-23.155 6.832 1.068 0 153 255
-23.821 7.157 1.720 8 255 0
-23.513 7.001 1.647 0 255 29
-23.377 6.930 1.070 63 255 0
-23.003 6.741 1.301 0 25 255
-24.313 7.376 1.527 0 0 255
-23.183 6.867 1.115 0 255 195
-23.376 6.938 1.379 0 255 123
-23.306 6.914 1.438 0 255 127
-22.976 6.658 1.075 0 0 255
-23.263 6.877 0.994 0 229 255
-23.307 6.813 1.813 0 0 255
-23.179 6.833 1.370 216 255 0
-23.413 6.944 1.143 46 255 0
-23.516 7.003 1.365 0 255 34
-23.654 7.071 1.663 0 255 51
-23.667 7.078 1.557 0 255 59
-23.568 7.029 1.544 0 255 0
-22.898 6.703 0.562 0 0 255
-22.938 6.762 0.417 0 0 255
-23.440 6.958 1.533 85 255 0
-23.474 6.983 1.187 0 255 114
-22.921 6.727 1.601 0 0 255
-23.833 7.161 1.724 0 255 21
-23.177 6.857 1.250 0 255 233
-24.425 7.441 1.373 0 0 255
-23.803 7.147 1.802 0 255 225
-22.958 6.731 1.927 0 0 255
-23.474 6.988 1.845 0 0 255
-23.315 6.892 1.447 178 255 0
-23.663 7.079 1.037 0 255 114
-23.434 6.997 1.274 0 76 255
-23.459 6.971 1.399 102 255 0
-23.713 7.147 1.585 68 255 0
-23.670 7.081 1.619 0 255 29
-23.252 6.869 1.804 0 255 153
-23.596 7.039 1.523 0 255 0
-23.530 7.005 1.377 80 255 0
-24.172 7.326 1.485 0 255 51
-24.191 7.297 1.270 0 255 89
-23.022 6.677 1.371 0 0 255
-23.734 7.120 1.339 68 255 0
-23.578 7.031 1.392 0 255 25
-23.427 6.979 1.269 0 255 80
-24.214 7.348 1.411 0 0 255
-23.042 6.720 0.979 0 17 255
-23.507 6.992 1.332 153 255 0
-22.922 6.740 1.970 0 0 255
-23.669 7.078 1.725 0 255 34
-23.900 7.197 1.826 0 255 233
-23.265 6.870 1.577 0 255 114
-23.847 7.170 1.671 0 255 25
-23.035 6.764 1.169 0 0 255
-23.859 7.177 1.794 0 255 0
-23.828 7.160 1.499 12 255 0
-24.413 7.427 1.357 0 0 255
-23.533 7.006 1.735 0 255 42
-24.180 7.335 0.928 0 17 255
-24.061 7.280 1.805 0 255 123
-22.880 6.691 0.697 0 0 255
-23.589 7.035 1.394 0 144 255
-22.931 6.735 0.767 0 0 255
-24.420 7.475 1.927 0 0 255
-23.682 7.082 1.429 55 255 0
-24.196 7.293 1.540 0 255 148
-23.936 7.217 1.702 0 255 102
-23.825 7.156 1.529 34 255 0
-23.611 7.053 1.380 0 255 21
-24.453 7.397 1.122 0 178 255
-23.297 6.907 1.296 0 255 127
-24.370 7.502 1.050 0 0 255
-24.415 7.395 1.900 0 0 255
-23.194 6.861 1.266 0 255 114
-23.813 7.151 1.816 0 204 255
-23.205 6.855 0.928 0 0 255
-24.116 7.283 1.192 0 255 17
-22.983 6.704 0.752 0 0 255
-24.373 7.450 0.878 0 0 255
-23.640 7.068 1.202 12 255 0
-23.749 7.121 1.674 0 255 165
-24.338 7.384 1.327 0 0 255
-22.971 6.744 1.231 0 0 255
-24.361 7.447 1.049 0 0 255
-23.412 6.973 1.001 0 255 123
-23.012 6.751 1.801 0 8 255
-23.093 6.778 1.736 0 0 255
-23.480 6.982 1.597 0 255 55
-24.374 7.365 1.164 0 0 255
-23.261 6.847 1.532 0 246 255
-23.539 6.978 1.342 0 110 255
-23.137 6.797 1.641 51 255 0
-23.919 7.212 1.627 29 255 0
-24.118 7.312 1.260 72 255 0
-23.723 7.073 1.781 0 195 255
-23.133 6.810 1.818 0 0 255
-23.120 6.808 1.699 0 0 255
-24.420 7.512 1.477 0 0 255
-23.598 7.024 1.849 0 0 255
-24.437 7.453 1.484 0 0 255
-22.933 6.726 1.860 0 0 255
-22.912 6.720 1.548 0 25 255
-23.217 6.863 1.131 0 255 131
-23.457 6.968 1.485 114 255 0
-24.342 7.425 1.651 0 0 255
-23.556 7.028 1.195 0 102 255
-23.583 7.032 1.580 85 255 0
-24.157 7.322 1.746 0 17 255
-24.431 7.408 1.040 0 0 255
-24.371 7.459 0.987 0 8 255
-23.572 7.031 1.057 0 255 119
-23.002 6.734 1.428 0 255 195
-23.748 7.116 1.116 0 255 8
-24.039 7.273 1.455 76 255 0
-22.886 6.686 1.560 0 0 255
-24.403 7.463 0.869 0 8 255
-23.396 6.940 1.422 0 255 55
-24.389 7.490 1.516 0 0 255
-23.312 6.927 1.215 0 127 255
-22.961 6.770 1.651 0 0 255
-22.937 6.744 1.544 0 0 255
-23.262 6.866 1.756 0 255 153
-24.415 7.459 1.724 0 0 255
-22.904 6.701 1.851 0 0 255
-22.910 6.688 0.425 0 0 255
-23.905 7.200 1.416 25 255 0
-23.710 7.101 1.379 38 255 0
-23.830 7.168 1.184 0 255 216
-23.682 7.081 1.471 21 255 0
-23.470 6.979 1.332 0 255 38
-23.515 6.986 1.668 102 255 0
-23.814 7.156 1.816 0 255 195
-23.986 7.246 1.564 0 255 153
-23.839 7.198 1.615 0 51 255
-23.661 7.119 1.834 0 0 255
-24.358 7.442 1.745 0 0 255
-24.166 7.330 1.700 0 255 106
-23.718 7.097 1.503 55 255 0
-23.281 6.876 1.652 0 255 55
-24.389 7.462 1.214 0 0 255
-23.351 6.911 1.720 0 255 42
-24.341 7.440 0.362 0 0 255
