-33.310 -41.070 0.178 0 8 255
-32.935 -40.491 0.244 0 255 242
-32.927 -40.487 0.284 0 255 51
-32.798 -40.517 0.209 0 59 255
-32.537 -40.167 0.239 0 17 255
-32.397 -40.026 0.250 0 25 255
-32.310 -39.905 0.277 0 25 255
-32.425 -39.967 0.234 0 25 255
-32.445 -39.822 0.308 0 255 225
-32.911 -40.372 0.223 0 136 255
-31.928 -39.579 0.210 0 255 148
-31.869 -39.481 0.236 0 255 153
-31.916 -39.536 0.223 0 255 174
-31.952 -39.690 0.248 0 255 102
-31.987 -39.533 0.275 0 102 255
-32.240 -39.715 0.363 0 255 229
-31.922 -39.545 0.309 0 195 255
-32.059 -39.641 0.438 0 0 255
-31.877 -39.590 0.312 0 0 255
-32.067 -39.593 0.380 0 255 174
-32.230 -39.676 0.390 0 0 255
-31.976 -39.585 0.430 0 0 255
-31.967 -39.473 0.258 0 255 157
-32.140 -39.449 0.561 0 0 255
-32.193 -39.444 0.427 0 255 136
-31.895 -39.491 0.285 0 255 102
-32.045 -39.578 0.307 0 76 255
-32.040 -39.618 0.270 0 255 80
-31.940 -39.296 0.237 0 255 178
-31.919 -39.361 0.228 0 255 127
-32.042 -39.532 0.451 0 255 182
-32.146 -39.372 0.477 0 255 127
-32.083 -39.549 0.334 0 255 140
-31.987 -39.354 0.468 0 255 148
-31.942 -39.487 0.391 0 119 255
-31.960 -39.355 0.497 0 255 140
-31.974 -39.449 0.380 0 255 148
-31.980 -39.330 0.504 0 255 238
-31.957 -39.370 0.247 0 255 131
-31.935 -39.372 0.284 0 85 255
-31.926 -39.392 0.298 0 119 255
-31.910 -39.468 0.406 0 255 199
-32.129 -39.463 0.402 0 255 131
-32.066 -39.500 0.434 0 255 204
-33.005 -40.621 0.269 0 0 255
-32.085 -39.300 0.304 0 255 144
-31.944 -39.299 0.299 0 127 255
-32.001 -39.312 0.349 0 255 140
-32.986 -40.474 0.263 68 255 0
-31.901 -39.314 0.296 0 51 255
-32.045 -39.352 0.396 0 255 153
-31.964 -39.360 0.315 0 255 216
-31.994 -39.315 0.313 0 255 140
-31.865 -39.213 0.383 0 255 144
-32.055 -39.238 0.470 0 255 157
-31.773 -39.397 0.191 0 255 161
-31.731 -39.394 0.230 0 255 161
-31.783 -39.361 0.224 0 255 161
-31.797 -39.377 0.255 0 255 255
-31.788 -39.370 0.281 0 255 161
-31.853 -39.342 0.300 0 8 255
-31.855 -39.294 0.302 0 17 255
-31.814 -39.346 0.339 0 161 255
-31.409 -38.790 0.310 0 136 255
-31.419 -38.791 0.326 0 25 255
-31.832 -39.087 0.394 0 255 153
-31.784 -39.236 0.321 0 17 255
-31.763 -39.096 0.327 0 255 148
-31.787 -39.202 0.382 0 255 182
-31.710 -39.004 0.468 0 255 106
-31.728 -38.956 0.355 0 255 191
-31.738 -39.063 0.416 0 255 165
-31.742 -39.175 0.325 0 25 255
-31.777 -39.198 0.423 0 255 144
-31.544 -38.912 0.342 0 17 255
-31.556 -38.876 0.340 0 25 255
-31.648 -38.884 0.542 0 255 153
-31.633 -38.916 0.520 0 255 136
-31.518 -38.955 0.454 0 255 148
-31.769 -39.025 0.369 0 255 148
-31.443 -38.965 0.475 0 76 255
-31.501 -38.861 0.407 0 255 161
-31.524 -38.880 0.563 0 255 182
-31.548 -38.792 0.400 0 255 170
-31.619 -38.863 0.527 0 255 131
-31.436 -38.975 0.507 0 255 250
-31.698 -38.975 0.425 0 255 161
-31.472 -38.796 0.392 0 255 195
-31.509 -38.746 0.396 0 255 195
-31.544 -38.828 0.562 0 255 106
-31.439 -38.789 0.449 0 255 212
-31.751 -39.253 0.177 0 255 165
-31.481 -38.875 0.551 0 255 148
-31.473 -38.933 0.498 0 255 212
-31.478 -38.912 0.513 0 255 161
-31.553 -38.830 0.493 0 255 123
-31.682 -38.850 0.583 0 255 127
-31.604 -38.822 0.564 0 255 119
-31.580 -38.767 0.543 0 255 161
-31.274 -38.773 0.230 0 255 148
-31.250 -38.768 0.240 0 255 153
-31.498 -38.862 0.543 0 255 157
-31.489 -38.822 0.547 0 246 255
-31.628 -38.873 0.347 0 255 119
-31.614 -38.853 0.347 0 255 144
-31.064 -38.762 0.232 0 76 255
-31.215 -38.837 0.324 0 255 170
-31.613 -38.805 0.335 0 255 178
-31.272 -38.806 0.346 0 255 178
-31.184 -38.892 0.299 0 255 174
-31.150 -38.755 0.248 0 255 165
-31.288 -38.821 0.358 0 255 225
-31.314 -38.668 0.295 0 255 136
-31.327 -38.580 0.307 0 34 255
-31.310 -38.526 0.344 0 51 255
-31.810 -39.290 0.209 0 255 165
-31.392 -38.654 0.468 0 255 127
-31.396 -38.634 0.374 0 255 221
-31.416 -38.553 0.412 0 255 174
-31.338 -38.662 0.367 0 221 255
-31.033 -38.247 0.377 0 17 255
-31.352 -38.621 0.392 0 255 144
-31.257 -38.710 0.253 0 255 157
-31.046 -38.238 0.384 0 17 255
-31.078 -38.207 0.359 0 255 148
-31.070 -38.255 0.395 0 42 255
-31.459 -38.694 0.296 0 255 187
-31.615 -38.735 0.547 0 255 110
-31.595 -38.704 0.563 29 255 0
-31.332 -38.542 0.383 0 255 136
-31.254 -38.295 0.531 0 255 80
-31.411 -38.478 0.402 0 255 153
-31.059 -38.267 0.469 0 255 144
-31.103 -38.307 0.573 0 8 255
-31.169 -38.282 0.503 0 255 153
-31.271 -38.620 0.233 0 255 136
-31.245 -38.642 0.273 0 255 131
-31.790 -39.162 0.315 0 34 255
-31.353 -38.533 0.387 0 255 161
-31.183 -38.255 0.555 0 255 148
-31.055 -38.253 0.482 0 255 161
-31.152 -38.207 0.536 0 255 140
-31.388 -38.568 0.417 0 255 157
-31.702 -39.292 0.271 0 255 174
-31.179 -38.588 0.251 0 255 127
-31.202 -38.488 0.238 0 255 208
-31.499 -38.680 0.412 0 255 119
-31.175 -38.544 0.294 0 170 255
-31.442 -38.615 0.474 0 255 195
-31.157 -38.545 0.221 0 255 110
-31.671 -39.017 0.204 0 255 131
-31.151 -38.535 0.282 0 255 170
-31.630 -39.057 0.213 0 255 204
-31.418 -38.695 0.385 0 255 161
-31.712 -39.117 0.260 0 255 165
-31.676 -39.097 0.265 0 255 255
-31.678 -39.099 0.311 0 17 255
-31.063 -38.529 0.267 0 195 255
-31.622 -39.035 0.269 0 255 157
-31.158 -38.503 0.292 0 255 187
-31.021 -38.527 0.249 0 255 187
-30.952 -38.466 0.238 0 255 114
-31.652 -38.960 0.251 0 255 127
-31.620 -38.996 0.251 0 255 161
-31.655 -38.913 0.251 0 255 174
-31.631 -38.931 0.256 0 255 136
-31.641 -38.907 0.235 0 255 157
-31.619 -38.832 0.331 0 255 140
-31.328 -38.143 0.206 0 255 255
-31.175 -38.269 0.216 0 170 255
-31.137 -38.190 0.217 0 255 161
-31.320 -38.832 0.179 0 255 136
-31.047 -38.182 0.260 0 93 255
-31.116 -38.082 0.272 0 255 229
-31.055 -38.183 0.346 0 51 255
-31.102 -38.059 0.279 0 255 242
-31.061 -38.154 0.347 0 255 204
-31.086 -38.146 0.324 0 255 233
-31.054 -38.062 0.263 0 255 157
-31.132 -38.118 0.300 0 255 182
-31.155 -38.154 0.295 0 255 208
-31.246 -38.443 0.346 0 255 208
-31.552 -38.893 0.284 0 59 255
-31.022 -38.112 0.197 0 255 153
-30.939 -37.981 0.216 0 255 178
-31.183 -38.408 0.286 0 255 182
-31.339 -38.894 0.268 0 255 114
-30.914 -37.931 0.348 0 255 178
-30.918 -37.917 0.358 0 255 195
-31.103 -38.411 0.282 0 255 165
-30.919 -38.040 0.351 0 0 255
-31.054 -38.448 0.278 0 255 157
-31.083 -38.414 0.287 0 255 157
-31.236 -38.109 0.373 0 255 182
-31.095 -37.991 0.413 0 255 178
-30.821 -37.641 0.325 0 255 225
-31.495 -38.870 0.289 0 85 255
-30.865 -38.029 0.306 0 255 187
-31.208 -38.179 0.502 0 255 170
-31.205 -38.142 0.425 0 255 161
-30.788 -37.671 0.326 0 204 255
-30.757 -37.693 0.314 0 255 165
-31.196 -38.185 0.462 0 255 110
-30.910 -37.831 0.337 0 255 187
-30.860 -37.898 0.244 0 255 29
-30.795 -37.989 0.367 0 42 255
-31.155 -38.155 0.414 0 255 170
-30.865 -37.927 0.317 0 34 255
-30.759 -37.846 0.233 0 255 170
-30.941 -37.938 0.409 0 255 238
-30.970 -38.009 0.393 0 255 170
-30.753 -37.861 0.290 0 255 161
-31.194 -38.237 0.339 0 255 153
-30.801 -37.780 0.264 0 255 229
-30.767 -37.794 0.289 0 255 165
-31.106 -38.128 0.479 0 255 140
-30.858 -38.047 0.373 0 25 255
-30.868 -38.000 0.427 0 255 153
-31.104 -38.065 0.475 0 255 55
-30.764 -37.861 0.216 0 255 204
-30.807 -37.864 0.325 0 255 161
-30.799 -37.875 0.354 0 8 255
-30.823 -37.940 0.398 0 255 178
-30.837 -37.965 0.406 0 255 161
-30.876 -37.814 0.348 0 255 165
-31.042 -38.286 0.306 0 51 255
-31.042 -38.258 0.321 0 17 255
-30.763 -37.817 0.353 0 17 255
-31.030 -38.243 0.293 0 34 255
-31.066 -38.200 0.307 0 59 255
-31.020 -37.976 0.502 0 255 165
-31.009 -37.975 0.522 0 255 178
-30.980 -37.962 0.527 0 255 127
-30.954 -37.957 0.598 0 42 255
-30.994 -38.404 0.197 0 255 153
-30.821 -37.939 0.514 0 255 178
-31.017 -38.276 0.191 0 136 255
-31.025 -38.228 0.181 0 93 255
-30.761 -37.379 0.333 0 255 153
-31.022 -38.352 0.258 0 255 161
-30.787 -37.345 0.235 0 255 106
-31.010 -38.212 0.346 0 8 255
-31.272 -38.740 0.354 0 51 255
-31.259 -38.569 0.365 0 255 148
-31.285 -38.567 0.388 0 255 157
-30.760 -37.288 0.300 0 255 157
-31.240 -38.452 0.393 0 255 102
-31.267 -38.400 0.462 0 255 140
-31.260 -38.376 0.429 0 255 106
-31.483 -38.629 0.498 0 255 80
-31.569 -38.740 0.549 0 255 119
-30.769 -37.627 0.393 0 255 127
-31.264 -38.188 0.394 0 255 157
-30.785 -37.621 0.547 0 255 229
-31.393 -38.672 0.516 0 255 182
-30.767 -37.509 0.405 0 255 199
-31.239 -38.285 0.455 0 229 255
-31.545 -38.601 0.522 0 255 68
-31.178 -38.241 0.492 0 255 119
-31.186 -38.204 0.488 0 255 153
-30.968 -37.900 0.470 0 255 174
-30.914 -37.866 0.500 0 255 157
-31.130 -38.247 0.404 0 255 157
-30.887 -37.862 0.419 0 255 182
-30.817 -37.839 0.385 0 255 153
-30.796 -37.807 0.387 0 255 174
-30.778 -37.800 0.408 0 255 161
-31.346 -38.571 0.492 0 255 157
-31.382 -38.580 0.592 0 255 195
-30.813 -37.819 0.464 0 255 233
-30.817 -37.779 0.500 0 255 140
-30.905 -37.735 0.461 0 255 165
-30.824 -37.722 0.382 0 255 131
-30.868 -37.726 0.475 0 255 178
-30.816 -37.719 0.467 0 255 148
-30.777 -37.739 0.475 0 255 182
-30.767 -37.650 0.489 0 255 174
-30.916 -37.868 0.535 0 255 208
-30.841 -37.894 0.522 0 255 161
-30.882 -37.874 0.554 0 255 165
-30.829 -37.810 0.561 0 255 114
-30.881 -37.811 0.588 0 255 229
-31.356 -38.397 0.419 0 255 174
-30.744 -37.940 0.211 0 255 110
-31.367 -38.347 0.417 0 255 148
-30.623 -37.819 0.218 0 255 199
-30.674 -37.890 0.336 0 255 212
-30.701 -37.715 0.224 0 255 140
-30.512 -37.638 0.254 0 255 170
-30.671 -37.779 0.350 0 8 255
-30.598 -37.646 0.325 0 25 255
-30.607 -37.636 0.355 0 51 255
-30.561 -37.647 0.355 0 34 255
-30.683 -37.635 0.444 0 255 153
-30.749 -37.670 0.438 0 255 110
-30.678 -37.560 0.292 0 255 161
-30.485 -37.610 0.185 0 255 165
-30.641 -37.629 0.291 0 102 255
-30.477 -37.618 0.240 0 255 187
-30.480 -37.582 0.218 0 255 136
-30.556 -37.530 0.352 0 0 255
-30.629 -37.593 0.312 0 255 123
-30.459 -37.714 0.212 0 255 170
-30.499 -37.549 0.251 0 255 153
-30.724 -37.548 0.370 0 255 140
-30.738 -37.528 0.354 0 255 170
-30.561 -37.368 0.244 0 255 161
-30.733 -37.475 0.358 0 255 140
-31.393 -38.398 0.514 0 255 165
-31.407 -38.437 0.520 0 255 144
-30.587 -37.614 0.334 0 51 255
-30.317 -37.648 0.189 0 102 255
-30.433 -37.641 0.243 0 255 131
-30.521 -37.593 0.333 0 255 187
-30.495 -37.594 0.344 0 93 255
-30.410 -37.268 0.321 0 255 195
-30.280 -37.245 0.271 0 255 238
-30.333 -37.120 0.219 0 255 221
-30.201 -37.242 0.267 0 255 242
-30.331 -37.213 0.320 0 34 255
-30.332 -37.333 0.269 0 161 255
-30.571 -37.391 0.364 0 255 144
-30.304 -37.329 0.369 0 8 255
-30.265 -37.177 0.316 0 255 182
-30.689 -37.632 0.446 0 255 242
-30.642 -37.515 0.466 0 255 161
-30.644 -37.519 0.491 0 255 144
-30.256 -37.300 0.272 0 255 195
-30.590 -37.637 0.282 0 68 255
-30.605 -37.635 0.301 0 59 255
-30.342 -37.324 0.351 0 85 255
-30.266 -37.221 0.359 0 8 255
-30.317 -37.082 0.317 0 255 165
-30.323 -37.145 0.371 0 255 153
-30.276 -37.124 0.374 0 255 165
-30.667 -37.630 0.496 0 255 191
-30.437 -37.540 0.213 0 255 114
-30.444 -37.525 0.231 0 255 191
-30.450 -37.508 0.235 0 255 114
-30.358 -37.313 0.251 0 255 153
-30.739 -37.564 0.529 0 255 144
-30.245 -37.107 0.376 0 229 255
-30.355 -37.535 0.203 0 255 127
-30.355 -37.499 0.205 0 255 161
-30.720 -37.523 0.449 0 255 170
-30.712 -37.527 0.460 0 255 153
-30.359 -37.136 0.252 0 255 182
-30.734 -37.535 0.436 0 255 153
-30.354 -37.204 0.333 0 255 153
-30.432 -37.122 0.382 0 255 161
-30.335 -37.572 0.184 0 255 165
-30.548 -37.099 0.395 0 127 255
-30.272 -37.208 0.295 0 255 199
-30.281 -37.084 0.451 0 255 208
-30.383 -37.181 0.426 0 17 255
-30.637 -37.467 0.381 0 255 174
-30.263 -37.185 0.312 0 255 195
-30.679 -37.457 0.386 0 255 119
-30.065 -37.243 0.246 0 17 255
-30.128 -37.233 0.254 0 255 136
-30.059 -37.194 0.207 0 255 140
-30.159 -37.130 0.398 0 59 255
-30.648 -37.416 0.413 0 255 110
-30.195 -37.139 0.213 0 255 174
-30.185 -37.163 0.188 0 255 191
-30.131 -37.170 0.241 0 255 182
-30.382 -37.474 0.228 0 255 165
-30.067 -37.183 0.307 0 102 255
-31.057 -38.723 0.205 0 255 144
-30.443 -37.400 0.222 0 255 161
-30.445 -37.382 0.236 0 255 144
-30.442 -37.380 0.233 0 255 153
-30.300 -37.361 0.210 0 255 229
-30.458 -37.602 0.267 0 255 157
-30.458 -37.563 0.263 0 255 178
-30.424 -37.535 0.256 0 255 153
-30.461 -37.526 0.316 0 255 161
-30.431 -37.441 0.269 0 255 157
-30.469 -37.432 0.279 0 255 153
-30.374 -37.444 0.265 0 255 161
-30.414 -37.475 0.379 0 255 195
-30.403 -37.373 0.368 0 8 255
-30.604 -37.326 0.211 0 255 157
-30.512 -37.340 0.195 17 255 0
-30.512 -37.304 0.214 0 255 34
-30.677 -37.343 0.350 0 255 140
-30.631 -37.295 0.359 0 255 144
-30.722 -37.263 0.328 0 255 131
-30.591 -37.339 0.294 0 255 63
-30.478 -37.328 0.247 0 255 174
-30.483 -37.343 0.308 0 255 182
-30.684 -37.163 0.237 0 255 165
-30.443 -37.330 0.195 0 255 182
-30.342 -37.278 0.193 0 255 178
-30.302 -37.350 0.223 0 255 204
-30.392 -37.132 0.216 0 255 131
-30.462 -37.031 0.185 0 255 178
-30.419 -37.028 0.203 0 255 38
-30.452 -37.027 0.217 8 255 0
-30.448 -36.948 0.205 0 255 89
-30.221 -37.014 0.178 0 221 255
-30.401 -36.991 0.190 0 204 255
-30.273 -36.993 0.289 0 255 165
-30.371 -36.947 0.195 0 255 204
-30.424 -36.898 0.183 0 255 140
-30.222 -36.947 0.274 0 170 255
-30.325 -36.985 0.227 0 255 4
-30.355 -36.895 0.225 0 255 182
-30.218 -36.930 0.218 0 255 144
-30.275 -37.073 0.338 0 255 170
-30.239 -36.874 0.198 0 255 178
-30.452 -37.046 0.298 0 255 161
-30.400 -37.075 0.251 29 255 0
-30.308 -36.823 0.298 0 0 255
-30.343 -37.036 0.252 0 255 216
-30.286 -36.779 0.340 0 255 204
-30.349 -37.000 0.298 0 255 242
-30.413 -37.016 0.316 0 255 191
-30.328 -37.054 0.401 0 255 204
-30.303 -37.009 0.416 0 255 195
-30.326 -37.071 0.483 0 255 165
-30.244 -36.828 0.317 0 255 170
-30.213 -36.820 0.350 0 246 255
-30.253 -37.035 0.497 0 127 255
-30.174 -37.046 0.209 0 127 255
-30.032 -36.829 0.336 0 51 255
-30.149 -37.043 0.267 0 51 255
-29.944 -36.704 0.276 0 0 255
-30.081 -37.041 0.232 0 17 255
-29.994 -36.758 0.378 0 17 255
-30.196 -37.001 0.178 0 255 127
-30.013 -36.874 0.389 0 25 255
-30.081 -37.029 0.288 0 42 255
-29.989 -36.892 0.388 0 42 255
-29.676 -36.431 0.252 0 0 255
-30.153 -37.005 0.290 0 255 148
-29.687 -36.409 0.347 0 0 255
-29.665 -36.410 0.339 0 0 255
-29.653 -36.404 0.351 0 0 255
-29.755 -36.498 0.382 0 0 255
-29.918 -36.783 0.381 0 0 255
-29.911 -36.784 0.378 0 34 255
-29.888 -36.718 0.400 0 0 255
-29.863 -36.714 0.318 0 51 255
-29.697 -36.522 0.372 0 25 255
-29.656 -36.390 0.184 0 51 255
-30.133 -37.072 0.336 0 42 255
-29.714 -36.510 0.390 0 0 255
-30.164 -37.026 0.369 0 17 255
-29.807 -36.674 0.378 0 8 255
-29.779 -36.658 0.403 0 0 255
-30.091 -37.052 0.356 0 8 255
-29.671 -36.402 0.415 0 8 255
-29.854 -36.704 0.183 0 85 255
-29.863 -36.701 0.228 0 34 255
-29.885 -36.683 0.243 0 34 255
-29.808 -36.657 0.356 0 8 255
-30.115 -37.004 0.347 0 25 255
-29.769 -36.631 0.377 0 8 255
-29.722 -36.541 0.351 0 0 255
-29.764 -36.588 0.358 0 8 255
-30.049 -37.000 0.366 0 34 255
-30.127 -37.049 0.429 0 42 255
-30.098 -37.017 0.427 0 119 255
-30.099 -37.043 0.446 0 34 255
-30.141 -36.885 0.319 0 255 212
-29.502 -36.244 0.328 0 0 255
-29.619 -36.385 0.294 0 25 255
-29.480 -36.216 0.352 0 34 255
-29.633 -36.366 0.354 0 34 255
-29.565 -36.383 0.368 0 0 255
-29.551 -36.318 0.365 0 8 255
-29.591 -36.414 0.401 0 0 255
-29.465 -36.139 0.400 0 0 255
-30.618 -36.965 0.233 0 255 174
-30.548 -36.989 0.196 0 255 140
-30.601 -36.995 0.205 0 255 161
-29.643 -36.431 0.201 0 25 255
-29.639 -36.357 0.176 0 0 255
-31.022 -25.697 0.220 0 0 255
-31.662 -24.258 0.336 0 25 255
-30.378 -26.809 0.293 0 0 255
-30.595 -26.570 0.381 0 0 255
-30.285 -27.208 0.219 0 8 255
-30.121 -27.560 0.210 0 17 255
-31.678 -24.205 0.341 0 17 255
-31.999 -23.582 0.277 0 0 255
-30.123 -27.450 0.405 0 17 255
-31.184 -25.315 0.458 0 8 255
-29.955 -27.893 0.367 0 8 255
-31.418 -24.729 0.321 0 0 255
-29.915 -27.914 0.287 0 8 255
-32.559 -22.472 0.388 0 0 255
-30.614 -26.320 0.380 0 0 255
-30.952 -25.728 0.388 0 0 255
-32.682 -22.366 0.383 0 0 255
-30.962 -25.735 0.431 0 0 255
-30.128 -27.456 0.412 0 17 255
-30.217 -27.300 0.367 0 0 255
-29.949 -28.026 0.334 0 0 255
-30.006 -27.890 0.222 0 0 255
-29.915 -27.924 0.264 0 8 255
-33.128 -21.804 0.243 0 0 255
-30.579 -26.442 0.184 0 0 255
-29.819 -28.186 0.366 0 8 255
-29.793 -28.076 0.363 0 0 255
-31.614 -24.295 0.470 0 42 255
-32.417 -22.688 0.365 0 8 255
-31.806 -23.907 0.422 0 0 255
-30.593 -26.587 0.335 0 0 255
-31.329 -25.049 0.234 0 0 255
-30.076 -27.565 0.390 0 0 255
-33.082 -21.869 0.234 0 17 255
-33.281 -21.578 0.337 0 8 255
-29.915 -27.909 0.471 0 0 255
-31.292 -25.034 0.232 0 34 255
-31.232 -25.071 0.421 0 0 255
-30.705 -26.169 0.395 0 0 255
-32.134 -23.341 0.445 0 0 255
-30.554 -26.583 0.421 0 0 255
-31.082 -25.460 0.447 0 0 255
-33.183 -21.732 0.398 0 8 255
-31.507 -24.593 0.347 0 0 255
-31.807 -23.933 0.363 0 8 255
-30.447 -26.707 0.393 0 0 255
-29.922 -27.934 0.433 0 25 255
-30.701 -26.114 0.433 0 25 255
-29.901 -27.935 0.271 0 42 255
-30.893 -25.833 0.391 0 0 255
-30.919 -25.712 0.339 0 25 255
-29.927 -27.896 0.339 0 0 255
-30.510 -26.689 0.412 0 0 255
-32.015 -23.487 0.381 0 8 255
-31.956 -23.719 0.435 0 0 255
-30.073 -27.741 0.402 0 0 255
-31.473 -24.652 0.461 0 17 255
-29.953 -27.946 0.286 0 0 255
-31.734 -23.989 0.389 0 0 255
-30.068 -27.642 0.358 0 8 255
-30.322 -27.010 0.412 0 8 255
-31.095 -25.321 0.250 0 76 255
-33.010 -21.950 0.354 0 25 255
-30.003 -27.945 0.278 0 0 255
-30.748 -26.087 0.368 0 0 255
-29.942 -28.009 0.363 0 8 255
-32.806 -22.178 0.308 0 8 255
-30.138 -27.433 0.410 0 25 255
-30.440 -26.798 0.412 0 0 255
-30.666 -26.309 0.392 0 17 255
-30.355 -27.289 0.205 0 17 255
-29.986 -27.761 0.364 0 8 255
-32.422 -22.830 0.422 0 0 255
-31.270 -25.045 0.199 0 8 255
-31.823 -23.942 0.298 0 0 255
-31.252 -24.991 0.368 0 0 255
-30.952 -25.706 0.193 0 0 255
-29.951 -27.913 0.472 0 0 255
-30.787 -26.072 0.319 0 0 255
-30.767 -26.094 0.398 0 8 255
-31.927 -23.677 0.368 0 17 255
-29.993 -27.790 0.437 0 0 255
-31.279 -25.038 0.343 0 17 255
-31.464 -24.679 0.258 0 25 255
-30.179 -27.421 0.347 0 8 255
-32.939 -22.080 0.425 0 0 255
-30.448 -26.836 0.424 0 0 255
-32.597 -22.459 0.306 0 25 255
-29.950 -27.842 0.395 0 8 255
-30.597 -26.357 0.410 0 0 255
-30.137 -27.550 0.315 0 0 255
-33.358 -21.586 0.261 0 42 255
-32.346 -22.849 0.372 0 25 255
-29.804 -28.169 0.420 0 8 255
-32.559 -22.441 0.454 0 42 255
-31.530 -24.505 0.371 0 8 255
-30.891 -25.789 0.340 0 0 255
-30.187 -27.230 0.422 0 0 255
-31.237 -25.108 0.410 0 0 255
-29.933 -27.902 0.402 0 8 255
-29.913 -27.967 0.342 0 25 255
-31.634 -24.309 0.293 0 17 255
-29.413 -36.145 0.218 0 25 255
-29.401 -36.143 0.219 0 8 255
-29.379 -36.093 0.303 0 0 255
-29.439 -36.176 0.346 0 0 255
-29.449 -36.146 0.330 0 0 255
-29.339 -36.037 0.400 0 0 255
-29.396 -36.163 0.382 0 8 255
-29.314 -36.026 0.359 0 17 255
-29.334 -35.998 0.367 0 0 255
-30.629 -26.354 0.409 0 8 255
-31.158 -25.400 0.325 0 68 255
-33.171 -21.790 0.369 0 0 255
-29.175 -35.809 0.208 0 17 255
-29.192 -35.781 0.186 0 85 255
-29.182 -35.782 0.215 0 34 255
-29.115 -35.746 0.199 0 59 255
-29.148 -35.762 0.242 0 76 255
-29.200 -35.839 0.308 0 0 255
-29.315 -35.938 0.334 0 0 255
-29.323 -35.912 0.331 0 8 255
-29.281 -35.930 0.331 0 17 255
-29.250 -35.923 0.364 0 8 255
-29.187 -35.875 0.338 0 0 255
-29.157 -35.830 0.338 0 0 255
-29.200 -35.813 0.250 0 8 255
-29.148 -35.796 0.357 0 17 255
-29.204 -35.867 0.380 0 42 255
-29.181 -35.759 0.335 0 0 255
-29.248 -35.833 0.203 0 25 255
-29.160 -35.768 0.279 0 17 255
-29.127 -35.764 0.343 0 8 255
-29.287 -35.967 0.383 0 0 255
-29.103 -35.738 0.373 0 8 255
-29.178 -35.828 0.409 0 0 255
-28.906 -35.486 0.185 0 76 255
-29.208 -35.933 0.397 0 0 255
-29.153 -35.782 0.390 0 8 255
-28.859 -35.442 0.186 0 25 255
-28.976 -35.485 0.313 0 0 255
-29.091 -35.725 0.356 0 8 255
-28.992 -35.456 0.316 0 93 255
-29.053 -35.705 0.402 0 0 255
-28.904 -35.500 0.290 0 76 255
-28.955 -35.551 0.355 0 8 255
-29.062 -35.672 0.347 0 8 255
-29.042 -35.585 0.398 0 0 255
-29.043 -35.657 0.380 0 0 255
-28.961 -35.517 0.445 0 0 255
-28.920 -35.514 0.388 0 34 255
-28.879 -35.476 0.246 0 17 255
-29.044 -35.613 0.346 0 25 255
-28.987 -35.583 0.338 0 0 255
-28.991 -35.596 0.372 0 8 255
-28.857 -35.430 0.416 0 8 255
-28.917 -35.494 0.322 0 34 255
-28.881 -35.474 0.430 0 42 255
-28.886 -35.466 0.388 0 0 255
-28.945 -35.541 0.372 0 0 255
-28.854 -35.447 0.419 0 17 255
-28.873 -35.437 0.418 0 8 255
-28.874 -35.432 0.433 0 25 255
-32.543 -22.517 0.230 0 8 255
-28.916 -35.431 0.447 0 0 255
-28.856 -35.415 0.315 0 59 255
-28.805 -35.191 0.360 0 0 255
-28.871 -35.361 0.323 0 0 255
-28.841 -35.374 0.346 0 0 255
-28.771 -35.191 0.372 0 102 255
-28.850 -35.403 0.367 0 85 255
-28.855 -35.080 0.192 0 93 255
-28.839 -35.393 0.368 0 8 255
-28.755 -35.152 0.361 0 76 255
-28.861 -35.430 0.360 0 25 255
-31.125 -25.345 0.375 0 0 255
-28.907 -35.375 0.222 0 68 255
-28.888 -35.322 0.360 0 0 255
-28.758 -35.042 0.376 0 0 255
-28.819 -35.243 0.406 0 0 255
-28.736 -35.057 0.314 0 25 255
-28.721 -35.056 0.340 0 25 255
-28.696 -35.063 0.347 0 0 255
-28.865 -35.417 0.395 0 25 255
-28.851 -35.422 0.391 0 25 255
-28.735 -35.081 0.384 0 0 255
-28.759 -35.073 0.230 0 42 255
-28.715 -35.043 0.362 0 25 255
-28.845 -35.401 0.425 0 0 255
-28.715 -35.056 0.205 0 68 255
-28.736 -34.999 0.229 0 17 255
-28.784 -35.101 0.291 0 17 255
-28.839 -35.317 0.391 0 0 255
-28.667 -34.887 0.325 0 0 255
-28.790 -35.048 0.265 0 0 255
-28.676 -34.913 0.378 0 25 255
-28.804 -35.290 0.369 0 8 255
-28.794 -35.036 0.278 0 8 255
-28.718 -35.054 0.274 0 17 255
-28.767 -34.938 0.308 0 0 255
-28.759 -34.897 0.300 0 0 255
-28.802 -35.219 0.377 0 17 255
-28.750 -35.136 0.354 0 25 255
-28.774 -35.127 0.359 0 0 255
-28.764 -35.128 0.376 0 8 255
-28.745 -35.098 0.355 0 0 255
-30.495 -26.906 0.254 0 8 255
-30.812 -26.053 0.456 0 0 255
-31.830 -23.861 0.353 0 0 255
-31.155 -25.340 0.378 0 0 255
-29.947 -27.959 0.424 0 17 255
-32.435 -22.708 0.380 0 0 255
-33.058 -21.942 0.282 0 8 255
-30.595 -26.322 0.417 0 0 255
-30.588 -26.568 0.306 0 0 255
-28.551 -34.400 0.193 0 17 255
-28.649 -34.342 0.239 0 17 255
-28.564 -34.473 0.332 0 0 255
-28.654 -34.536 0.350 0 0 255
-28.566 -34.524 0.380 0 0 255
-28.555 -34.318 0.216 0 110 255
-28.602 -34.545 0.320 0 0 255
-28.620 -34.628 0.386 0 0 255
-28.562 -34.332 0.302 0 51 255
-28.585 -34.614 0.392 0 0 255
-28.550 -34.555 0.379 0 17 255
-30.596 -26.483 0.395 0 0 255
-28.579 -34.509 0.405 0 0 255
-28.549 -34.281 0.373 0 0 255
-28.710 -34.837 0.319 0 0 255
-28.718 -34.738 0.334 0 0 255
-28.652 -34.868 0.365 0 42 255
-28.650 -34.861 0.377 0 0 255
-28.635 -34.824 0.375 0 25 255
-28.637 -34.817 0.374 0 8 255
-28.671 -34.736 0.326 0 0 255
-28.632 -34.745 0.332 0 0 255
-29.953 -27.919 0.413 0 42 255
-28.672 -34.725 0.261 0 17 255
-28.626 -34.678 0.246 0 68 255
-28.642 -34.661 0.252 0 110 255
-28.614 -34.729 0.317 0 17 255
-28.603 -34.729 0.357 0 25 255
-28.597 -34.713 0.371 0 17 255
-28.618 -34.632 0.319 0 0 255
-28.577 -34.659 0.368 0 17 255
-28.558 -34.608 0.365 0 51 255
-28.516 -34.408 0.182 0 17 255
-28.527 -34.428 0.394 0 0 255
-28.482 -34.378 0.185 0 68 255
-28.494 -34.361 0.232 0 76 255
-28.371 -34.166 0.363 0 0 255
-28.405 -34.175 0.371 0 17 255
-28.398 -34.146 0.380 0 8 255
-28.503 -34.355 0.174 0 51 255
-28.372 -34.102 0.327 0 0 255
-28.485 -34.204 0.300 0 0 255
-28.369 -34.069 0.374 0 17 255
-28.492 -34.367 0.314 0 8 255
-28.396 -33.954 0.206 0 0 255
-28.445 -34.289 0.370 0 25 255
-28.369 -33.940 0.238 0 85 255
-28.465 -34.344 0.296 0 34 255
-28.436 -34.254 0.357 0 34 255
-29.788 -28.190 0.402 0 0 255
-28.361 -33.890 0.288 0 25 255
-28.398 -33.867 0.347 0 0 255
-28.290 -33.872 0.340 0 68 255
-28.313 -33.895 0.369 0 25 255
-28.380 -33.968 0.389 0 0 255
-28.492 -34.421 0.371 0 25 255
-28.512 -34.408 0.381 0 0 255
-28.486 -34.398 0.370 0 17 255
-28.275 -33.767 0.378 0 8 255
-28.253 -33.771 0.334 0 0 255
-28.489 -34.370 0.386 0 8 255
-31.302 -25.024 0.256 0 0 255
-30.050 -27.540 0.388 0 0 255
-30.612 -26.443 0.294 0 0 255
-28.290 -33.714 0.369 0 0 255
-28.234 -33.598 0.208 0 17 255
-28.260 -33.593 0.174 0 8 255
-28.267 -33.693 0.379 0 0 255
-28.182 -33.571 0.254 0 51 255
-28.221 -33.642 0.265 0 42 255
-28.243 -33.635 0.291 0 42 255
-28.185 -33.546 0.212 0 0 255
-28.183 -33.522 0.297 0 0 255
-28.216 -33.611 0.329 0 42 255
-28.272 -33.378 0.339 0 0 255
-28.293 -33.371 0.378 0 0 255
-28.224 -33.642 0.370 0 25 255
-28.145 -33.374 0.351 0 0 255
-28.164 -33.480 0.364 0 17 255
-28.212 -33.294 0.380 0 8 255
-28.225 -33.402 0.341 0 0 255
-28.253 -33.234 0.330 0 0 255
-28.287 -33.548 0.424 0 0 255
-28.235 -33.516 0.372 0 8 255
-28.214 -33.579 0.309 0 25 255
-28.252 -33.606 0.415 0 0 255
-28.204 -33.503 0.377 0 0 255
-28.307 -33.185 0.216 0 17 255
-28.279 -33.165 0.241 0 34 255
-28.180 -33.522 0.324 0 187 255
-28.208 -33.608 0.422 0 17 255
-28.199 -33.573 0.403 0 17 255
-28.284 -33.139 0.274 0 68 255
-28.277 -32.990 0.382 0 0 255
-28.290 -33.152 0.327 0 0 255
-28.229 -33.167 0.184 0 102 255
-28.215 -33.195 0.338 0 34 255
-28.255 -32.976 0.321 0 0 255
-28.193 -33.131 0.203 0 17 255
-28.232 -33.108 0.255 0 17 255
-28.202 -33.165 0.371 0 8 255
-28.231 -33.018 0.370 0 0 255
-28.223 -32.949 0.387 0 8 255
-28.219 -33.199 0.282 0 59 255
-28.227 -33.158 0.285 0 8 255
-28.204 -33.168 0.300 0 25 255
-28.192 -33.065 0.343 0 0 255
-28.209 -33.141 0.358 0 0 255
-28.282 -32.769 0.215 0 59 255
-28.263 -32.761 0.253 0 25 255
-28.289 -32.743 0.263 0 51 255
-28.212 -33.553 0.413 0 0 255
-28.288 -32.684 0.329 0 8 255
-28.309 -32.671 0.321 0 0 255
-28.220 -32.800 0.269 0 25 255
-28.281 -32.745 0.343 0 0 255
-28.241 -32.771 0.208 0 59 255
-28.261 -32.824 0.198 0 8 255
-28.211 -32.775 0.234 0 17 255
-28.257 -32.904 0.372 0 0 255
-28.194 -32.910 0.366 0 25 255
-28.300 -32.882 0.342 0 0 255
-28.291 -32.927 0.373 0 0 255
-28.166 -33.525 0.425 0 0 255
-28.208 -32.891 0.375 0 8 255
-28.164 -32.705 0.401 0 0 255
-28.309 -32.802 0.325 0 0 255
-28.229 -33.486 0.450 0 8 255
-28.212 -32.751 0.316 0 8 255
-28.236 -32.759 0.347 0 0 255
-28.227 -32.714 0.329 0 8 255
-28.215 -32.676 0.347 0 0 255
-28.214 -32.710 0.373 0 8 255
-28.223 -32.690 0.361 0 0 255
-28.181 -32.684 0.394 0 0 255
-28.211 -33.183 0.419 0 8 255
-32.501 -22.570 0.432 0 17 255
-29.931 -27.908 0.449 0 0 255
-28.355 -33.731 0.185 0 255 187
-32.447 -22.655 0.378 0 8 255
-31.985 -23.651 0.291 0 0 255
-31.602 -24.304 0.435 0 0 255
-29.954 -27.952 0.460 0 0 255
-30.678 -26.309 0.403 0 0 255
-31.263 -25.021 0.390 0 25 255
-31.948 -23.763 0.364 0 8 255
-31.108 -25.441 0.423 0 0 255
-30.952 -25.779 0.309 0 0 255
-30.896 -25.839 0.429 0 8 255
-33.236 -21.669 0.451 0 0 255
-28.370 -32.403 0.227 0 17 255
-28.337 -32.563 0.304 0 0 255
-28.300 -32.580 0.347 0 0 255
-28.284 -32.540 0.386 0 0 255
-28.336 -32.418 0.312 0 8 255
-28.402 -32.489 0.268 0 17 255
-28.323 -32.504 0.338 0 8 255
-28.246 -32.405 0.237 0 42 255
-28.228 -32.644 0.384 0 8 255
-28.212 -32.393 0.379 0 0 255
-28.456 -32.337 0.246 0 42 255
-28.281 -32.336 0.182 0 42 255
-28.282 -32.371 0.228 0 42 255
-28.211 -32.510 0.338 0 0 255
-28.221 -32.516 0.357 0 8 255
-28.521 -32.118 0.182 0 255 242
-28.214 -32.492 0.379 0 34 255
-28.288 -32.365 0.266 0 17 255
-28.323 -32.303 0.328 0 8 255
-28.446 -32.255 0.259 0 34 255
-28.277 -32.273 0.344 0 0 255
-28.252 -32.229 0.367 0 0 255
-28.355 -32.162 0.280 0 8 255
-28.340 -32.135 0.325 0 255 187
-28.337 -32.123 0.325 0 255 182
-28.210 -32.178 0.380 0 51 255
-28.263 -32.226 0.355 0 17 255
-28.245 -32.338 0.398 0 0 255
-28.256 -32.118 0.354 0 8 255
-28.238 -32.294 0.398 0 0 255
-28.247 -32.196 0.404 0 0 255
-28.230 -32.300 0.361 0 17 255
-28.243 -32.378 0.245 0 8 255
-28.204 -32.287 0.390 0 0 255
-28.246 -32.381 0.260 0 8 255
-28.205 -32.359 0.304 0 8 255
-28.418 -31.982 0.277 0 51 255
-28.250 -32.010 0.210 0 0 255
-28.309 -31.961 0.196 0 59 255
-28.328 -32.068 0.342 0 8 255
-28.470 -31.950 0.256 0 17 255
-28.254 -31.875 0.306 0 8 255
-28.247 -32.101 0.345 0 8 255
-28.214 -32.039 0.340 0 17 255
-28.258 -31.932 0.336 0 8 255
-28.210 -31.918 0.347 0 8 255
-28.244 -31.944 0.380 0 0 255
-28.336 -31.892 0.315 0 17 255
-28.212 -31.933 0.390 0 17 255
-28.233 -31.945 0.278 0 17 255
-28.286 -31.816 0.391 0 0 255
-28.326 -31.902 0.329 0 59 255
-28.206 -31.919 0.390 0 0 255
-28.309 -31.709 0.339 0 8 255
-28.278 -31.705 0.368 0 8 255
-28.213 -31.913 0.381 0 8 255
-28.331 -31.733 0.333 0 8 255
-28.285 -31.895 0.384 0 0 255
-28.290 -31.590 0.311 0 17 255
-28.265 -31.620 0.363 0 25 255
-28.273 -31.677 0.369 0 8 255
-28.247 -31.867 0.360 0 0 255
-28.229 -31.849 0.340 0 0 255
-28.227 -31.854 0.378 0 25 255
-28.244 -31.567 0.274 0 34 255
-28.245 -31.617 0.324 0 0 255
-28.234 -31.735 0.365 0 17 255
-28.241 -31.568 0.195 0 25 255
-28.206 -31.575 0.190 0 42 255
-28.228 -31.571 0.321 0 8 255
-28.214 -31.597 0.424 0 17 255
-28.198 -31.592 0.464 0 0 255
-28.221 -31.679 0.385 0 17 255
-28.299 -31.608 0.230 0 8 255
-28.177 -31.588 0.455 0 0 255
-28.247 -31.576 0.347 0 8 255
-28.240 -31.568 0.360 0 8 255
-28.207 -31.580 0.347 0 8 255
-28.224 -31.589 0.371 0 0 255
-28.191 -31.587 0.388 0 0 255
-28.347 -32.631 0.198 0 17 255
-28.191 -31.842 0.396 0 0 255
-28.285 -31.704 0.402 0 0 255
-28.828 -30.734 0.203 0 255 153
-28.804 -30.743 0.268 0 25 255
-28.570 -30.856 0.258 0 102 255
-28.587 -30.818 0.389 0 0 255
-28.552 -30.827 0.222 0 42 255
-28.652 -30.761 0.353 0 8 255
-28.597 -30.760 0.368 0 8 255
-28.583 -30.790 0.394 0 0 255
-28.596 -30.765 0.388 0 0 255
-28.581 -30.915 0.286 0 8 255
-28.887 -30.483 0.182 0 25 255
-28.965 -30.714 0.176 0 255 229
-28.983 -30.661 0.181 0 255 229
-28.799 -30.548 0.353 0 8 255
-28.738 -30.522 0.211 0 17 255
-28.701 -30.548 0.345 0 0 255
-28.558 -30.984 0.405 0 0 255
-28.756 -30.512 0.188 0 25 255
-28.577 -30.912 0.395 0 0 255
-28.664 -30.713 0.382 0 0 255
-28.630 -30.718 0.385 0 8 255
-28.633 -30.689 0.393 0 8 255
-28.700 -30.660 0.405 0 8 255
-28.683 -30.515 0.394 0 17 255
-28.707 -30.481 0.382 0 0 255
-28.707 -30.448 0.390 0 8 255
-28.637 -30.713 0.409 0 0 255
-29.770 -28.220 0.398 0 25 255
-28.694 -30.533 0.405 0 0 255
-30.140 -27.547 0.331 0 8 255
-28.739 -30.452 0.291 0 17 255
-29.970 -27.849 0.293 0 0 255
-28.276 -31.504 0.189 0 8 255
-28.272 -31.505 0.221 0 42 255
-28.323 -31.504 0.245 0 0 255
-28.431 -31.334 0.194 0 8 255
-28.338 -31.533 0.308 0 93 255
-28.315 -31.547 0.372 0 0 255
-28.336 -31.381 0.368 0 0 255
-28.315 -31.390 0.358 0 8 255
-28.306 -31.343 0.295 0 0 255
-28.296 -31.434 0.343 0 0 255
-28.324 -31.384 0.381 0 0 255
-31.113 -25.267 0.435 0 0 255
-28.401 -31.354 0.377 0 0 255
-28.345 -31.332 0.393 0 8 255
-28.443 -31.176 0.185 0 144 255
-28.241 -31.531 0.326 0 34 255
-28.401 -31.168 0.176 0 8 255
-28.420 -31.218 0.240 0 51 255
-28.511 -31.173 0.196 0 76 255
-28.411 -31.153 0.338 0 0 255
-28.381 -31.169 0.384 0 8 255
-28.462 -31.000 0.332 0 0 255
-28.453 -31.014 0.395 0 0 255
-28.460 -31.214 0.280 0 0 255
-28.300 -31.521 0.396 0 8 255
-28.276 -31.485 0.432 0 8 255
-28.450 -31.181 0.305 0 17 255
-28.422 -31.207 0.327 0 8 255
-28.467 -31.168 0.398 0 0 255
-28.421 -31.210 0.389 0 0 255
-28.379 -31.196 0.406 0 0 255
-28.259 -31.534 0.416 0 25 255
-28.234 -31.502 0.406 0 25 255
-28.219 -31.538 0.465 0 8 255
-28.496 -30.963 0.366 0 8 255
-28.488 -30.945 0.398 0 0 255
-29.921 -27.916 0.241 0 8 255
-30.400 -26.961 0.407 0 0 255
-31.273 -25.013 0.378 0 59 255
-31.635 -24.338 0.183 0 34 255
-32.461 -22.652 0.445 0 8 255
-31.286 -25.077 0.394 0 25 255
-30.147 -27.559 0.263 0 0 255
-29.898 -27.956 0.228 0 85 255
-29.803 -28.769 0.194 0 25 255
-29.799 -28.307 0.296 0 8 255
-29.790 -28.348 0.240 0 25 255
-29.769 -28.305 0.286 0 8 255
-29.663 -28.457 0.392 0 34 255
-29.786 -28.357 0.346 0 8 255
-29.808 -28.324 0.398 0 0 255
-29.750 -28.272 0.405 0 25 255
-29.658 -28.558 0.364 0 0 255
-29.681 -28.426 0.382 0 8 255
-29.758 -28.236 0.401 0 34 255
-31.724 -24.082 0.381 0 0 255
-29.759 -28.340 0.342 0 17 255
-29.681 -28.386 0.371 0 0 255
-29.924 -28.240 0.179 0 8 255
-29.699 -28.323 0.358 0 0 255
-29.703 -28.361 0.393 0 68 255
-29.774 -28.288 0.342 0 17 255
-29.782 -28.245 0.392 0 0 255
-29.663 -28.463 0.401 0 17 255
-29.687 -28.407 0.402 0 85 255
-29.784 -28.259 0.401 0 0 255
-31.870 -23.859 0.352 0 17 255
-29.120 -30.168 0.223 0 255 208
-29.150 -30.097 0.238 0 25 255
-29.127 -30.047 0.273 0 25 255
-29.127 -29.913 0.293 0 25 255
-28.994 -30.213 0.216 0 8 255
-28.878 -30.177 0.228 0 51 255
-28.960 -30.359 0.273 0 25 255
-28.858 -30.359 0.315 0 0 255
-28.882 -30.198 0.347 0 0 255
-28.730 -30.436 0.370 0 0 255
-28.958 -30.125 0.280 0 0 255
-29.011 -30.019 0.342 0 25 255
-28.962 -29.994 0.387 0 17 255
-28.860 -30.331 0.398 0 0 255
-28.835 -30.339 0.398 0 0 255
-28.897 -30.220 0.422 0 0 255
-29.022 -30.064 0.357 0 8 255
-28.867 -30.216 0.395 0 8 255
-28.981 -29.897 0.360 0 0 255
-29.005 -29.928 0.365 0 17 255
-29.001 -29.955 0.386 0 0 255
-28.802 -30.231 0.349 0 0 255
-28.949 -30.126 0.430 0 0 255
-28.877 -30.120 0.399 0 17 255
-28.756 -30.412 0.398 0 8 255
-29.033 -30.105 0.194 0 25 255
-28.788 -30.394 0.416 0 0 255
-28.925 -30.097 0.276 0 0 255
-28.893 -30.152 0.359 0 8 255
-28.946 -29.994 0.398 0 25 255
-28.932 -30.136 0.378 0 17 255
-28.878 -30.141 0.388 0 0 255
-29.114 -29.742 0.222 0 25 255
-28.856 -30.147 0.384 0 8 255
-29.178 -29.729 0.330 0 17 255
-28.934 -30.074 0.336 0 0 255
-28.940 -30.076 0.344 0 0 255
-29.134 -29.703 0.349 0 17 255
-29.313 -29.353 0.251 0 8 255
-29.270 -29.390 0.227 0 8 255
-29.276 -29.360 0.235 0 17 255
-29.116 -29.681 0.366 0 8 255
-28.968 -30.009 0.285 0 0 255
-29.312 -29.349 0.259 0 8 255
-29.267 -29.478 0.387 0 0 255
-29.126 -29.599 0.391 0 8 255
-29.284 -29.437 0.385 0 0 255
-29.243 -29.386 0.263 0 25 255
-29.125 -29.576 0.395 0 8 255
-29.201 -29.448 0.352 0 25 255
-29.315 -29.379 0.363 0 8 255
-29.324 -29.381 0.384 0 0 255
-29.076 -29.681 0.370 0 0 255
-29.078 -29.680 0.384 0 8 255
-29.172 -29.627 0.408 0 0 255
-29.223 -29.387 0.389 0 17 255
-29.157 -29.547 0.387 0 17 255
-33.272 -21.590 0.411 0 17 255
-29.024 -29.827 0.405 0 8 255
-29.235 -29.377 0.376 0 8 255
-29.236 -29.380 0.382 0 8 255
-29.012 -29.844 0.403 0 59 255
-29.096 -29.649 0.400 0 17 255
-29.134 -29.664 0.453 0 0 255
-29.063 -29.716 0.398 0 8 255
-29.078 -29.697 0.417 0 8 255
-29.069 -29.712 0.195 0 17 255
-29.069 -29.762 0.465 0 0 255
-29.079 -29.714 0.219 0 8 255
-29.053 -29.772 0.446 0 25 255
-29.041 -29.764 0.451 0 0 255
-29.068 -29.733 0.431 0 0 255
-29.204 -29.527 0.415 0 0 255
-29.067 -29.739 0.249 0 8 255
-33.358 -21.532 0.284 0 8 255
-29.081 -29.706 0.445 0 8 255
-29.072 -29.682 0.401 0 0 255
-29.028 -29.885 0.354 0 0 255
-29.195 -29.463 0.401 0 0 255
-29.195 -29.463 0.404 0 17 255
-29.176 -29.467 0.402 0 25 255
-31.034 -25.568 0.411 0 0 255
-29.187 -29.437 0.399 0 25 255
-29.201 -29.416 0.444 0 0 255
-29.217 -29.405 0.404 0 8 255
-29.048 -29.761 0.391 0 25 255
-29.072 -29.706 0.302 0 34 255
-29.060 -29.746 0.354 0 8 255
-29.063 -29.741 0.395 0 8 255
-29.096 -29.764 0.258 0 0 255
-29.101 -29.761 0.289 0 25 255
-29.612 -28.649 0.214 0 17 255
-29.628 -28.679 0.253 0 8 255
-29.596 -28.675 0.249 0 25 255
-29.568 -28.668 0.209 0 17 255
-29.558 -28.780 0.326 0 0 255
-29.576 -28.685 0.311 0 17 255
-29.613 -28.655 0.307 0 17 255
-29.558 -28.682 0.394 0 8 255
-29.556 -28.668 0.388 0 8 255
-29.604 -28.637 0.356 0 0 255
-29.519 -28.766 0.392 0 0 255
-29.558 -28.721 0.367 0 17 255
-29.486 -28.764 0.380 0 0 255
-29.558 -28.639 0.360 0 8 255
-29.575 -28.643 0.396 0 59 255
-29.611 -28.563 0.405 0 25 255
-29.637 -28.529 0.356 0 0 255
-29.627 -28.533 0.397 0 51 255
-29.502 -28.767 0.429 0 0 255
-29.636 -28.492 0.393 0 0 255
-29.599 -28.634 0.404 0 0 255
-29.608 -28.589 0.407 0 8 255
-30.451 -26.831 0.192 0 25 255
-31.093 -25.404 0.369 0 25 255
-32.350 -22.911 0.389 0 8 255
-30.056 -27.587 0.396 0 0 255
-29.958 -27.929 0.217 0 8 255
-29.417 -29.167 0.325 0 255 174
-29.376 -29.174 0.359 0 8 255
-29.394 -29.200 0.367 0 8 255
-29.457 -29.066 0.330 0 8 255
-29.418 -29.118 0.396 0 0 255
-29.402 -29.098 0.394 0 0 255
-29.341 -29.302 0.333 0 0 255
-29.352 -29.336 0.385 0 0 255
-29.285 -29.283 0.384 0 8 255
-29.306 -29.244 0.357 0 0 255
-29.365 -29.229 0.345 0 0 255
-29.366 -29.150 0.376 0 8 255
-29.428 -29.046 0.194 0 0 255
-29.491 -28.977 0.215 0 8 255
-29.461 -29.041 0.319 0 8 255
-29.419 -29.027 0.302 0 17 255
-29.382 -29.047 0.396 0 0 255
-29.498 -28.990 0.382 0 0 255
-29.438 -28.941 0.389 0 8 255
-29.430 -28.993 0.334 0 0 255
-29.430 -28.959 0.397 0 17 255
-29.609 -28.833 0.315 0 8 255
-29.527 -28.859 0.378 0 25 255
-29.471 -28.896 0.393 0 17 255
-29.490 -28.810 0.392 0 25 255
-29.371 -29.158 0.401 0 0 255
-31.375 -24.854 0.469 0 0 255
-29.269 -29.335 0.396 0 0 255
-29.293 -29.279 0.400 0 8 255
-29.287 -29.251 0.404 0 17 255
-29.292 -29.205 0.429 0 8 255
-29.360 -29.105 0.399 0 17 255
-29.408 -29.036 0.403 0 8 255
-29.388 -29.033 0.401 0 25 255
-29.418 -28.979 0.404 0 8 255
-29.430 -28.971 0.403 0 8 255
-29.428 -28.955 0.400 0 8 255
-29.507 -28.841 0.399 0 8 255
-29.475 -28.823 0.399 0 17 255
-29.476 -28.815 0.399 0 34 255
-30.017 -27.925 0.245 0 17 255
-30.357 -26.961 0.383 0 0 255
-31.249 -25.073 0.418 0 0 255
-29.977 -27.800 0.390 0 0 255
-30.767 -26.051 0.203 0 0 255
-30.729 -26.065 0.352 0 17 255
-32.171 -23.243 0.416 0 0 255
-30.071 -27.560 0.229 0 34 255
-32.192 -23.227 0.318 0 68 255
-31.297 -25.027 0.371 0 0 255
-30.450 -26.818 0.213 0 8 255
-29.973 -27.891 0.345 0 8 255
-32.533 -22.546 0.377 0 17 255
-31.630 -24.330 0.245 0 25 255
-31.458 -24.696 0.395 0 25 255
-31.743 -24.088 0.380 0 8 255
-30.603 -26.443 0.389 0 0 255
-31.155 -25.312 0.393 0 0 255
-32.068 -23.434 0.419 0 8 255
-30.122 -27.526 0.382 0 8 255
-30.270 -27.289 0.384 0 0 255
-31.844 -23.904 0.214 0 0 255
-30.203 -27.255 0.372 0 0 255
-31.081 -25.513 0.414 0 8 255
-30.916 -25.749 0.423 0 8 255
-31.112 -25.357 0.244 0 0 255
-31.762 -24.048 0.356 0 8 255
-32.593 -22.477 0.207 0 17 255
-30.294 -27.174 0.342 0 0 255
-32.530 -22.549 0.194 0 17 255
-30.766 -26.074 0.451 0 0 255
-30.928 -25.743 0.284 0 0 255
-33.070 -21.879 0.367 0 0 255
-30.530 -26.558 0.411 0 0 255
-30.244 -27.216 0.403 0 8 255
-30.731 -26.142 0.239 0 0 255
-30.586 -26.498 0.244 0 25 255
-30.962 -25.746 0.316 0 34 255
-30.023 -27.710 0.392 0 8 255
-31.086 -25.372 0.386 0 0 255
-31.254 -25.007 0.301 0 8 255
-29.797 -28.185 0.397 0 8 255
-31.023 -25.499 0.380 0 8 255
-31.448 -24.734 0.378 0 17 255
-30.435 -26.835 0.198 0 8 255
-31.469 -24.580 0.469 0 0 255
