-19.793 -44.850 1.277 17 255 0
-20.020 -44.806 0.332 0 255 161
-19.753 -44.920 0.798 0 255 76
-19.760 -44.940 1.207 8 255 0
-19.751 -45.000 1.149 153 255 0
-19.707 -45.093 0.868 0 0 255
-20.055 -44.816 1.278 0 0 255
-20.026 -44.806 0.939 72 255 0
-19.912 -44.741 0.964 76 255 0
-20.078 -44.900 1.247 80 255 0
-19.723 -44.993 1.107 89 255 0
-19.866 -44.992 0.475 0 255 97
-19.744 -45.032 0.201 0 255 148
-19.663 -45.053 0.846 0 0 255
-20.103 -44.967 0.863 0 255 106
-19.758 -45.064 1.277 0 255 161
-19.629 -44.794 1.113 0 0 255
-19.904 -44.808 0.824 68 255 0
-19.692 -45.088 0.943 0 0 255
-19.938 -44.718 1.154 0 255 59
-19.715 -45.064 0.208 0 0 255
-19.710 -45.020 0.921 0 255 38
-19.754 -44.920 0.763 0 255 157
-19.746 -45.025 0.297 0 51 255
-19.928 -44.828 0.552 0 255 161
-19.905 -44.795 0.380 0 51 255
-19.964 -44.794 0.412 0 255 106
-19.789 -44.914 1.182 80 255 0
-20.019 -44.715 0.342 0 255 127
-19.742 -45.059 1.015 140 255 0
-19.735 -45.061 0.364 0 229 255
-19.847 -44.832 0.684 0 8 255
-20.049 -44.925 0.867 0 255 161
-19.946 -44.783 0.757 0 255 80
-19.988 -44.825 0.861 102 255 0
-19.859 -45.013 0.478 0 255 195
-19.933 -44.804 0.768 0 255 114
-19.822 -44.987 0.585 0 255 68
-19.804 -44.871 0.485 0 34 255
-19.886 -44.804 0.344 0 255 97
-19.814 -44.752 1.010 0 255 246
-19.851 -45.057 0.453 0 0 255
-19.991 -44.831 0.907 0 255 17
-19.925 -44.823 0.788 0 255 127
-19.766 -44.937 1.025 225 255 0
-19.712 -45.120 0.252 0 0 255
-19.745 -45.031 0.378 0 255 157
-20.057 -45.000 1.025 0 0 255
-19.901 -44.809 0.752 0 255 76
-19.730 -45.063 0.252 0 255 165
-19.905 -44.996 0.509 0 255 153
-19.956 -44.812 0.813 0 76 255
-19.937 -44.786 0.846 76 255 0
-20.033 -44.797 0.553 0 255 170
-19.768 -45.020 1.038 106 255 0
-19.791 -44.828 0.827 0 255 55
-19.671 -44.871 0.863 0 255 59
-19.962 -44.850 1.163 0 255 12
-19.847 -44.923 1.259 0 255 110
-19.908 -44.821 0.241 0 8 255
-20.037 -44.787 1.125 0 0 255
-19.833 -44.875 0.669 0 255 161
-19.935 -44.861 1.360 0 255 0
-19.963 -44.781 0.854 80 255 0
-19.967 -44.841 1.067 0 246 255
-19.744 -44.996 0.990 25 255 0
-19.926 -44.811 0.650 0 255 72
-20.040 -44.770 0.709 0 255 140
-19.980 -44.770 0.177 0 0 255
-19.675 -44.929 0.497 0 255 242
-20.074 -44.937 1.001 0 255 199
-19.885 -44.797 0.974 110 255 0
-19.944 -44.771 0.814 0 255 12
-19.950 -44.869 0.914 0 0 255
-19.883 -44.870 0.622 0 255 153
-20.052 -44.897 0.999 0 255 204
-19.862 -44.966 1.500 0 59 255
-19.880 -44.680 1.132 0 255 85
-19.821 -44.841 0.746 0 17 255
-20.014 -44.943 1.294 17 255 0
-19.774 -44.922 0.794 0 255 93
-19.730 -44.971 0.844 0 255 97
-19.876 -44.971 0.668 0 255 89
-19.743 -45.043 0.271 0 255 136
-20.019 -44.828 0.583 0 0 255
-19.812 -45.047 0.577 0 255 165
-19.941 -44.667 1.012 12 255 0
-19.761 -44.926 1.049 119 255 0
-19.650 -45.172 1.223 0 8 255
-19.576 -45.181 1.121 0 0 255
-19.691 -45.027 1.035 25 255 0
-19.906 -44.815 0.563 0 255 89
-19.915 -44.705 1.171 0 255 97
-19.830 -44.777 1.026 0 255 59
-19.675 -45.030 0.834 0 0 255
-19.751 -45.136 0.371 0 0 255
-19.878 -44.780 1.135 46 255 0
-19.878 -44.781 1.217 0 255 51
-19.894 -44.795 0.836 0 255 25
-20.053 -44.836 0.883 0 0 255
-19.609 -45.144 1.136 0 0 255
-19.996 -44.807 0.792 0 255 114
-19.773 -45.048 0.618 0 255 199
-19.867 -44.864 0.662 0 255 153
-19.742 -45.041 1.137 25 255 0
-19.740 -45.028 0.291 0 255 85
-19.993 -44.766 1.236 0 255 182
-19.743 -44.984 0.546 0 34 255
-20.034 -44.827 0.867 0 255 144
-19.584 -45.134 1.161 0 0 255
-19.747 -45.028 0.204 0 255 89
-19.843 -44.861 1.263 29 255 0
-19.772 -45.011 1.280 0 255 148
-19.887 -44.882 1.408 0 255 212
-19.846 -44.831 0.824 0 255 140
-19.563 -45.001 0.850 0 255 93
-19.716 -45.088 0.268 0 255 216
-19.740 -44.914 0.859 4 255 0
-19.962 -44.637 1.160 0 255 148
-19.743 -45.044 1.099 29 255 0
-19.784 -45.037 0.725 0 255 136
-19.996 -44.806 0.855 0 255 148
-19.991 -44.805 0.828 0 255 131
-19.575 -45.004 0.910 0 255 136
-19.899 -44.693 1.029 0 255 29
-19.652 -44.893 1.094 29 255 0
-20.003 -44.975 1.513 0 17 255
-19.972 -44.926 1.365 0 255 208
-19.936 -44.768 0.296 0 255 72
-19.719 -45.006 1.246 0 0 255
-19.909 -44.815 0.609 0 255 72
-20.044 -44.871 0.845 0 255 8
-19.966 -44.808 0.773 0 255 97
-19.781 -44.916 0.814 0 255 102
-20.010 -44.809 0.421 0 255 127
-19.745 -44.752 0.926 0 255 140
-19.729 -44.880 0.643 0 255 89
-19.954 -44.869 1.305 0 255 131
-19.790 -45.037 0.555 0 102 255
-19.749 -45.070 0.305 0 0 255
-20.022 -44.823 0.388 0 0 255
-19.719 -45.062 1.143 144 255 0
-19.761 -45.099 0.549 0 0 255
-19.964 -44.824 1.314 0 255 80
-19.723 -45.136 1.268 0 0 255
-19.781 -45.014 0.514 0 255 144
-19.791 -44.900 0.731 0 255 127
-19.942 -44.756 1.276 0 255 38
-19.817 -44.987 0.187 0 255 136
-19.767 -45.038 0.425 0 17 255
-19.807 -45.010 1.342 0 119 255
-20.108 -44.896 1.055 0 0 255
-19.756 -45.086 0.466 0 0 255
-20.039 -44.842 1.040 34 255 0
-19.802 -45.008 0.403 0 255 97
-19.841 -44.916 1.421 0 0 255
-19.643 -45.057 1.059 0 255 68
-19.825 -44.996 0.410 0 255 106
-19.948 -44.797 1.051 0 136 255
-19.975 -44.711 1.199 0 136 255
-20.067 -44.860 1.206 0 255 68
-20.013 -44.829 0.979 46 255 0
-19.879 -44.860 0.650 0 255 110
-19.663 -44.986 1.352 38 255 0
-20.025 -44.908 0.818 0 255 131
-20.047 -44.924 1.165 8 255 0
-20.011 -44.825 0.835 0 255 0
-19.816 -44.859 0.807 0 255 89
-19.783 -44.970 1.012 55 255 0
-19.764 -45.057 0.761 0 255 212
-19.586 -45.123 1.144 0 255 34
-19.716 -45.089 1.108 0 255 119
-19.926 -44.740 1.224 0 255 119
-20.042 -44.917 1.048 255 240 0
-20.055 -44.883 1.019 0 102 255
-19.999 -44.728 1.155 0 255 38
-19.973 -44.799 1.033 93 255 0
-19.849 -45.001 1.504 0 93 255
-19.784 -45.038 1.325 0 204 255
-19.839 -44.877 1.509 0 17 255
-19.629 -45.069 0.285 0 255 102
-19.755 -45.020 1.115 0 42 255
-19.903 -44.875 0.937 0 255 76
-19.983 -44.909 1.140 0 59 255
-19.857 -44.774 0.165 0 153 255
-19.830 -44.980 0.168 0 255 140
-20.020 -44.814 0.549 0 255 144
-19.799 -44.695 1.006 0 255 59
