-12.912 -29.738 0.830 59 255 0
-12.402 -29.755 0.532 0 17 255
-13.129 -29.725 1.609 0 59 255
-12.427 -29.667 0.618 0 255 102
-12.976 -29.625 0.544 0 0 255
-12.331 -29.583 1.382 8 255 0
-13.269 -29.456 0.377 0 255 102
-13.494 -29.469 0.484 0 255 204
-13.773 -29.488 1.659 0 25 255
-13.588 -29.369 0.435 0 255 174
-13.119 -29.705 1.499 0 255 148
-12.246 -29.654 1.070 0 255 51
-13.692 -29.267 1.391 0 255 204
-12.394 -29.635 0.370 0 255 165
-13.103 -29.428 1.217 0 255 29
-13.082 -29.760 1.001 0 0 255
-13.819 -29.412 0.490 0 255 153
-13.429 -29.635 1.006 38 255 0
-13.037 -29.657 0.513 0 0 255
-13.120 -29.618 1.553 0 8 255
-12.528 -29.620 0.232 0 255 170
-13.161 -29.772 1.029 0 161 255
-13.006 -29.718 1.017 0 85 255
-13.315 -29.464 0.396 0 255 106
-12.391 -29.555 0.746 0 255 114
-13.263 -29.893 0.517 0 255 106
-13.586 -29.382 0.666 0 255 153
-12.798 -30.364 0.780 0 255 157
-13.733 -29.220 1.000 0 255 119
-12.228 -29.633 0.970 0 255 46
-13.224 -29.467 0.917 0 255 93
-13.843 -29.216 1.202 0 255 174
-13.046 -29.526 1.337 0 255 55
-13.818 -29.467 1.679 0 0 255
-12.397 -29.549 0.708 0 255 114
-12.845 -30.464 0.711 0 42 255
-13.411 -29.688 0.680 0 17 255
-12.997 -29.498 0.213 0 255 123
-13.209 -29.681 0.475 0 255 148
-13.725 -29.356 0.644 0 255 170
-12.825 -30.452 0.630 0 255 161
-13.500 -29.454 0.751 0 42 255
-13.258 -29.816 0.883 0 255 29
-12.471 -29.602 0.695 0 255 140
-12.828 -30.497 0.313 0 178 255
-12.413 -29.567 0.659 0 255 123
-13.242 -29.403 1.034 0 187 255
-12.982 -29.599 0.448 0 144 255
-13.175 -29.739 1.360 0 25 255
-13.321 -29.751 1.239 0 255 42
-12.236 -29.948 1.342 0 255 42
-13.018 -29.520 0.393 0 255 97
-12.139 -29.785 1.309 0 255 140
-13.255 -29.634 0.249 0 255 106
-12.926 -29.697 1.325 42 255 0
-13.131 -29.410 1.277 29 255 0
-12.137 -29.597 0.777 0 255 72
-12.139 -29.731 0.811 0 255 153
-13.000 -29.699 0.871 0 255 42
-13.545 -29.411 0.598 0 255 161
-12.164 -29.614 0.584 0 255 102
-13.040 -29.632 0.231 0 34 255
-13.668 -29.314 1.006 0 255 127
-12.495 -29.565 0.867 0 255 97
-12.481 -29.577 0.415 0 255 140
-13.570 -29.381 0.463 0 255 170
-13.029 -29.494 0.762 0 8 255
-12.436 -29.528 0.798 0 238 255
-13.016 -29.924 1.154 17 255 0
-13.249 -29.716 1.378 0 8 255
-13.043 -29.766 0.952 0 255 25
-12.974 -29.620 0.613 0 255 97
-13.055 -29.764 0.605 0 255 97
-12.350 -29.654 0.710 0 255 161
-13.064 -29.712 1.119 0 0 255
-13.849 -29.391 0.449 0 255 174
-12.984 -29.519 1.159 0 0 255
-13.587 -29.285 1.080 0 255 114
-12.969 -29.695 1.333 0 255 8
-13.028 -29.474 1.232 0 255 76
-12.182 -29.583 0.527 0 255 127
-13.259 -29.618 0.198 0 255 140
-13.045 -29.755 1.304 0 255 4
-13.862 -29.271 1.063 0 255 148
-12.148 -29.733 0.649 0 17 255
-13.001 -29.596 1.296 0 255 38
-13.318 -29.540 0.177 0 0 255
-13.987 -29.311 0.799 0 255 136
-13.695 -29.281 1.247 0 255 157
-12.219 -29.668 0.541 0 255 102
-13.403 -29.680 0.780 0 255 51
-13.531 -29.462 0.435 0 0 255
-12.675 -30.219 0.247 0 0 255
-12.192 -29.607 0.541 0 255 106
-13.789 -29.466 0.352 0 255 161
-12.292 -29.584 0.946 21 255 0
-13.614 -29.391 0.598 0 17 255
-13.014 -29.690 0.372 0 255 136
-12.928 -29.685 1.263 55 255 0
-13.817 -29.453 1.647 0 51 255
-13.649 -29.431 1.452 0 255 229
-13.146 -29.833 1.030 0 0 255
-13.258 -29.665 0.321 0 255 97
-13.001 -29.638 0.529 0 255 157
-13.020 -29.772 1.215 0 255 12
-12.169 -29.678 0.244 0 238 255
-13.896 -29.392 1.567 0 0 255
-13.849 -29.250 1.162 0 255 144
-13.410 -29.561 0.652 0 0 255
-12.996 -29.745 0.550 0 0 255
-13.736 -29.432 0.568 0 255 157
-13.156 -29.752 0.734 0 8 255
-12.437 -29.728 0.496 0 212 255
-13.269 -29.733 1.041 0 255 102
-12.988 -29.593 0.651 0 255 106
-13.087 -29.500 0.423 0 255 102
-13.166 -29.719 1.423 0 255 187
-12.677 -30.464 0.834 0 255 144
-12.490 -29.526 0.814 0 8 255
-13.058 -29.967 1.286 0 255 187
-13.278 -29.386 0.926 0 255 72
-13.680 -29.220 0.907 0 255 140
-13.096 -29.790 0.745 0 255 165
-13.529 -29.355 0.778 0 255 114
-13.348 -29.668 0.394 0 255 106
-13.438 -29.841 0.639 0 255 136
-13.536 -29.472 0.619 0 0 255
-12.402 -29.610 1.015 0 0 255
-12.908 -29.743 0.994 0 255 17
-13.380 -29.632 1.056 0 34 255
-12.112 -29.779 0.168 0 255 106
-13.178 -29.810 1.093 0 255 76
-13.526 -29.311 1.036 0 255 127
-12.938 -29.766 0.733 0 255 136
-13.296 -29.754 0.760 0 255 127
-13.650 -29.313 1.404 0 255 178
-13.360 -29.624 0.615 0 255 76
-13.093 -29.498 1.227 21 255 0
-13.971 -29.285 0.708 0 85 255
-12.861 -29.665 1.025 0 255 25
-12.974 -29.616 1.114 0 255 0
-13.294 -29.735 1.270 0 25 255
-13.236 -29.399 1.346 0 0 255
-13.281 -29.794 0.995 0 255 76
-12.272 -29.577 0.719 0 255 136
-13.779 -29.459 0.355 0 255 221
-13.231 -29.511 0.391 0 255 97
-13.168 -29.413 0.941 0 255 80
-13.757 -29.435 0.398 0 255 161
-12.298 -29.607 1.059 8 255 0
-13.015 -29.467 0.383 0 255 72
-13.015 -29.630 0.397 0 76 255
-12.475 -29.678 0.451 0 255 114
-13.302 -29.691 1.598 0 0 255
-13.306 -29.763 1.599 0 0 255
-13.107 -29.475 1.361 0 255 136
-13.516 -29.480 0.527 0 255 148
-13.112 -29.510 1.374 0 51 255
-13.133 -29.582 1.547 0 255 212
-13.237 -29.996 0.971 0 255 46
-13.072 -29.600 0.638 0 8 255
-12.509 -29.611 0.573 0 255 93
-13.867 -29.218 1.287 0 255 178
-13.210 -29.728 0.622 0 255 114
-13.940 -29.238 0.956 0 255 123
-13.209 -29.501 1.499 0 59 255
-13.301 -29.785 1.623 0 8 255
-13.292 -29.716 1.144 0 17 255
-13.079 -29.482 1.287 0 0 255
-12.880 -29.604 1.255 29 255 0
-13.415 -29.613 0.934 0 255 8
-12.220 -29.705 0.267 0 127 255
-13.083 -29.481 1.345 0 255 51
-13.105 -29.430 0.792 0 255 85
-13.158 -29.895 1.450 0 17 255
-12.252 -30.036 0.386 0 255 170
-13.087 -29.459 0.696 0 255 97
-12.273 -29.696 0.522 0 255 127
-13.619 -29.394 0.353 0 25 255
-13.152 -29.481 0.369 0 17 255
-12.223 -29.629 0.814 25 255 0
-13.019 -29.461 0.941 0 255 76
-13.007 -29.733 0.403 0 255 131
-13.321 -29.568 0.694 0 255 97
-13.334 -29.662 0.344 0 0 255
-13.079 -29.700 1.409 29 255 0
-12.284 -29.670 0.641 0 255 123
-12.928 -29.651 1.225 0 255 38
-13.151 -29.805 0.956 0 255 29
-13.650 -29.261 0.797 0 255 157
-13.642 -29.227 1.370 0 255 191
-13.167 -29.428 1.179 4 255 0
-13.451 -29.486 0.748 0 255 157
-13.037 -29.569 1.381 0 255 148
-13.040 -29.735 0.680 0 59 255
-13.882 -29.417 0.453 0 255 157
-12.317 -29.643 0.499 0 255 144
-13.163 -29.801 1.139 0 0 255
-13.946 -29.328 0.577 0 25 255
-13.329 -29.566 0.612 0 255 102
-13.837 -29.400 0.418 0 255 161
-12.272 -29.583 0.934 8 255 0
-12.546 -29.650 0.502 0 255 127
-12.189 -30.497 0.208 0 102 255
-13.353 -29.433 0.463 0 93 255
-13.422 -29.600 1.046 8 255 0
-13.216 -29.576 1.636 0 93 255
-12.971 -29.581 0.761 0 255 127
-12.093 -29.827 0.520 0 255 161
-13.032 -29.792 0.738 0 255 123
-13.913 -29.338 1.214 0 255 144
-12.216 -29.656 0.274 0 255 110
-12.333 -29.602 0.922 0 255 8
-13.220 -29.419 1.283 0 255 63
-12.962 -29.667 0.246 0 255 102
-13.017 -29.478 0.984 12 255 0
-13.778 -29.216 0.732 0 255 157
-12.349 -29.571 1.227 0 255 17
-13.336 -29.514 0.867 0 255 38
-13.111 -29.461 0.336 0 255 127
-12.365 -29.723 0.517 0 255 127
-12.361 -30.250 0.489 0 170 255
-12.027 -29.718 0.719 0 0 255
-12.435 -29.693 0.412 0 127 255
-12.937 -29.784 0.783 17 255 0
-13.939 -29.332 0.502 0 0 255
-12.166 -29.754 0.916 0 255 102
-13.269 -29.787 1.019 0 17 255
-13.025 -29.646 0.436 0 0 255
-13.264 -29.798 1.096 0 34 255
-12.910 -29.703 1.153 21 255 0
-13.325 -29.699 0.263 0 0 255
-13.203 -29.681 0.605 0 255 97
-13.691 -29.479 0.507 0 144 255
-13.392 -29.729 0.716 0 255 174
-12.254 -29.714 0.478 0 255 119
-12.157 -29.696 0.719 0 255 93
-12.193 -29.724 1.111 12 255 0
-12.937 -30.444 0.470 0 255 204
-13.816 -29.220 0.943 0 255 161
-12.491 -29.555 0.624 0 255 131
-13.779 -29.371 0.419 0 255 144
-12.243 -29.664 0.670 0 255 161
-13.416 -29.571 0.670 0 255 102
-12.210 -29.632 0.480 0 255 119
-13.592 -29.354 0.480 0 255 148
-13.803 -29.358 0.442 0 255 144
-12.922 -29.677 1.251 0 255 38
-13.176 -29.433 0.537 0 255 80
-12.975 -29.624 0.449 0 255 89
-12.990 -29.571 0.274 0 255 93
-12.880 -29.712 0.983 59 255 0
-13.582 -29.432 0.596 0 255 157
-12.985 -29.590 1.352 0 255 59
-13.576 -29.385 0.500 0 255 148
-13.558 -29.375 0.389 0 255 144
-12.435 -29.585 1.271 17 255 0
-13.549 -29.436 0.479 0 255 233
-13.128 -29.422 1.190 0 255 46
-13.642 -29.276 1.414 0 255 165
-13.247 -29.555 0.218 0 255 136
-13.060 -29.452 1.362 0 255 4
-13.198 -29.916 0.522 0 255 106
-13.147 -29.659 0.400 0 0 255
-13.637 -29.419 0.471 0 136 255
-12.470 -29.836 1.201 0 238 255
-13.065 -29.813 1.120 0 255 25
-12.967 -29.578 0.604 0 255 106
-13.781 -29.369 1.467 0 25 255
-13.575 -29.235 0.894 0 255 136
-12.475 -29.642 1.010 0 0 255
-13.105 -29.726 0.518 0 0 255
-13.141 -29.664 1.434 0 255 165
-13.238 -29.688 1.408 0 255 85
-12.989 -29.713 0.310 0 0 255
-12.979 -29.519 0.345 0 255 106
-13.318 -29.732 1.206 0 229 255
-13.106 -29.790 1.551 0 255 123
-13.306 -29.695 1.292 0 255 216
-13.797 -29.260 0.795 0 255 123
-12.963 -29.623 0.423 0 255 102
-13.005 -29.585 0.400 0 255 102
-13.153 -29.522 1.392 0 255 55
-13.278 -29.537 0.320 0 255 119
-13.143 -29.744 1.321 0 255 25
-13.086 -29.663 1.470 0 255 80
-13.065 -29.717 0.993 0 255 63
-13.151 -29.818 0.907 0 255 110
-13.069 -29.897 0.570 0 255 140
-12.962 -29.786 0.855 0 255 42
-13.609 -29.429 0.714 0 255 161
-13.900 -29.323 0.648 0 170 255
-12.967 -29.646 0.613 0 255 110
-13.101 -29.431 0.912 0 255 17
-12.974 -29.660 0.438 0 255 102
-13.354 -29.535 1.252 0 255 17
-13.006 -29.764 1.106 0 255 63
-13.765 -29.369 0.471 0 255 161
-13.118 -29.535 1.416 0 255 46
-13.053 -29.803 0.875 0 255 12
-12.972 -29.638 0.581 0 34 255
-13.807 -29.287 0.780 0 255 165
-13.041 -29.561 1.381 17 255 0
-13.060 -29.775 1.202 8 255 0
-13.527 -29.438 0.475 0 255 153
-13.140 -29.425 1.057 4 255 0
-13.187 -29.842 0.882 0 255 55
-12.979 -29.789 1.002 0 255 72
-12.095 -29.727 0.261 0 255 178
-13.706 -29.360 1.351 0 255 191
-13.015 -29.721 1.068 0 255 34
-12.394 -29.660 1.064 0 255 72
-13.009 -29.569 0.353 0 255 144
-13.136 -29.781 1.242 0 17 255
-13.790 -29.324 1.348 0 255 161
-13.123 -29.793 1.523 0 255 114
-13.573 -29.471 0.537 0 255 182
-13.093 -29.582 0.537 0 255 144
-13.519 -29.540 0.672 0 25 255
-12.352 -29.601 1.414 12 255 0
-13.401 -29.676 1.135 0 255 80
-13.259 -29.497 0.539 0 255 97
-12.929 -29.583 1.007 55 255 0
-13.843 -29.301 0.631 0 255 178
-13.498 -30.015 0.408 0 255 127
-13.000 -29.743 0.609 0 255 97
