-18.015 -44.033 1.286 0 255 80
-18.130 -43.864 1.802 0 195 255
-17.784 -43.792 0.936 0 255 93
-18.330 -43.960 1.182 0 0 255
-18.189 -43.827 1.517 0 255 110
-18.140 -44.023 1.042 0 255 106
-17.981 -44.223 1.023 0 255 97
-18.058 -43.634 1.434 0 255 110
-18.015 -43.950 1.333 0 255 106
-17.560 -43.728 1.398 0 255 136
-17.953 -44.048 1.399 0 255 174
-18.392 -44.004 1.095 0 255 127
-16.179 -45.217 1.120 0 8 255
-17.833 -43.755 0.684 0 255 229
-18.009 -43.673 1.172 0 255 85
-17.844 -43.706 1.081 0 255 51
-18.052 -43.667 1.510 0 255 59
-18.023 -43.820 0.703 0 0 255
-18.271 -43.811 1.196 0 255 123
-17.630 -43.795 1.019 0 255 102
-18.071 -43.773 1.267 0 255 42
-17.868 -43.697 1.502 0 255 106
-17.477 -44.927 1.100 0 255 127
-17.746 -43.739 1.141 0 255 68
-17.075 -45.117 1.162 0 0 255
-17.918 -43.715 0.767 0 255 170
-17.929 -43.846 0.627 0 255 208
-18.028 -43.920 0.421 0 255 182
-17.870 -43.831 1.059 0 255 93
-18.095 -43.755 1.262 0 255 102
-18.083 -43.637 1.455 0 255 68
-18.151 -43.776 0.847 0 255 144
-17.832 -43.959 0.851 0 255 42
-17.731 -43.872 0.981 0 0 255
-18.173 -43.717 1.345 0 255 97
-18.071 -43.749 1.336 0 255 63
-17.758 -43.660 1.431 0 255 59
-17.831 -43.746 0.175 0 255 208
-16.935 -45.991 0.978 0 17 255
-16.902 -46.096 1.483 0 0 255
-17.894 -43.708 1.090 0 255 29
-18.112 -43.896 1.732 0 85 255
-18.133 -43.792 0.813 0 0 255
-17.820 -43.767 1.254 0 255 72
-18.006 -43.893 1.786 0 144 255
-18.133 -43.679 1.414 0 255 59
-17.948 -43.791 1.104 0 255 72
-18.020 -43.826 0.758 0 255 178
-18.148 -44.026 1.077 0 255 102
-18.149 -44.157 1.832 0 110 255
-17.912 -43.936 1.184 0 255 63
-17.845 -43.878 1.786 0 0 255
-17.939 -43.931 1.233 0 255 97
-17.757 -45.052 1.116 0 255 42
-17.966 -43.676 1.241 0 255 55
-18.153 -44.150 1.712 0 102 255
-17.845 -43.983 1.257 0 255 59
-17.991 -43.854 0.617 0 246 255
-18.074 -43.985 0.730 0 255 178
-18.219 -43.825 0.588 0 255 204
-18.117 -43.732 1.536 0 85 255
-18.074 -44.087 0.765 0 255 178
-17.889 -43.741 0.367 0 255 221
-17.809 -43.776 0.884 0 255 25
-17.948 -43.646 1.492 0 255 80
-18.049 -43.851 0.384 0 255 161
-17.959 -43.779 0.599 0 255 212
-17.490 -44.916 1.220 0 255 123
-18.005 -43.858 1.833 0 0 255
-17.802 -43.573 1.389 0 255 72
-17.932 -43.818 1.469 0 255 89
-18.031 -43.719 1.606 0 255 114
-18.025 -43.934 0.173 0 255 165
-17.901 -43.998 1.113 0 255 29
-17.979 -43.908 0.497 0 255 195
-17.918 -43.838 0.501 0 255 250
-17.754 -43.703 1.212 0 255 63
-17.802 -44.193 1.393 0 255 153
-18.150 -43.692 1.529 0 0 255
-18.115 -44.077 1.597 0 68 255
-17.827 -43.965 0.826 0 255 187
-17.819 -45.118 1.745 0 0 255
-17.930 -43.929 0.421 0 0 255
-17.782 -44.116 1.682 0 51 255
-18.140 -44.074 1.832 0 0 255
-18.180 -43.840 0.170 0 255 199
-17.881 -43.693 1.529 0 255 80
-17.722 -43.798 0.660 0 0 255
-18.121 -43.859 0.213 0 255 191
-17.875 -43.910 1.599 0 255 157
-17.861 -43.881 1.681 0 255 110
-17.973 -43.714 1.522 0 255 80
-17.891 -43.695 1.247 0 255 72
-18.154 -44.156 0.306 0 255 170
-18.023 -44.333 1.754 0 8 255
-18.265 -44.123 1.260 0 255 148
-17.934 -43.878 0.568 0 255 242
-18.155 -44.042 1.138 0 255 55
-17.987 -43.746 0.758 0 187 255
-18.097 -43.851 0.516 0 255 182
-17.943 -43.719 1.526 0 255 72
-17.744 -43.734 1.254 0 0 255
-18.095 -43.775 0.856 0 255 51
-18.072 -43.713 1.332 0 255 63
-17.910 -43.618 1.461 0 0 255
-18.159 -43.808 1.327 0 255 119
-17.984 -43.954 1.360 0 255 63
-18.114 -43.791 1.244 0 255 89
-17.875 -43.710 0.661 0 255 229
-18.315 -43.899 1.226 0 255 106
-16.865 -45.054 1.216 0 255 153
-17.757 -43.619 1.328 0 255 68
-16.731 -44.961 1.309 0 255 80
-17.911 -43.841 0.994 0 255 68
-18.041 -43.977 1.319 0 255 127
-17.944 -44.013 1.317 0 255 72
-18.225 -43.781 1.335 0 255 46
-18.166 -44.078 1.558 0 255 93
-18.071 -44.123 0.440 0 255 199
-17.896 -43.821 1.609 0 255 114
-18.136 -43.836 0.252 0 255 182
-17.972 -43.676 0.968 0 255 59
-18.126 -44.286 1.665 0 255 178
-17.967 -43.937 0.432 0 255 212
-17.871 -43.731 0.693 0 255 216
-17.870 -44.037 1.269 0 255 80
-17.554 -43.819 1.459 0 0 255
-17.286 -44.962 1.111 0 255 63
-18.019 -44.155 1.126 0 255 89
-17.906 -43.828 0.786 0 255 195
-17.834 -43.751 0.495 0 255 221
-17.873 -43.732 0.506 0 255 170
-17.788 -44.183 0.426 0 255 233
-18.043 -43.785 0.771 0 255 187
-17.996 -43.708 1.227 0 255 55
-17.561 -44.934 1.118 0 255 136
-17.976 -43.752 0.917 0 255 38
-18.125 -43.832 0.452 0 255 161
-17.982 -44.175 0.925 0 255 72
-18.047 -43.779 1.406 0 255 59
-18.109 -43.844 1.762 0 17 255
-18.168 -44.033 0.984 0 255 72
-17.753 -44.196 0.480 0 42 255
-18.008 -43.685 0.894 0 255 59
-17.964 -43.943 0.225 0 255 204
-17.792 -44.021 0.766 0 255 182
-18.076 -43.787 0.894 0 255 59
-18.067 -43.738 0.974 0 255 97
-17.741 -43.855 0.864 0 0 255
-18.018 -43.901 0.400 0 255 216
-18.217 -43.927 1.368 0 0 255
-17.775 -45.163 1.601 0 255 144
-17.115 -44.926 0.612 0 255 123
-17.861 -43.750 0.864 0 255 42
-17.863 -43.802 0.491 0 51 255
-17.829 -43.716 1.229 0 255 55
-18.047 -43.689 1.029 0 255 72
-18.185 -44.018 0.698 0 255 199
-18.078 -43.859 1.751 0 161 255
-16.733 -44.923 1.345 0 255 51
-18.204 -43.718 1.361 0 255 76
-17.519 -43.716 1.390 0 255 178
-18.048 -43.828 1.637 0 255 161
-17.934 -43.804 1.443 0 255 68
-17.805 -44.057 1.288 0 255 63
-18.052 -43.837 1.821 0 102 255
-17.861 -43.718 1.203 0 255 38
-17.903 -43.832 0.604 0 255 161
-18.161 -43.804 0.891 0 255 72
-18.164 -43.953 1.510 0 255 76
-17.772 -43.804 1.037 0 255 80
-17.944 -44.043 0.688 0 255 255
-18.391 -43.912 1.352 0 255 165
-17.557 -43.876 1.482 0 25 255
-17.197 -44.941 1.119 0 255 55
-18.223 -44.144 1.665 0 42 255
-18.150 -43.984 0.639 0 102 255
-17.426 -45.037 0.904 0 0 255
-17.760 -43.820 0.426 0 255 182
-18.192 -43.986 0.204 0 161 255
-17.480 -44.914 1.237 0 255 136
-17.932 -43.795 0.334 0 68 255
-18.191 -43.933 0.222 0 255 199
-17.644 -43.622 1.286 0 255 140
-17.803 -43.708 1.201 0 255 46
-18.062 -43.788 1.316 0 255 89
-17.997 -43.812 1.617 0 255 76
-18.235 -44.029 1.300 0 255 131
-18.129 -44.084 0.781 0 255 246
-18.119 -44.070 1.032 0 255 106
-18.157 -43.709 1.407 0 255 153
-17.880 -43.734 0.435 0 255 191
-18.105 -44.030 1.620 0 255 80
-17.901 -43.895 1.796 0 187 255
-16.906 -44.979 1.132 0 255 55
-17.959 -44.183 0.864 0 8 255
-17.289 -44.965 1.239 0 255 76
-18.243 -44.042 1.430 0 0 255
-18.160 -43.890 1.173 0 8 255
-17.860 -43.745 0.306 0 246 255
-18.112 -44.164 1.803 0 178 255
-18.020 -43.652 1.467 0 255 59
-18.131 -44.003 0.278 0 255 195
-17.687 -43.586 1.332 0 255 42
-18.186 -43.756 1.316 0 0 255
-18.069 -43.920 0.316 0 255 191
-17.675 -43.986 1.405 0 255 85
-18.107 -43.926 0.722 0 255 187
-17.800 -43.760 0.591 0 255 161
-17.942 -43.932 0.972 0 255 68
-17.509 -43.769 1.362 0 59 255
-17.897 -43.738 0.765 0 255 187
-18.182 -44.099 0.605 0 17 255
-17.718 -43.914 1.005 0 0 255
-18.200 -43.837 1.433 0 255 89
-16.853 -45.024 0.978 0 255 127
-18.088 -44.106 0.493 0 255 191
-18.069 -43.679 1.386 0 255 72
-18.071 -43.745 1.150 0 255 93
-17.904 -43.837 1.686 0 85 255
-17.603 -43.590 1.302 0 255 68
-17.771 -43.840 1.144 0 255 102
-17.879 -43.774 0.743 0 8 255
-18.036 -43.674 1.516 0 255 85
-16.761 -44.489 1.069 0 255 216
-18.395 -43.848 1.205 0 255 97
-17.933 -43.816 1.063 0 255 85
-17.811 -44.050 1.320 0 255 72
-17.853 -43.705 1.106 0 255 153
-18.286 -44.022 0.863 0 153 255
-15.962 -45.165 0.940 0 255 72
-17.945 -44.042 1.081 0 255 59
-18.152 -43.800 1.095 0 0 255
-17.717 -43.714 1.436 0 187 255
-18.004 -43.812 0.881 0 255 89
-17.856 -43.857 0.465 0 0 255
-18.369 -44.069 1.575 0 255 140
-18.105 -44.938 1.096 0 255 191
-18.017 -43.775 1.545 0 255 55
-18.163 -43.809 0.430 0 255 165
-18.070 -43.948 0.412 0 255 199
-17.838 -43.613 1.384 0 255 85
-18.075 -43.918 0.620 0 255 170
-18.026 -44.098 1.111 0 255 76
-17.925 -43.841 1.793 0 187 255
-17.942 -44.149 1.486 0 255 123
-17.807 -43.727 0.384 0 255 153
-18.048 -44.113 0.404 0 255 182
-17.774 -43.804 0.615 0 255 174
-16.643 -44.962 1.287 0 255 106
-17.853 -43.737 0.761 0 255 204
-17.883 -43.694 1.316 0 255 42
-17.906 -44.036 1.254 0 255 80
-17.944 -43.802 1.612 0 255 38
-17.753 -43.620 1.382 0 255 80
-18.090 -43.921 0.378 0 255 182
-17.828 -43.731 1.085 0 255 106
-17.660 -44.134 0.907 0 255 85
-17.277 -44.921 0.894 0 255 93
-18.136 -44.003 0.429 0 255 174
-18.121 -44.153 1.749 0 85 255
-18.182 -44.035 0.333 0 0 255
-18.227 -43.997 1.392 0 119 255
-18.023 -43.939 1.452 0 255 72
-18.034 -43.688 1.209 0 255 63
-17.798 -43.702 1.226 0 8 255
-17.925 -43.639 1.377 0 255 46
-17.942 -43.643 1.299 0 255 63
-18.302 -44.015 1.380 0 110 255
-18.072 -43.928 0.562 0 255 191
-17.847 -43.942 1.429 0 255 80
-18.114 -43.740 1.154 0 255 89
-17.954 -43.742 1.143 0 255 34
-18.157 -43.815 0.181 0 255 199
-17.991 -44.145 0.682 0 255 165
-18.063 -44.085 1.149 0 255 63
-17.939 -43.762 0.367 0 255 157
-17.917 -44.005 0.734 0 255 246
-17.888 -43.731 0.601 0 255 195
-18.125 -44.178 0.242 0 255 182
-17.937 -43.706 0.909 0 255 42
-17.875 -43.871 0.848 0 8 255
-17.771 -43.799 0.680 0 25 255
-17.900 -43.855 0.891 0 255 72
-18.033 -43.675 1.434 0 255 72
-17.838 -43.698 1.251 0 255 106
-18.192 -44.057 0.712 0 161 255
-18.424 -43.989 1.058 0 255 153
-18.135 -44.195 1.670 0 255 110
-18.132 -43.843 0.357 0 255 161
-18.020 -43.887 1.729 0 136 255
-18.197 -43.813 1.572 0 238 255
-16.836 -45.046 0.852 0 255 153
-17.399 -44.978 0.918 0 255 93
-17.767 -43.602 1.363 0 255 80
-17.175 -44.844 0.999 0 255 76
-18.097 -43.994 0.904 0 255 97
-18.073 -44.073 0.504 0 238 255
-17.765 -43.850 1.136 0 255 140
-18.078 -44.009 1.454 0 255 80
-17.652 -43.563 1.344 0 255 51
-17.904 -44.076 1.454 0 255 80
-18.101 -43.754 1.015 0 255 102
-18.103 -43.949 1.495 0 255 51
-17.972 -44.060 0.963 0 255 97
-17.898 -43.735 0.470 0 0 255
-17.778 -43.814 0.737 0 255 174
-17.785 -43.664 1.452 0 255 102
-18.041 -43.877 0.643 0 246 255
-18.515 -44.104 0.890 0 42 255
-18.123 -44.195 1.752 0 34 255
-18.021 -43.675 1.593 0 0 255
-18.036 -44.287 1.717 0 93 255
-18.028 -44.029 0.879 0 255 72
-17.772 -43.630 1.293 0 8 255
-18.183 -44.144 1.691 0 8 255
-18.082 -43.793 0.797 0 255 221
-18.077 -43.769 1.222 0 255 38
-17.698 -43.762 0.960 0 255 68
-17.942 -43.805 0.734 0 255 161
-18.050 -43.940 1.605 0 255 76
-18.100 -43.983 1.144 0 255 63
-18.000 -43.688 1.427 0 255 80
-17.846 -43.969 1.033 0 255 55
-18.114 -43.889 0.514 0 255 157
-18.071 -44.032 1.232 0 255 63
-17.734 -43.591 1.346 0 255 68
-17.823 -43.885 1.687 0 0 255
-17.856 -43.747 0.896 0 255 17
-18.102 -43.945 0.448 0 255 204
-17.982 -43.788 1.822 0 161 255
-17.934 -43.743 0.727 0 255 187
-18.043 -43.911 0.517 0 255 191
-17.864 -43.894 1.706 0 255 144
-18.083 -43.925 0.188 0 255 212
-16.926 -45.109 0.629 0 255 144
-17.980 -43.688 1.538 0 255 131
-17.790 -43.788 0.913 0 255 76
-18.103 -44.076 0.288 0 255 182
-18.136 -43.913 0.662 0 255 204
-18.137 -44.184 1.834 0 59 255
-17.997 -43.746 1.340 0 255 72
-17.703 -44.003 1.475 0 255 97
-18.275 -44.071 0.883 0 8 255
-18.161 -43.890 1.095 0 255 114
-18.032 -43.691 1.149 0 255 51
-17.792 -43.954 1.002 0 255 34
-16.733 -44.369 0.621 0 255 212
-18.085 -43.898 0.638 0 255 199
-17.858 -43.749 0.710 0 255 208
-17.929 -43.993 1.366 0 255 59
-18.178 -43.829 1.638 0 255 89
-18.103 -43.718 1.370 0 255 55
-17.977 -43.942 1.351 0 255 102
-18.095 -43.980 0.444 0 255 170
-17.939 -43.699 1.082 0 255 51
-17.023 -45.106 1.271 0 255 140
-17.758 -43.760 1.331 0 255 93
-17.976 -43.693 1.216 0 255 59
-18.187 -44.003 0.941 0 255 63
-17.868 -43.637 1.414 0 255 68
-17.802 -44.099 1.277 0 255 97
-17.869 -43.748 0.729 0 255 178
-18.250 -44.307 0.254 0 255 208
-17.946 -43.645 1.485 0 255 102
-18.124 -43.724 1.315 0 255 102
-17.563 -43.967 1.089 0 255 38
-17.845 -43.671 1.511 0 255 119
-17.961 -43.658 1.415 0 255 80
-17.968 -43.948 1.026 0 255 72
-17.882 -44.011 1.230 0 255 46
-18.171 -43.850 0.592 0 255 157
-17.777 -44.958 1.406 0 255 55
-18.023 -43.811 0.773 0 255 216
-17.919 -43.720 0.644 0 255 161
-17.755 -43.978 0.970 0 255 38
-17.868 -43.660 1.374 0 255 59
-18.186 -44.006 1.411 0 255 89
-18.241 -43.722 1.079 0 255 110
-18.068 -44.104 1.277 0 255 93
-17.963 -43.671 1.080 0 255 55
-17.976 -43.939 1.283 0 255 97
-17.815 -43.737 1.153 0 255 68
-17.973 -43.697 0.870 0 255 46
-18.069 -44.070 0.279 0 255 165
-18.263 -43.990 1.150 0 255 148
-17.802 -43.722 1.489 0 255 93
-17.812 -43.686 0.258 0 42 255
-18.037 -43.841 0.754 0 119 255
-18.158 -43.837 1.234 0 255 93
-18.002 -44.010 0.899 0 255 72
-18.077 -44.190 1.601 0 255 123
-17.362 -44.859 1.146 0 255 102
-18.215 -44.000 1.103 0 255 85
-18.006 -44.147 0.969 0 255 80
-17.906 -43.684 1.140 0 255 42
-17.747 -43.819 0.750 0 0 255
-17.778 -44.161 1.378 0 255 89
-17.828 -43.996 1.281 0 255 89
-17.984 -44.171 0.879 0 255 153
-18.044 -44.059 0.297 0 255 178
-18.144 -43.705 0.964 0 255 93
-17.919 -43.765 1.444 0 255 63
-17.870 -43.750 0.422 0 255 191
-18.091 -44.134 0.539 0 229 255
-18.044 -44.010 1.224 0 255 55
-17.989 -43.727 1.560 29 255 0
