-11.471 -28.839 0.934 0 0 255
-11.917 -28.725 1.528 0 0 255
-13.306 -28.356 0.771 0 0 255
-12.895 -28.581 0.715 0 0 255
-13.323 -28.377 1.369 0 0 255
-12.877 -28.520 1.242 0 255 72
-12.501 -28.608 1.470 0 0 255
-12.810 -28.497 0.808 0 0 255
-13.300 -28.390 0.890 0 25 255
-12.999 -28.429 1.236 0 255 68
-12.883 -28.729 0.966 0 255 93
-12.695 -28.547 1.454 0 0 255
-11.583 -28.803 1.501 0 8 255
-12.792 -28.656 0.822 0 255 55
-12.964 -28.499 1.305 12 255 0
-11.453 -28.865 0.732 0 8 255
-11.816 -28.721 1.503 0 8 255
-11.928 -28.702 1.513 0 0 255
-12.568 -28.573 1.301 0 102 255
-11.439 -28.876 1.354 0 0 255
-12.139 -28.633 0.806 0 0 255
-12.883 -28.498 0.912 0 255 114
-12.758 -28.637 0.878 0 255 89
-13.372 -28.330 1.283 0 0 255
-11.680 -28.760 1.488 0 0 255
-11.490 -28.897 0.989 0 0 255
-13.333 -28.434 0.879 0 255 127
-13.147 -28.441 1.451 0 0 255
-12.816 -28.433 1.050 25 255 0
-12.796 -28.534 1.511 0 17 255
-12.781 -28.762 1.051 0 0 255
-12.861 -28.590 0.727 0 255 136
-11.603 -28.803 0.855 0 0 255
-13.268 -28.410 0.586 0 8 255
-11.411 -28.866 0.636 0 170 255
-12.926 -28.687 1.002 0 127 255
-11.995 -28.701 0.855 0 0 255
-12.842 -28.485 1.185 85 255 0
-11.914 -28.755 0.877 0 0 255
-12.597 -28.663 1.353 0 0 255
-12.808 -28.623 1.312 0 255 72
-12.385 -28.642 0.859 0 0 255
-11.997 -28.729 1.525 0 0 255
-12.887 -28.740 1.069 0 255 136
-12.575 -28.506 0.833 0 0 255
-12.568 -28.582 1.505 0 0 255
-12.104 -28.732 0.856 0 8 255
-12.855 -28.542 1.394 0 255 46
-12.504 -28.627 1.225 0 42 255
-13.311 -28.344 0.994 0 8 255
-12.754 -28.767 0.978 0 0 255
-12.622 -28.582 1.373 0 42 255
-11.467 -28.881 0.851 0 0 255
-12.692 -28.496 1.013 0 25 255
-12.921 -28.694 0.940 0 255 85
-11.453 -28.900 1.331 0 0 255
-11.497 -28.937 0.530 0 59 255
-13.303 -28.367 0.798 0 34 255
-13.247 -28.381 1.435 0 0 255
-12.635 -28.567 1.286 0 255 153
-11.935 -28.774 0.846 0 0 255
-13.009 -28.480 1.098 0 255 97
-13.273 -28.373 0.782 0 8 255
-13.300 -28.405 0.735 0 0 255
-13.050 -28.490 0.922 0 0 255
-12.925 -28.423 1.473 0 0 255
-12.792 -28.653 1.226 0 255 38
-12.861 -28.605 1.324 0 255 76
-12.715 -28.558 1.333 0 255 195
-13.398 -28.344 1.363 0 0 255
-12.755 -28.605 0.930 0 255 76
-12.618 -28.532 1.106 0 119 255
-12.819 -28.415 0.903 0 255 127
-11.507 -28.801 1.410 0 0 255
-13.333 -28.345 0.644 0 17 255
-12.866 -28.685 1.171 0 255 102
-11.478 -28.887 0.588 0 0 255
-12.866 -28.448 1.469 0 0 255
-11.477 -28.850 1.494 0 25 255
-11.950 -28.708 1.457 0 0 255
-12.834 -28.639 0.735 0 255 216
-12.907 -28.617 0.699 0 221 255
-12.867 -28.563 0.733 0 255 165
-12.586 -28.564 1.458 0 8 255
-13.346 -28.318 0.638 0 0 255
-12.539 -28.685 1.106 0 255 229
-11.467 -28.901 0.554 0 8 255
-13.249 -28.392 1.059 0 0 255
-12.939 -28.469 0.817 0 255 233
-11.873 -28.726 1.482 0 0 255
-12.167 -28.636 1.526 0 0 255
-11.458 -28.907 0.498 0 17 255
-11.481 -28.847 0.887 0 0 255
-12.844 -28.442 0.995 0 255 89
-12.663 -28.633 1.021 0 0 255
-11.436 -28.845 1.031 0 25 255
-12.483 -28.657 1.012 0 0 255
-12.928 -28.670 1.222 0 255 110
-11.474 -28.815 1.217 0 153 255
-12.870 -28.577 1.338 0 255 59
-12.730 -28.445 1.024 0 8 255
-13.265 -28.341 1.335 0 255 165
-12.755 -28.752 0.964 0 255 165
-12.841 -28.553 1.479 0 255 187
-11.748 -28.788 0.835 0 0 255
-12.809 -28.583 0.810 0 25 255
-12.577 -28.564 0.819 0 8 255
-12.790 -28.626 1.261 0 255 55
-12.592 -28.579 1.005 0 195 255
-12.269 -28.647 0.804 0 0 255
-11.433 -28.837 0.931 0 0 255
-11.789 -28.749 0.837 0 0 255
-12.430 -28.572 1.464 0 0 255
-12.592 -28.524 1.229 0 255 250
-12.664 -28.537 1.231 0 255 216
-12.944 -28.489 1.459 0 8 255
-13.018 -28.434 1.211 0 255 51
-12.907 -28.533 0.907 0 255 21
-13.325 -28.342 0.745 0 17 255
-12.453 -28.578 0.899 0 0 255
-12.889 -28.647 1.235 0 255 110
-13.023 -28.669 1.177 0 255 140
-12.818 -28.556 1.111 0 255 114
-12.730 -28.596 1.275 0 34 255
-12.838 -28.467 0.797 0 0 255
-13.279 -28.373 1.088 0 0 255
-12.898 -28.515 1.421 0 255 38
-12.786 -28.571 1.338 0 0 255
-11.745 -28.831 0.826 0 0 255
-13.296 -28.345 0.715 0 0 255
-13.006 -28.434 0.784 0 0 255
-11.550 -28.869 0.883 0 8 255
-13.117 -28.414 0.797 0 8 255
-12.810 -28.584 0.863 0 255 59
-12.726 -28.551 1.289 0 255 182
-12.762 -28.552 1.340 0 25 255
-12.855 -28.510 0.741 0 8 255
-12.772 -28.595 1.423 0 255 174
-12.210 -28.679 1.479 0 0 255
-12.530 -28.572 1.030 0 229 255
-11.431 -28.851 0.793 0 0 255
-11.384 -28.888 0.667 0 0 255
-12.850 -28.615 0.934 0 255 123
-11.890 -28.731 0.859 0 0 255
-12.826 -28.541 1.488 0 212 255
-12.634 -28.483 1.084 0 255 178
-13.256 -28.381 1.329 0 0 255
-12.806 -28.713 0.891 0 255 114
-11.438 -28.877 1.465 0 0 255
-12.834 -28.529 1.300 0 255 68
-12.746 -28.701 1.008 0 255 29
-12.827 -28.739 1.093 0 255 136
-12.509 -28.539 1.019 0 0 255
-13.014 -28.513 0.861 0 255 42
-12.802 -28.568 1.044 0 255 102
-13.031 -28.442 1.069 0 255 46
-12.839 -28.575 0.708 0 17 255
-11.669 -28.815 0.853 0 8 255
-12.792 -28.619 1.281 8 255 0
-13.209 -28.370 1.430 0 0 255
-12.033 -28.640 1.454 0 0 255
-12.047 -28.680 0.823 0 0 255
-11.495 -28.808 1.118 0 34 255
-12.999 -28.486 0.823 0 8 255
-13.343 -28.332 1.266 0 17 255
-12.868 -28.640 1.289 0 255 123
-12.635 -28.538 1.187 0 255 136
-12.919 -28.513 1.445 0 255 148
-11.417 -28.866 0.868 0 17 255
-11.583 -28.871 0.893 0 0 255
-13.375 -28.330 0.596 0 0 255
-13.328 -28.320 1.283 0 136 255
-12.507 -28.556 1.042 0 255 174
-12.913 -28.470 1.380 0 255 63
-12.984 -28.534 0.965 0 255 59
-12.834 -28.462 1.052 0 255 106
-11.503 -28.813 0.937 0 68 255
-12.606 -28.536 1.053 0 255 140
-12.812 -28.597 1.429 0 255 102
-13.058 -28.449 0.815 0 8 255
-12.661 -28.665 1.119 0 255 221
-11.665 -28.837 0.869 0 17 255
-11.668 -28.837 1.477 0 0 255
-11.446 -28.848 1.458 0 0 255
-12.958 -28.446 1.206 0 255 114
-13.323 -28.374 0.773 0 0 255
-12.840 -28.709 1.110 0 255 131
-12.508 -28.581 1.006 0 34 255
-12.915 -28.489 1.185 0 255 110
-13.154 -28.412 1.463 0 8 255
-11.479 -28.846 1.327 0 178 255
-12.988 -28.500 1.288 0 255 72
-13.289 -28.368 0.530 0 0 255
-11.748 -28.738 1.494 0 0 255
-12.831 -28.583 0.887 0 255 42
-12.798 -28.621 0.851 0 255 165
-12.570 -28.647 0.999 0 0 255
-12.886 -28.596 1.367 0 0 255
-12.854 -28.434 0.783 0 0 255
-13.297 -28.367 1.046 0 0 255
-12.558 -28.561 1.468 0 0 255
-12.559 -28.588 1.060 0 255 131
-13.029 -28.409 0.796 0 8 255
-11.493 -28.820 1.312 0 0 255
-13.377 -28.336 0.508 0 0 255
-11.529 -28.822 0.877 0 8 255
-12.675 -28.538 1.252 0 255 250
-13.308 -28.342 0.684 0 59 255
-12.768 -28.594 1.444 0 34 255
-11.738 -28.783 1.520 0 0 255
-11.663 -28.780 1.488 0 8 255
-12.931 -28.604 1.234 0 76 255
-12.658 -28.566 1.332 0 161 255
-12.671 -28.502 1.128 0 161 255
-12.864 -28.527 1.452 0 255 170
-13.333 -28.418 0.851 0 255 136
-13.288 -28.418 0.961 0 0 255
-11.479 -28.852 0.701 0 0 255
-12.919 -28.414 1.158 63 255 0
-13.006 -28.545 1.142 0 255 110
-12.939 -28.695 0.827 0 0 255
-11.627 -28.827 1.527 0 0 255
-12.967 -28.480 1.303 59 255 0
-12.383 -28.617 1.500 0 0 255
-12.252 -28.631 1.483 0 0 255
-12.345 -28.586 1.458 0 8 255
-12.802 -28.709 0.941 0 119 255
-12.618 -28.503 0.963 0 0 255
-13.303 -28.361 0.505 0 51 255
-11.558 -28.818 0.993 0 68 255
-12.894 -28.533 1.147 0 255 38
-13.252 -28.348 1.155 0 0 255
-12.838 -28.528 1.259 0 255 68
-12.578 -28.672 1.152 0 255 144
-12.991 -28.483 1.455 0 0 255
-11.585 -28.831 1.536 0 0 255
-11.624 -28.849 1.488 0 0 255
-13.293 -28.390 1.285 0 136 255
-12.785 -28.614 1.406 0 0 255
-13.272 -28.388 0.558 0 42 255
-12.625 -28.563 1.170 0 8 255
-12.725 -28.531 1.397 0 25 255
-11.476 -28.883 0.754 0 0 255
-12.501 -28.536 1.437 0 0 255
-11.897 -28.735 0.835 0 8 255
-11.503 -28.833 1.046 0 8 255
-13.006 -28.476 1.285 0 0 255
-13.009 -28.723 1.094 0 0 255
-13.148 -28.423 0.835 0 0 255
-12.896 -28.566 1.487 0 255 140
-12.815 -28.606 0.810 0 136 255
-11.780 -28.761 1.480 0 0 255
-12.206 -28.644 1.454 0 0 255
-12.100 -28.648 0.813 0 0 255
-12.922 -28.498 1.189 0 255 80
-12.778 -28.649 0.904 0 255 8
-13.327 -28.352 0.880 0 25 255
-13.019 -28.498 0.835 0 0 255
-12.823 -28.599 1.380 0 255 51
-11.500 -28.858 0.590 0 8 255
-12.825 -28.643 0.968 0 255 102
-12.807 -28.462 0.987 0 255 89
-12.983 -28.681 1.002 0 255 182
-12.510 -28.543 0.790 0 8 255
-12.948 -28.537 0.759 0 255 221
-12.788 -28.622 1.017 0 255 76
-12.801 -28.541 1.001 0 0 255
-12.633 -28.565 1.480 0 0 255
-12.914 -28.554 0.750 0 0 255
-12.859 -28.427 0.922 0 255 97
-12.656 -28.472 1.066 0 255 174
-12.718 -28.504 0.954 0 8 255
-12.949 -28.484 0.879 0 255 114
-12.799 -28.669 0.869 0 255 110
-12.764 -28.641 1.140 0 255 148
-13.014 -28.479 1.349 0 34 255
-12.643 -28.593 1.347 0 255 199
-12.543 -28.680 1.302 0 144 255
-13.242 -28.349 1.386 0 0 255
-12.567 -28.700 1.337 0 0 255
-13.329 -28.413 1.299 0 0 255
-13.258 -28.364 1.333 0 170 255
-11.683 -28.814 1.521 0 42 255
-11.832 -28.721 1.460 0 0 255
-13.069 -28.417 1.156 0 255 80
-13.266 -28.389 0.900 0 42 255
-12.878 -28.545 0.776 0 246 255
-12.585 -28.562 0.948 0 0 255
-12.753 -28.465 1.470 0 0 255
-11.627 -28.802 1.456 0 0 255
-13.230 -28.349 1.286 0 255 221
-12.984 -28.501 1.004 0 255 204
-12.981 -28.427 1.427 0 0 255
-12.757 -28.511 1.234 0 255 195
-12.487 -28.623 1.020 0 0 255
-12.052 -28.671 1.498 0 8 255
-12.257 -28.654 0.853 0 0 255
-12.823 -28.682 0.982 0 255 68
-11.699 -28.801 0.873 0 0 255
-11.419 -28.920 0.531 0 0 255
-12.535 -28.658 1.062 0 255 165
-13.364 -28.326 0.902 0 0 255
-11.464 -28.899 0.996 0 0 255
-11.703 -28.754 1.470 0 0 255
-12.939 -28.505 1.347 0 255 38
-12.901 -28.469 1.087 80 255 0
-11.517 -28.782 1.044 0 17 255
-12.516 -28.570 0.810 0 0 255
-12.711 -28.634 1.160 0 255 148
-12.904 -28.458 0.829 0 17 255
-12.983 -28.672 1.157 0 255 51
-11.605 -28.843 1.515 0 0 255
-12.873 -28.484 1.222 0 255 72
-12.800 -28.762 0.930 0 0 255
-11.448 -28.866 0.877 0 127 255
-13.291 -28.373 1.471 0 0 255
-12.556 -28.525 0.815 0 0 255
-12.651 -28.648 1.322 0 0 255
-13.127 -28.379 1.452 0 8 255
-12.802 -28.643 1.200 0 255 110
-12.781 -28.733 1.052 25 255 0
-12.740 -28.654 0.925 0 25 255
-11.422 -28.829 1.316 0 0 255
-13.338 -28.380 0.971 0 0 255
-12.833 -28.504 1.178 80 255 0
