-18.605 -49.083 0.170 0 255 144
-18.671 -48.860 0.364 0 0 255
-18.856 -48.916 0.294 0 255 157
-19.245 -48.248 0.181 0 255 97
-19.249 -48.235 0.198 0 255 165
-19.539 -48.219 0.405 0 0 255
-19.492 -48.231 0.309 0 51 255
-19.379 -48.372 0.371 0 8 255
-19.458 -48.387 0.408 0 0 255
-19.385 -48.369 0.426 0 0 255
-19.460 -48.346 0.415 0 0 255
-18.968 -48.850 0.201 0 42 255
-18.918 -48.891 0.173 0 229 255
-20.811 -46.605 0.307 0 187 255
-20.814 -46.329 0.399 0 17 255
-19.847 -47.892 0.400 0 8 255
-20.319 -47.257 0.363 0 34 255
-20.404 -47.240 0.456 0 0 255
-20.253 -47.306 0.244 0 59 255
-20.347 -47.238 0.416 0 42 255
-20.361 -47.197 0.334 0 51 255
-20.035 -47.669 0.368 0 0 255
-20.080 -47.592 0.390 0 0 255
-19.842 -47.856 0.380 0 34 255
-20.188 -47.469 0.401 0 0 255
-20.209 -47.365 0.416 0 42 255
-19.645 -48.076 0.407 0 34 255
-19.682 -48.040 0.419 0 0 255
-18.840 -48.109 0.244 0 255 136
-19.032 -48.082 0.347 0 255 123
-18.885 -48.897 0.255 0 255 131
-18.884 -48.898 0.321 0 255 131
-19.085 -48.814 0.295 0 42 255
-20.644 -46.601 0.171 0 255 136
-18.946 -48.847 0.371 0 25 255
-20.621 -46.771 0.423 0 0 255
-19.021 -48.806 0.369 0 25 255
-20.724 -46.493 0.258 0 51 255
-19.026 -48.785 0.356 0 34 255
-19.047 -48.800 0.402 0 17 255
-20.624 -46.725 0.411 0 8 255
-20.573 -46.675 0.184 0 255 136
-20.682 -46.549 0.418 0 17 255
-20.665 -46.533 0.434 0 17 255
-19.061 -48.821 0.419 0 0 255
-20.733 -46.444 0.420 0 25 255
-18.850 -48.948 0.224 0 255 144
-20.475 -47.643 0.577 0 0 255
-20.689 -47.073 0.642 0 8 255
-20.497 -47.533 0.550 0 51 255
-20.399 -47.504 0.613 0 0 255
-18.570 -49.069 0.173 0 255 127
-18.495 -48.986 0.342 0 0 255
-18.576 -48.917 0.415 0 0 255
-18.510 -48.902 0.402 0 8 255
-18.370 -48.948 0.403 0 0 255
-18.450 -48.897 0.411 0 0 255
-18.235 -49.078 0.231 0 255 170
-17.940 -48.736 0.183 0 8 255
-21.268 -45.398 0.433 0 17 255
-20.728 -45.613 0.218 0 8 255
-21.268 -45.433 0.421 0 59 255
-20.827 -45.580 0.206 0 255 93
-20.827 -45.457 0.207 0 255 42
-20.722 -45.616 0.165 0 8 255
-21.250 -45.451 0.244 0 85 255
-20.883 -45.530 0.193 0 255 136
-21.239 -45.446 0.240 0 59 255
-25.279 -39.173 0.245 0 51 255
-26.306 -38.685 0.398 0 0 255
-26.492 -38.752 0.343 0 0 255
-22.504 -43.053 0.429 0 76 255
-22.808 -42.682 0.209 0 8 255
-25.710 -38.960 0.245 0 110 255
-27.371 -38.419 0.369 0 170 255
-22.638 -43.004 0.251 0 0 255
-24.817 -39.675 0.182 0 255 157
-24.149 -40.618 0.467 0 0 255
-25.358 -39.169 0.359 0 8 255
-24.271 -40.508 0.312 0 42 255
-27.086 -38.496 0.388 0 8 255
-24.959 -39.512 0.196 0 255 165
-21.676 -44.708 0.385 0 0 255
-26.192 -38.865 0.179 0 255 161
-26.851 -38.561 0.172 0 255 161
-22.350 -43.330 0.404 0 0 255
-25.174 -39.269 0.445 0 25 255
-25.029 -39.520 0.203 0 255 153
-25.630 -39.183 0.222 0 255 170
-26.768 -38.562 0.174 0 255 153
-27.426 -38.403 0.363 0 0 255
-24.272 -40.487 0.310 0 8 255
-24.207 -40.434 0.499 0 0 255
-25.038 -39.522 0.432 0 34 255
-26.418 -38.707 0.339 0 8 255
-25.729 -39.041 0.379 0 8 255
-23.626 -41.357 0.355 0 51 255
-24.856 -39.822 0.355 0 0 255
-21.421 -45.068 0.234 0 68 255
-25.180 -39.285 0.454 0 8 255
-23.186 -42.007 0.440 0 85 255
-24.174 -40.557 0.448 0 8 255
-25.405 -39.226 0.358 0 8 255
-26.083 -38.837 0.188 0 102 255
-26.609 -38.650 0.462 0 0 255
-27.397 -38.412 0.386 0 34 255
-25.733 -39.087 0.206 0 42 255
-24.878 -39.663 0.453 0 42 255
-25.324 -39.277 0.195 0 255 208
-25.829 -38.982 0.212 0 255 165
-24.592 -40.069 0.290 0 68 255
-25.213 -39.528 0.252 0 255 140
-21.407 -45.111 0.229 0 51 255
-25.324 -39.134 0.474 0 34 255
-25.385 -39.197 0.347 0 68 255
-21.815 -44.320 0.427 0 8 255
-25.292 -39.279 0.178 0 255 178
-22.161 -43.676 0.360 0 25 255
-23.438 -41.631 0.471 0 0 255
-26.383 -38.562 0.187 0 255 153
-23.670 -41.331 0.354 0 93 255
-26.060 -38.794 0.336 0 0 255
-26.090 -38.837 0.477 0 0 255
-25.290 -39.292 0.187 0 255 174
-25.924 -38.871 0.446 0 68 255
-22.984 -42.340 0.297 0 8 255
-22.945 -42.424 0.441 0 0 255
-27.180 -38.509 0.375 0 0 255
-24.797 -39.827 0.339 0 51 255
-25.324 -39.221 0.474 0 0 255
-26.521 -38.645 0.349 0 0 255
-25.716 -38.991 0.261 0 42 255
-25.636 -39.073 0.415 0 0 255
-25.323 -39.149 0.353 0 17 255
-25.033 -39.488 0.459 0 8 255
-26.731 -38.607 0.236 0 0 255
-27.314 -38.466 0.329 0 0 255
-26.100 -38.836 0.457 0 0 255
-23.437 -41.635 0.356 0 0 255
-25.142 -39.341 0.429 0 0 255
-22.573 -42.980 0.198 0 85 255
-26.820 -38.621 0.223 0 0 255
-21.846 -44.181 0.408 0 0 255
-25.420 -39.234 0.267 0 255 153
-27.398 -38.451 0.234 0 17 255
-26.415 -38.622 0.332 0 25 255
-24.572 -40.066 0.412 0 8 255
-24.936 -39.660 0.426 0 8 255
-23.544 -41.518 0.465 0 0 255
-26.414 -38.670 0.504 0 25 255
-21.674 -44.557 0.415 0 8 255
-21.944 -44.050 0.268 0 68 255
-25.332 -39.277 0.255 0 255 153
-25.825 -39.050 0.288 0 8 255
-23.797 -41.076 0.211 0 127 255
-23.464 -41.580 0.458 0 0 255
-26.116 -38.769 0.438 0 8 255
-24.575 -40.136 0.362 0 8 255
-27.375 -38.422 0.463 0 25 255
-22.069 -43.757 0.238 0 8 255
-21.497 -44.861 0.187 0 255 119
-26.795 -38.707 0.274 0 17 255
-24.998 -39.490 0.251 0 255 182
-24.930 -39.652 0.438 0 25 255
-21.886 -44.203 0.447 0 0 255
-25.252 -39.181 0.416 0 25 255
-25.563 -39.070 0.494 0 8 255
-25.096 -39.407 0.468 0 8 255
-26.783 -38.600 0.356 0 17 255
-25.360 -39.281 0.240 0 255 123
-27.309 -38.451 0.500 0 0 255
-23.173 -41.994 0.350 0 76 255
-23.731 -41.201 0.459 0 0 255
-31.918 -42.642 0.193 0 8 255
-25.310 -39.293 0.187 0 255 170
-31.962 -42.551 0.221 0 0 255
-31.744 -42.328 0.186 0 0 255
-31.770 -42.353 0.186 0 8 255
-31.486 -41.893 0.240 0 0 255
-31.593 -42.031 0.192 0 17 255
-31.354 -41.685 0.220 0 0 255
-31.369 -41.673 0.219 0 17 255
-31.347 -41.665 0.227 0 17 255
-31.291 -41.640 0.199 0 255 182
-31.399 -41.688 0.182 0 17 255
-25.250 -39.265 0.487 0 0 255
-26.367 -38.760 0.187 0 255 106
-27.308 -38.414 0.198 0 255 174
-31.081 -41.342 0.209 0 255 225
-31.170 -41.238 0.228 0 34 255
-31.122 -41.247 0.213 0 0 255
-31.080 -41.244 0.240 0 93 255
-31.246 -41.448 0.199 0 93 255
-31.159 -41.272 0.311 0 0 255
-31.046 -41.209 0.293 0 34 255
-31.079 -41.258 0.318 0 0 255
-30.862 -41.055 0.263 0 255 204
-31.005 -41.022 0.331 0 0 255
-30.939 -40.991 0.315 0 8 255
-31.190 -41.344 0.320 0 8 255
-30.879 -40.898 0.248 0 102 255
-30.771 -40.682 0.323 0 8 255
-30.951 -40.879 0.229 0 51 255
-30.892 -40.834 0.230 0 0 255
-30.960 -40.871 0.381 0 42 255
-30.502 -40.448 0.177 0 255 153
-30.626 -40.596 0.196 0 0 255
-25.345 -39.108 0.172 0 170 255
-30.693 -40.651 0.278 0 0 255
-30.653 -40.641 0.240 0 0 255
-30.739 -40.697 0.370 0 8 255
-30.675 -40.587 0.262 0 0 255
-30.730 -40.656 0.341 0 34 255
-30.706 -40.612 0.359 0 0 255
-30.674 -40.664 0.342 0 8 255
-30.585 -40.614 0.236 0 255 204
-30.507 -40.477 0.223 0 51 255
-21.749 -44.526 0.392 0 0 255
-24.786 -39.796 0.255 0 34 255
-23.812 -41.008 0.181 0 255 153
-30.358 -40.166 0.229 0 0 255
-30.272 -40.133 0.252 0 255 123
-30.326 -40.214 0.227 0 255 170
-30.286 -40.250 0.229 0 144 255
-30.217 -40.134 0.208 0 255 140
-30.264 -40.242 0.199 0 255 131
-30.344 -40.262 0.233 0 212 255
-30.238 -39.979 0.301 0 8 255
-30.388 -40.095 0.187 0 255 153
-30.236 -39.989 0.288 0 102 255
-30.452 -40.334 0.318 0 59 255
-30.199 -39.986 0.292 0 0 255
-30.481 -40.241 0.356 0 8 255
-30.467 -40.330 0.377 0 0 255
-30.323 -40.099 0.408 0 0 255
-30.484 -40.344 0.378 0 8 255
-25.302 -39.188 0.350 0 17 255
-30.260 -40.284 0.261 0 255 212
-30.373 -40.218 0.359 0 25 255
-30.423 -40.174 0.389 0 8 255
-30.344 -40.158 0.400 0 8 255
-30.157 -39.924 0.177 0 255 161
-30.112 -39.964 0.201 0 255 148
-30.168 -40.025 0.251 0 255 212
-30.091 -39.853 0.199 0 255 127
-29.926 -39.668 0.233 0 255 170
-29.781 -39.577 0.258 0 255 127
-29.766 -39.580 0.270 0 8 255
-29.858 -39.742 0.275 0 255 123
-29.671 -39.390 0.186 0 255 208
-29.691 -39.414 0.197 0 255 178
-29.753 -39.564 0.257 0 255 233
-29.765 -39.555 0.251 0 153 255
-30.133 -39.973 0.215 0 255 136
-29.754 -39.348 0.212 0 255 161
-29.761 -39.311 0.200 0 8 255
-30.139 -39.953 0.275 0 255 178
-29.893 -39.694 0.228 0 255 182
-29.897 -39.707 0.270 0 195 255
-29.902 -39.689 0.287 0 255 148
-29.773 -39.492 0.179 0 255 161
-29.716 -39.466 0.179 0 102 255
-29.722 -39.446 0.183 0 136 255
-29.749 -39.478 0.213 0 170 255
-29.815 -39.690 0.261 0 229 255
-29.766 -39.486 0.278 0 0 255
-29.854 -39.445 0.206 0 0 255
-29.826 -39.466 0.211 0 161 255
-29.895 -39.706 0.201 0 255 157
-29.837 -39.336 0.187 0 255 153
-29.993 -39.711 0.399 0 8 255
-29.993 -39.723 0.448 0 34 255
-30.028 -39.741 0.461 0 17 255
-26.073 -38.838 0.433 0 17 255
-29.990 -39.683 0.379 0 85 255
-29.999 -39.575 0.406 0 17 255
-30.138 -39.961 0.366 0 8 255
-30.196 -39.937 0.356 0 0 255
-29.937 -39.577 0.426 0 0 255
-30.004 -39.686 0.480 0 0 255
-25.632 -38.975 0.430 0 8 255
-29.849 -39.543 0.396 0 0 255
-29.843 -39.529 0.424 0 0 255
-29.795 -39.472 0.447 0 0 255
-29.742 -39.399 0.376 0 59 255
-29.759 -39.366 0.418 0 8 255
-29.652 -39.396 0.390 0 17 255
-29.646 -39.324 0.393 0 0 255
-29.650 -39.336 0.422 0 17 255
-24.739 -39.926 0.465 0 0 255
-29.979 -39.770 0.192 0 255 170
-26.482 -38.747 0.174 0 246 255
-29.987 -39.760 0.217 0 178 255
-29.927 -39.722 0.225 0 255 242
-29.974 -39.721 0.268 0 255 148
-29.943 -39.728 0.274 0 246 255
-29.995 -39.733 0.324 0 127 255
-23.758 -41.129 0.431 0 0 255
-29.529 -39.300 0.192 0 25 255
-29.616 -39.328 0.404 0 0 255
-26.070 -38.815 0.449 0 0 255
-25.965 -38.950 0.180 0 255 136
-22.418 -43.237 0.438 0 59 255
-22.600 -42.935 0.442 0 51 255
-25.047 -39.455 0.250 0 8 255
-24.490 -40.158 0.448 0 0 255
-21.841 -44.237 0.436 0 0 255
-27.388 -38.507 0.212 0 255 68
-21.716 -44.581 0.436 0 0 255
-26.276 -38.924 0.232 0 255 182
-25.274 -39.209 0.463 0 0 255
-26.507 -38.612 0.208 0 255 106
-25.435 -39.239 0.265 0 255 225
-28.903 -38.712 0.500 0 8 255
-28.548 -38.614 0.389 0 0 255
-28.997 -38.751 0.250 0 255 119
-28.788 -38.649 0.414 0 8 255
-28.739 -38.629 0.433 0 59 255
-29.448 -39.196 0.243 0 0 255
-29.462 -39.234 0.332 0 17 255
-29.436 -39.167 0.315 0 25 255
-29.469 -39.151 0.316 0 76 255
-23.964 -40.792 0.230 0 255 140
-28.696 -38.883 0.288 0 255 63
-28.676 -38.879 0.294 0 0 255
-28.779 -38.803 0.289 0 153 255
-29.089 -38.815 0.407 0 8 255
-29.171 -38.943 0.237 0 8 255
-29.075 -38.805 0.395 0 0 255
-28.992 -38.761 0.390 0 0 255
-28.972 -38.802 0.440 0 0 255
-29.095 -38.770 0.193 0 93 255
-29.018 -38.749 0.447 0 0 255
-29.049 -38.831 0.456 0 0 255
-29.232 -38.925 0.381 0 0 255
-29.170 -38.967 0.255 0 68 255
-29.185 -38.915 0.320 0 85 255
-29.164 -38.928 0.319 0 93 255
-29.214 -38.921 0.354 0 25 255
-29.027 -38.705 0.178 0 255 157
-29.510 -39.187 0.442 0 0 255
-28.481 -38.614 0.185 0 68 255
-28.470 -38.708 0.372 0 0 255
-28.314 -38.611 0.219 0 255 165
-28.401 -38.603 0.229 0 255 174
-29.439 -39.129 0.441 0 0 255
-28.340 -38.572 0.241 0 255 140
-28.385 -38.561 0.252 0 255 174
-28.504 -38.627 0.369 0 85 255
-28.334 -38.567 0.279 0 0 255
-29.435 -39.130 0.401 0 0 255
-29.429 -39.104 0.432 0 8 255
-28.290 -38.567 0.194 0 255 110
-28.381 -38.589 0.365 0 8 255
-28.952 -38.736 0.196 0 255 233
-28.435 -38.607 0.378 0 0 255
-28.287 -38.514 0.318 0 255 161
-28.294 -38.502 0.267 0 255 157
-28.103 -38.618 0.272 0 255 25
-28.071 -38.617 0.296 0 255 140
-28.164 -38.599 0.254 0 255 148
-28.903 -38.657 0.213 0 59 255
-28.306 -38.511 0.219 0 255 157
-28.868 -38.663 0.239 0 59 255
-29.334 -39.034 0.413 0 0 255
-29.362 -39.054 0.443 0 0 255
-29.031 -38.717 0.291 0 17 255
-28.457 -38.615 0.391 0 0 255
-28.499 -38.710 0.292 0 255 127
-28.218 -38.459 0.213 0 0 255
-28.447 -38.679 0.287 0 255 148
-28.377 -38.675 0.325 0 255 136
-28.053 -38.535 0.257 0 255 136
-29.313 -39.016 0.436 0 0 255
-28.520 -38.646 0.315 0 51 255
-28.053 -38.540 0.306 0 255 153
-29.286 -38.977 0.445 0 0 255
-28.435 -38.589 0.436 0 68 255
-28.099 -38.465 0.303 0 0 255
-28.479 -38.645 0.407 0 34 255
-28.359 -38.625 0.319 0 0 255
-28.522 -38.594 0.305 0 34 255
-28.340 -38.578 0.408 0 8 255
-28.290 -38.587 0.457 0 0 255
-28.274 -38.544 0.462 0 25 255
-28.445 -38.576 0.253 0 255 153
-28.417 -38.555 0.279 0 255 182
-21.504 -45.040 0.178 0 255 140
-28.096 -38.543 0.445 0 25 255
-28.174 -38.551 0.414 0 8 255
-29.199 -38.943 0.396 0 0 255
-28.132 -38.537 0.422 0 68 255
-28.054 -38.521 0.436 0 59 255
-28.151 -38.538 0.446 0 25 255
-27.991 -38.527 0.450 0 0 255
-29.192 -38.923 0.452 0 17 255
-29.131 -38.922 0.444 0 0 255
-28.173 -38.515 0.410 0 25 255
-28.135 -38.519 0.404 0 8 255
-27.851 -38.534 0.239 0 238 255
-28.056 -38.561 0.241 0 255 174
-27.849 -38.489 0.322 0 59 255
-27.866 -38.514 0.361 0 0 255
-28.825 -38.729 0.323 0 51 255
-27.973 -38.525 0.226 0 255 157
-27.836 -38.476 0.342 0 17 255
-27.790 -38.490 0.328 0 25 255
-27.837 -38.494 0.384 0 25 255
-27.802 -38.494 0.363 0 8 255
-26.825 -38.563 0.423 0 0 255
-27.832 -38.497 0.291 0 42 255
-27.661 -38.523 0.202 0 255 165
-27.566 -38.517 0.230 0 255 178
-27.433 -38.482 0.202 0 255 148
-28.865 -38.635 0.332 0 59 255
-27.440 -38.508 0.282 0 255 165
-27.448 -38.513 0.306 0 25 255
-27.673 -38.491 0.259 0 51 255
-27.758 -38.452 0.221 0 255 170
-27.770 -38.454 0.266 0 25 255
-27.863 -38.552 0.395 0 0 255
-27.835 -38.533 0.240 0 255 106
-27.768 -38.493 0.210 0 255 127
-27.793 -38.470 0.455 0 25 255
-27.790 -38.534 0.397 0 25 255
-27.528 -38.547 0.225 0 255 97
-27.858 -38.483 0.444 0 42 255
-27.749 -38.455 0.447 0 102 255
-27.474 -38.557 0.232 0 255 136
-27.760 -38.459 0.471 0 0 255
-27.710 -38.496 0.410 0 127 255
-27.677 -38.454 0.432 0 51 255
-27.708 -38.479 0.423 0 0 255
-27.525 -38.445 0.194 0 76 255
-27.599 -38.437 0.433 0 51 255
-27.893 -38.594 0.296 0 255 229
-27.911 -38.507 0.300 0 8 255
-27.451 -38.417 0.387 0 8 255
-27.495 -38.364 0.445 0 0 255
-27.463 -38.431 0.288 0 8 255
-27.458 -38.436 0.348 0 8 255
-27.449 -38.406 0.376 0 17 255
-27.474 -38.367 0.470 0 17 255
-28.557 -38.732 0.266 0 255 127
-28.568 -38.611 0.339 0 25 255
-28.822 -38.706 0.441 0 17 255
-28.873 -38.653 0.428 0 59 255
-28.864 -38.645 0.433 0 51 255
-26.884 -38.530 0.216 0 25 255
-21.477 -44.950 0.468 0 8 255
-25.266 -39.208 0.474 0 0 255
-21.964 -44.029 0.452 0 0 255
-24.214 -40.478 0.443 0 8 255
-24.600 -40.099 0.487 0 0 255
-24.967 -39.539 0.429 0 0 255
-25.939 -38.869 0.457 0 25 255
-21.719 -44.534 0.430 0 17 255
-24.785 -39.787 0.447 0 17 255
-26.091 -38.901 0.215 0 17 255
-25.186 -39.557 0.262 0 255 204
-23.238 -41.900 0.424 0 42 255
-25.039 -39.466 0.408 0 42 255
-25.093 -39.479 0.270 0 51 255
-25.046 -39.541 0.233 0 255 148
-21.780 -44.466 0.401 0 0 255
-24.362 -40.306 0.470 0 51 255
-27.119 -38.515 0.414 0 8 255
-25.068 -39.497 0.289 0 59 255
-27.194 -38.513 0.342 0 204 255
-27.124 -38.560 0.344 0 0 255
-26.105 -38.908 0.245 0 8 255
-21.572 -44.824 0.415 0 8 255
-25.415 -39.117 0.417 0 8 255
-25.631 -39.067 0.190 0 255 123
-24.600 -40.057 0.332 0 0 255
-26.138 -39.047 0.250 0 255 51
-26.480 -38.747 0.246 0 255 157
-25.329 -39.122 0.191 0 255 195
-26.740 -38.603 0.190 0 136 255
-25.371 -39.108 0.184 0 255 131
-26.784 -38.586 0.286 0 42 255
-26.731 -38.684 0.192 0 255 144
-23.872 -40.888 0.191 0 85 255
-25.725 -39.019 0.218 0 25 255
-21.389 -45.094 0.253 0 153 255
-24.949 -39.638 0.475 0 0 255
-27.341 -38.428 0.445 0 51 255
-24.833 -39.816 0.394 0 0 255
-21.412 -45.133 0.165 0 255 161
-22.015 -43.991 0.435 0 0 255
-26.465 -38.683 0.183 0 51 255
-27.210 -38.459 0.430 0 25 255
-25.622 -39.051 0.201 0 255 148
-21.418 -45.221 0.431 0 8 255
-21.747 -44.464 0.423 0 8 255
-25.778 -38.926 0.465 0 0 255
-26.194 -38.937 0.274 0 34 255
-26.930 -38.572 0.469 0 0 255
-26.281 -38.667 0.175 0 127 255
-26.001 -38.923 0.216 0 255 161
-22.663 -42.836 0.425 0 85 255
-26.503 -38.634 0.457 0 25 255
-22.429 -43.245 0.340 0 8 255
-21.395 -45.227 0.239 0 255 140
-26.051 -38.830 0.277 0 17 255
-27.095 -38.547 0.399 0 0 255
-21.954 -44.040 0.437 0 0 255
-25.672 -38.952 0.202 0 255 174
-23.980 -40.818 0.261 0 93 255
-23.116 -42.088 0.451 0 17 255
-27.235 -38.399 0.209 0 255 212
-21.644 -44.696 0.458 0 0 255
-23.224 -41.932 0.297 0 51 255
-21.617 -44.718 0.311 0 34 255
-27.199 -38.645 0.258 0 153 255
-24.938 -39.496 0.185 0 255 187
-26.073 -38.823 0.433 0 42 255
-24.808 -39.802 0.275 0 0 255
-23.223 -41.959 0.313 0 51 255
-25.213 -39.395 0.232 0 127 255
-26.074 -38.830 0.175 0 93 255
-26.142 -38.928 0.249 0 255 191
-27.150 -38.510 0.412 0 0 255
-24.423 -40.255 0.477 0 0 255
-23.593 -41.416 0.452 0 0 255
-24.739 -39.883 0.435 0 42 255
-25.299 -39.216 0.274 0 102 255
-25.330 -39.129 0.311 0 8 255
-27.072 -38.500 0.223 0 59 255
-26.816 -38.633 0.225 0 51 255
-21.507 -44.935 0.424 0 17 255
-22.345 -43.370 0.434 0 17 255
-25.259 -39.242 0.195 0 255 174
-26.505 -38.646 0.175 0 255 229
-25.334 -39.262 0.245 0 255 208
-26.428 -38.764 0.227 0 255 102
-23.459 -41.602 0.446 0 17 255
-25.454 -39.195 0.232 0 255 25
-27.100 -38.484 0.453 0 25 255
-23.235 -41.977 0.360 0 0 255
-26.491 -38.706 0.177 0 34 255
-27.245 -38.420 0.230 0 8 255
-26.379 -38.736 0.229 0 255 238
-23.022 -42.327 0.390 0 0 255
-24.107 -40.691 0.489 0 68 255
-26.746 -38.626 0.358 0 0 255
-26.407 -38.719 0.273 0 0 255
-25.993 -38.848 0.456 0 17 255
-22.332 -43.323 0.383 0 0 255
-24.967 -39.714 0.245 0 221 255
-25.195 -39.233 0.432 0 0 255
-26.201 -39.043 0.258 0 17 255
-27.102 -38.611 0.204 0 17 255
-23.835 -40.952 0.200 0 255 178
-26.105 -38.813 0.179 0 255 174
-27.240 -38.573 0.303 0 85 255
-26.741 -38.541 0.367 0 0 255
-26.387 -38.608 0.200 0 255 178
-21.766 -44.456 0.410 0 0 255
-25.259 -39.221 0.250 0 0 255
-26.157 -38.945 0.227 0 17 255
-22.814 -41.962 0.239 0 0 255
-26.464 -38.616 0.300 0 25 255
-27.087 -38.620 0.247 0 51 255
-21.486 -44.980 0.451 0 34 255
-24.370 -40.360 0.424 0 17 255
-27.352 -38.429 0.451 0 34 255
-25.737 -39.213 0.255 0 127 255
-22.126 -42.956 0.182 0 8 255
-27.399 -38.419 0.262 0 25 255
-25.371 -39.177 0.344 0 42 255
-26.463 -38.649 0.263 0 42 255
-25.814 -38.956 0.189 0 255 140
-24.575 -40.074 0.355 0 0 255
-24.764 -39.803 0.392 0 0 255
-23.609 -41.371 0.445 0 34 255
-23.961 -40.785 0.234 0 255 140
-26.189 -38.896 0.179 0 255 144
-24.112 -40.602 0.419 0 0 255
-21.665 -44.585 0.444 0 8 255
-26.844 -38.552 0.192 0 255 93
-26.600 -38.612 0.453 0 0 255
-25.020 -39.503 0.458 0 8 255
-22.006 -43.883 0.449 0 0 255
-25.335 -39.183 0.272 0 8 255
-21.808 -44.334 0.264 0 68 255
-25.342 -39.299 0.305 0 34 255
-21.757 -44.398 0.224 0 110 255
-25.680 -38.950 0.360 0 85 255
-26.808 -38.580 0.437 0 0 255
-24.607 -40.077 0.268 0 17 255
-26.754 -38.573 0.451 0 17 255
-25.412 -39.278 0.224 0 255 199
-26.176 -38.803 0.234 0 0 255
-25.205 -39.273 0.468 0 0 255
-26.807 -38.611 0.405 0 0 255
-25.353 -39.241 0.211 0 255 136
-22.699 -42.757 0.473 0 0 255
-24.266 -40.469 0.251 0 221 255
-24.031 -40.680 0.341 0 25 255
-27.416 -38.643 0.304 0 25 255
-24.804 -39.766 0.268 0 34 255
-26.431 -38.659 0.418 0 8 255
-26.562 -38.602 0.415 0 0 255
-27.367 -38.464 0.499 0 8 255
-26.409 -38.718 0.467 0 25 255
-22.373 -43.288 0.363 0 34 255
-22.114 -43.672 0.380 0 17 255
-22.765 -42.667 0.449 0 25 255
-23.591 -41.364 0.471 0 0 255
-23.218 -41.978 0.392 0 51 255
-21.782 -44.518 0.399 0 0 255
-22.744 -42.704 0.226 0 102 255
-25.299 -39.195 0.278 0 51 255
-22.333 -43.329 0.216 0 68 255
-23.294 -41.805 0.419 0 0 255
-25.810 -38.921 0.449 0 17 255
-27.430 -38.414 0.520 0 0 255
-23.261 -41.884 0.433 0 0 255
-26.113 -38.935 0.247 0 255 153
-21.989 -44.082 0.338 0 0 255
-26.408 -38.661 0.440 0 8 255
-25.076 -39.467 0.377 0 68 255
-25.255 -39.303 0.182 0 255 182
-26.808 -38.575 0.299 0 51 255
-26.467 -38.690 0.344 0 8 255
-25.296 -39.153 0.508 0 17 255
-27.383 -38.429 0.228 0 25 255
-24.580 -40.081 0.322 0 59 255
-26.448 -38.648 0.483 0 17 255
-23.449 -41.626 0.383 0 17 255
-25.635 -39.167 0.228 0 255 161
-27.294 -38.522 0.414 0 0 255
-25.160 -39.411 0.178 0 255 153
-26.487 -38.649 0.503 0 0 255
-21.757 -44.388 0.192 0 255 148
-21.370 -45.179 0.236 0 255 153
-23.414 -41.672 0.344 0 68 255
-25.730 -38.955 0.476 0 8 255
-25.646 -39.128 0.260 0 51 255
-26.439 -38.745 0.214 0 255 165
-26.657 -38.638 0.461 0 0 255
-24.907 -39.662 0.196 0 8 255
-25.213 -39.257 0.451 0 42 255
-23.567 -41.442 0.448 0 0 255
-23.743 -41.147 0.440 0 17 255
-26.464 -38.672 0.330 0 25 255
-21.794 -44.330 0.426 0 0 255
-26.419 -38.751 0.243 0 255 89
-22.148 -43.655 0.409 0 42 255
-25.316 -39.236 0.258 0 127 255
-22.709 -42.715 0.450 0 25 255
-26.740 -38.562 0.190 0 170 255
-24.825 -39.763 0.309 0 0 255
-26.446 -38.650 0.388 0 8 255
-26.187 -38.993 0.258 0 102 255
-21.492 -45.090 0.203 0 8 255
-25.200 -39.302 0.483 0 0 255
-25.034 -39.559 0.203 0 59 255
-26.018 -38.821 0.172 0 255 233
-25.670 -38.970 0.202 0 246 255
-27.349 -38.424 0.329 0 85 255
-26.984 -38.541 0.409 0 0 255
-26.688 -38.682 0.233 0 110 255
-24.851 -39.696 0.244 0 255 161
-25.317 -39.159 0.455 0 8 255
-27.045 -38.513 0.217 0 59 255
-24.501 -40.172 0.479 0 0 255
-26.626 -38.610 0.174 0 255 131
-25.007 -39.641 0.413 0 0 255
-24.838 -39.770 0.268 0 34 255
-23.351 -41.762 0.424 0 0 255
-25.403 -39.149 0.201 0 255 208
-26.439 -38.658 0.339 0 25 255
-22.186 -43.559 0.446 0 0 255
-27.169 -38.621 0.248 0 246 255
-22.612 -42.895 0.428 0 68 255
-25.406 -39.080 0.215 0 255 157
-26.933 -38.544 0.472 0 0 255
-25.793 -38.925 0.463 0 25 255
-21.942 -44.022 0.349 0 68 255
-27.392 -38.485 0.358 0 0 255
-22.003 -43.944 0.420 0 0 255
-21.569 -44.878 0.441 0 0 255
-23.441 -41.608 0.399 0 59 255
-26.544 -38.847 0.224 0 255 182
-23.040 -42.249 0.452 0 34 255
-26.272 -38.712 0.435 0 8 255
-24.508 -40.132 0.461 0 8 255
-26.250 -38.907 0.259 0 255 144
-25.019 -39.489 0.438 0 0 255
-23.626 -41.328 0.221 0 25 255
-24.332 -40.280 0.464 0 76 255
-25.331 -39.109 0.182 0 110 255
-25.817 -38.989 0.207 0 255 153
-26.080 -38.869 0.196 0 229 255
-22.322 -43.354 0.416 0 34 255
-21.946 -44.052 0.416 0 8 255
-21.422 -45.109 0.171 0 255 153
-25.018 -39.459 0.194 0 255 157
-25.361 -39.108 0.379 0 0 255
-26.870 -38.601 0.204 0 17 255
-22.091 -43.770 0.427 0 8 255
-24.576 -40.123 0.325 0 25 255
-25.922 -38.880 0.225 0 255 148
-26.814 -38.737 0.290 0 25 255
-25.332 -39.111 0.534 0 0 255
-25.018 -39.532 0.463 0 0 255
-24.040 -40.715 0.501 0 25 255
-25.304 -39.123 0.192 0 255 225
-22.401 -43.245 0.406 0 76 255
-26.229 -38.964 0.215 0 136 255
-25.977 -39.006 0.227 0 153 255
-26.076 -38.861 0.259 0 8 255
-26.417 -38.659 0.394 0 25 255
-22.292 -43.404 0.424 0 102 255
-26.682 -38.713 0.244 0 255 144
-25.899 -38.884 0.470 0 25 255
-25.038 -39.528 0.325 0 17 255
-26.560 -38.716 0.247 0 255 8
-25.378 -39.123 0.371 0 8 255
-26.645 -38.677 0.176 0 255 157
-22.129 -43.673 0.266 0 59 255
-23.839 -41.012 0.441 0 68 255
-25.685 -39.022 0.415 0 178 255
-26.713 -38.631 0.462 0 0 255
-24.541 -40.076 0.418 0 17 255
-23.197 -42.012 0.355 0 17 255
-25.234 -39.216 0.425 0 8 255
