-28.704 -19.714 2.846 0 0 255
-28.693 -19.684 2.564 0 0 255
-29.039 -19.989 2.773 0 170 255
-27.983 -19.843 2.804 0 255 238
-28.691 -19.776 2.812 0 255 140
-28.553 -19.842 2.651 0 0 255
-28.685 -19.726 2.754 0 0 255
-28.101 -19.715 3.234 0 0 255
-28.914 -20.135 2.852 0 25 255
-28.539 -19.799 2.351 0 0 255
-29.154 -20.224 2.943 0 8 255
-28.025 -19.820 3.062 0 0 255
-28.119 -19.567 3.068 0 0 255
-28.599 -19.740 2.422 0 25 255
-28.630 -19.900 3.167 0 0 255
-28.515 -19.942 0.668 0 0 255
-28.410 -19.955 0.902 0 0 255
-28.444 -19.959 1.223 0 0 255
-28.506 -19.922 0.257 0 0 255
-29.187 -20.089 2.773 0 255 153
-29.314 -20.105 2.934 0 8 255
-29.063 -19.944 2.915 0 8 255
-28.571 -19.858 2.695 0 0 255
-29.075 -19.987 3.053 0 8 255
-28.517 -19.859 0.794 0 0 255
-28.687 -19.673 2.660 0 255 127
-27.948 -19.764 2.915 0 0 255
-29.195 -20.028 3.267 0 8 255
-28.169 -19.615 3.010 0 0 255
-28.874 -19.994 3.202 0 0 255
-28.209 -19.563 2.863 0 255 127
-28.536 -19.882 1.337 0 0 255
-28.752 -19.967 3.227 0 0 255
-28.087 -19.753 3.158 0 0 255
-29.097 -20.089 3.016 0 0 255
-28.582 -19.920 1.734 0 0 255
-28.531 -19.926 1.604 0 8 255
-28.481 -19.848 0.912 0 0 255
-28.531 -19.940 2.245 0 8 255
-28.135 -19.698 3.241 0 8 255
-28.436 -19.932 1.274 0 0 255
-28.468 -19.989 1.214 0 0 255
-29.190 -20.095 3.079 0 25 255
-28.532 -19.966 2.208 0 0 255
-28.535 -19.830 1.576 0 0 255
-28.966 -19.911 2.834 0 255 127
-28.556 -19.908 1.653 0 17 255
-28.955 -19.955 2.826 0 255 157
-28.675 -19.781 2.564 0 255 114
-28.559 -19.851 2.582 0 17 255
-28.198 -19.766 2.855 0 255 153
-28.555 -19.912 1.593 0 0 255
-28.569 -19.854 2.795 0 0 255
-28.470 -19.897 0.973 0 0 255
-28.390 -19.910 0.253 0 25 255
-28.423 -19.973 1.448 0 0 255
-29.206 -20.085 2.799 0 255 153
-28.137 -19.614 2.797 0 187 255
-29.145 -20.075 3.208 0 0 255
-27.945 -19.785 2.984 0 17 255
-29.049 -20.017 3.245 0 8 255
-28.539 -19.954 1.453 0 17 255
-28.544 -19.946 1.829 0 8 255
-28.574 -19.891 2.111 0 0 255
-28.000 -19.793 2.953 0 0 255
-28.358 -19.958 0.550 0 0 255
-28.499 -19.939 1.429 0 0 255
-28.569 -19.920 1.806 0 0 255
-28.998 -20.208 2.834 0 0 255
-28.345 -19.948 0.705 0 0 255
-28.562 -19.865 2.052 0 0 255
-28.434 -19.978 0.624 0 0 255
-29.165 -20.191 2.869 0 195 255
-29.006 -19.997 2.833 0 255 165
-28.142 -19.870 2.883 0 255 221
-28.129 -19.692 2.812 0 255 242
-28.719 -19.857 2.797 0 0 255
-28.032 -19.771 3.242 0 0 255
-29.121 -20.161 2.786 0 255 187
-28.576 -19.847 3.050 0 0 255
-28.506 -19.982 0.465 0 0 255
-28.477 -19.990 0.554 0 0 255
-29.228 -19.954 2.880 0 212 255
-28.146 -19.757 2.796 0 255 165
-28.632 -19.894 2.623 0 0 255
-28.388 -19.942 0.360 0 8 255
-28.613 -19.885 3.259 0 0 255
-29.370 -19.984 2.853 0 255 212
-28.627 -19.801 2.769 0 255 148
-29.175 -20.164 3.004 0 8 255
-29.082 -20.159 2.858 0 178 255
-28.481 -19.988 1.307 0 0 255
-29.240 -20.019 2.782 0 255 144
-28.501 -20.004 0.405 0 0 255
-28.165 -19.612 2.845 0 0 255
-28.510 -19.891 1.803 0 8 255
-28.556 -19.866 0.960 0 0 255
-29.051 -20.085 3.004 0 0 255
-28.002 -19.708 2.858 0 93 255
-28.896 -20.178 2.889 0 0 255
-28.591 -19.852 1.971 0 0 255
-29.214 -20.068 2.734 0 8 255
-28.592 -19.889 3.189 0 0 255
-28.472 -19.899 0.181 0 0 255
-28.171 -19.571 2.858 0 161 255
-28.083 -19.763 3.016 0 0 255
-28.551 -19.853 1.242 0 0 255
-29.133 -19.862 2.857 0 255 144
-29.253 -20.131 2.856 0 255 106
-29.301 -20.027 2.863 0 255 165
-29.176 -20.043 2.759 0 229 255
-27.896 -19.656 2.795 0 0 255
-28.556 -19.768 2.661 0 195 255
-28.416 -19.882 0.710 0 8 255
-28.524 -19.906 1.452 0 25 255
-28.918 -19.958 3.253 0 0 255
-28.428 -20.012 0.338 0 0 255
-29.247 -19.885 2.890 0 255 140
-28.608 -19.946 2.872 0 0 255
-28.095 -19.850 2.984 0 0 255
-28.542 -19.870 2.897 0 0 255
-28.117 -19.732 3.050 0 8 255
-28.530 -19.872 1.598 0 8 255
-28.111 -19.773 2.798 0 255 246
-29.274 -20.098 2.922 0 8 255
-28.917 -20.064 2.856 0 255 106
-28.618 -19.855 2.129 0 0 255
-28.534 -19.939 1.552 0 0 255
-28.707 -19.750 2.610 0 255 144
-28.045 -19.735 2.778 0 238 255
-28.675 -19.789 2.809 0 255 153
-28.631 -19.976 3.052 0 0 255
-28.560 -19.934 1.940 0 0 255
-29.278 -20.054 2.859 0 255 216
-29.006 -20.035 2.788 0 25 255
-28.485 -19.913 0.995 0 0 255
-28.616 -19.915 2.793 0 0 255
-28.238 -19.763 2.920 0 8 255
-28.661 -19.765 2.523 0 255 127
-28.616 -19.674 2.857 0 255 187
-29.254 -20.003 2.831 0 255 225
-28.633 -19.812 2.497 0 255 114
-28.031 -19.828 2.822 0 255 225
-28.579 -19.963 2.503 0 0 255
-28.626 -19.834 2.832 0 0 255
-29.239 -20.178 2.942 0 8 255
-28.542 -19.895 1.210 0 0 255
-28.573 -19.902 2.486 0 0 255
-28.547 -19.958 1.505 0 0 255
-28.962 -20.233 2.853 0 255 187
-28.394 -19.876 0.397 0 0 255
-28.591 -19.804 2.310 0 0 255
-28.510 -19.856 3.218 0 8 255
-28.529 -19.920 2.155 0 0 255
-28.625 -19.710 2.480 0 0 255
-28.374 -19.854 0.395 0 0 255
-28.589 -19.648 2.700 0 255 131
-28.103 -19.712 3.189 0 0 255
-28.494 -19.852 0.471 0 0 255
-28.547 -19.859 1.063 0 0 255
-28.103 -19.763 2.789 0 255 161
-28.489 -19.963 0.651 0 0 255
-28.106 -19.843 2.942 0 8 255
-28.122 -19.842 2.931 0 17 255
-29.096 -20.255 2.882 0 195 255
-28.558 -19.956 2.429 0 0 255
-28.507 -19.959 1.546 0 0 255
-28.411 -19.954 0.356 0 0 255
-28.473 -19.931 1.619 0 0 255
-28.676 -19.795 2.705 0 255 148
-28.499 -19.990 1.692 0 0 255
-28.544 -19.940 3.220 0 0 255
-29.205 -20.176 2.867 0 255 148
-28.112 -19.833 2.905 0 0 255
-28.125 -19.705 3.218 0 0 255
-28.587 -19.723 2.624 0 255 144
-29.255 -19.989 2.877 0 255 255
-28.282 -19.783 3.231 0 0 255
-28.141 -19.832 2.810 0 212 255
-28.110 -19.780 3.242 0 0 255
-29.242 -19.961 2.826 0 8 255
-29.201 -20.166 2.950 0 0 255
-28.133 -19.841 2.967 0 8 255
-29.147 -19.894 2.969 0 0 255
-28.487 -19.777 2.454 0 0 255
-28.586 -19.915 2.540 0 0 255
-28.653 -19.827 2.727 0 255 144
-28.571 -19.791 2.714 0 255 174
-28.377 -19.971 0.846 0 8 255
-28.671 -19.768 2.665 0 255 140
-28.712 -19.734 2.778 0 255 148
-28.578 -19.901 2.399 0 0 255
-28.570 -19.859 3.270 0 8 255
-28.536 -19.884 2.709 0 0 255
-28.198 -19.679 2.808 0 255 174
-29.232 -19.955 2.843 0 221 255
-28.441 -20.036 0.626 0 0 255
-28.568 -19.837 2.440 0 0 255
-28.948 -19.982 3.203 0 0 255
-28.056 -19.626 2.824 0 238 255
-28.054 -19.494 2.858 0 255 178
-28.008 -19.603 2.789 0 161 255
-28.514 -19.936 1.613 0 0 255
-29.069 -19.987 3.270 0 0 255
-28.572 -19.907 3.118 0 0 255
-28.406 -19.948 0.653 0 25 255
-27.942 -19.758 2.824 0 0 255
-28.258 -19.784 2.908 0 25 255
-28.480 -19.737 2.420 0 0 255
-28.634 -19.835 2.811 0 255 187
-29.008 -19.965 3.220 0 0 255
-28.185 -19.678 2.804 0 119 255
-28.283 -19.598 2.921 0 0 255
-28.523 -19.899 0.319 0 0 255
-28.626 -19.810 3.248 0 0 255
-28.510 -19.917 0.832 0 17 255
-28.526 -19.954 1.926 0 0 255
-28.453 -19.925 0.486 0 0 255
-28.604 -19.812 2.662 0 0 255
-28.468 -19.941 0.233 0 0 255
-28.535 -19.946 1.868 0 0 255
-28.309 -19.798 3.284 0 0 255
-28.569 -19.953 3.072 0 0 255
-29.018 -20.070 3.230 0 0 255
-28.492 -19.904 1.761 0 0 255
-28.617 -19.905 2.528 0 0 255
-28.473 -19.982 0.821 0 17 255
-28.657 -19.683 2.620 0 0 255
-29.082 -19.986 3.247 0 8 255
-28.601 -19.938 2.547 0 0 255
-28.426 -19.853 0.954 0 8 255
-28.447 -19.884 1.200 0 0 255
-28.411 -19.858 0.366 0 0 255
-28.569 -19.928 1.477 0 0 255
-28.483 -19.834 0.987 0 0 255
-29.207 -19.930 3.031 0 0 255
-28.481 -19.867 0.432 0 0 255
-28.461 -19.833 0.675 0 0 255
-28.534 -19.911 2.667 0 0 255
-29.287 -20.084 2.968 0 0 255
-28.430 -19.975 0.367 0 0 255
-29.067 -19.912 2.884 0 204 255
-29.169 -20.298 2.872 0 8 255
-28.635 -19.784 2.525 0 255 131
-28.587 -19.957 2.366 0 0 255
-28.710 -19.715 2.754 0 195 255
-28.685 -19.778 2.615 0 255 127
-28.457 -19.946 1.265 0 0 255
-28.571 -19.916 1.802 0 0 255
-28.637 -19.818 2.975 0 0 255
-28.268 -19.716 3.255 0 0 255
-28.467 -19.789 2.436 0 0 255
-28.463 -19.838 0.733 0 0 255
-28.615 -19.944 2.871 0 0 255
-28.558 -19.914 2.098 0 0 255
-29.126 -19.948 3.038 0 0 255
-28.623 -19.835 2.477 0 255 250
-28.595 -19.894 2.553 0 0 255
-29.142 -20.124 3.136 0 0 255
-28.017 -19.884 2.867 0 34 255
-28.412 -19.964 0.863 0 0 255
-28.520 -19.925 2.195 0 0 255
-28.495 -19.917 1.846 0 0 255
-28.461 -19.928 1.124 0 8 255
-28.430 -19.824 3.268 0 0 255
-28.142 -19.868 2.872 0 59 255
-28.519 -19.716 2.549 0 255 161
-28.657 -19.835 2.869 0 238 255
-28.472 -19.789 0.867 0 0 255
-28.016 -19.851 2.812 0 255 178
-28.467 -19.947 0.946 0 0 255
-28.387 -19.947 0.654 0 0 255
-28.587 -19.886 3.071 0 0 255
-28.545 -19.861 3.272 0 0 255
-29.026 -20.037 2.812 0 119 255
-28.489 -19.965 0.889 0 0 255
-29.171 -20.111 2.789 0 255 153
-28.456 -19.941 1.035 0 0 255
-28.698 -19.740 2.788 0 255 225
-28.488 -19.943 1.127 0 8 255
-29.268 -20.078 2.833 0 255 157
-28.011 -19.627 2.963 0 0 255
-29.348 -19.920 2.850 0 255 174
-28.697 -19.712 2.650 0 255 153
-28.633 -19.670 2.657 0 255 157
-29.202 -19.998 3.099 0 8 255
-28.671 -19.788 2.631 0 255 127
-29.096 -20.089 3.107 0 0 255
-29.290 -20.059 2.877 0 255 170
-29.272 -20.060 2.846 0 8 255
-29.304 -20.054 2.879 0 255 199
-28.957 -20.090 2.871 0 255 110
-28.734 -19.928 3.252 0 0 255
-28.487 -19.978 0.494 0 0 255
-28.415 -19.987 0.323 0 0 255
-29.229 -19.905 2.867 0 255 140
-28.511 -19.931 1.427 0 0 255
-28.565 -19.844 1.495 0 0 255
-28.687 -19.737 2.519 0 255 144
-28.970 -20.141 2.825 0 0 255
-28.173 -19.813 2.875 0 255 157
-28.620 -19.866 2.272 0 0 255
-29.175 -20.166 3.009 0 8 255
-29.097 -19.853 2.861 0 255 136
-28.661 -19.823 2.887 0 195 255
-29.145 -19.980 3.087 0 0 255
-29.186 -20.151 2.829 0 255 161
-28.914 -19.911 2.838 0 8 255
-28.660 -19.922 3.254 0 0 255
-28.456 -20.021 0.796 0 0 255
-28.506 -19.977 2.291 0 0 255
-28.582 -19.706 2.619 0 255 225
-29.050 -20.178 2.902 0 0 255
-28.490 -19.943 1.311 0 0 255
-28.970 -19.949 3.243 0 0 255
-28.519 -19.969 1.450 0 0 255
-28.170 -19.747 2.816 0 255 136
-28.509 -19.914 1.082 0 25 255
-28.429 -20.003 0.237 0 0 255
-28.633 -19.797 2.550 0 255 148
-28.591 -19.941 2.091 0 0 255
-29.112 -19.868 2.862 0 255 106
-28.576 -19.845 2.648 0 255 250
-27.951 -19.951 2.863 0 0 255
-28.536 -19.938 1.849 0 0 255
-28.925 -20.161 2.853 0 76 255
-28.663 -19.684 2.619 0 42 255
-28.591 -19.911 2.541 0 0 255
-28.658 -19.905 3.280 0 0 255
-29.161 -19.819 2.832 0 25 255
-28.460 -19.994 1.345 0 0 255
-28.032 -19.732 2.740 0 212 255
-29.151 -20.149 2.832 0 255 165
-29.087 -20.173 2.898 0 0 255
-28.409 -20.038 0.496 0 0 255
-29.172 -20.167 2.845 0 255 153
-29.149 -20.015 2.741 0 255 216
-28.442 -19.754 2.722 0 255 174
-28.589 -19.922 2.016 0 8 255
-28.573 -19.945 3.256 0 0 255
-27.986 -19.686 2.798 0 255 225
-28.481 -19.968 0.707 0 0 255
-28.743 -19.835 2.813 0 17 255
-28.411 -20.034 0.391 0 0 255
-28.902 -20.125 2.827 0 34 255
-28.583 -19.719 2.468 0 8 255
-28.750 -19.898 3.213 0 0 255
-28.668 -19.797 2.785 0 255 157
-28.528 -19.919 0.899 0 0 255
-28.430 -19.905 0.927 0 17 255
-28.507 -19.772 2.425 0 255 246
-28.599 -19.853 3.213 0 8 255
-29.277 -20.001 2.840 0 25 255
-28.547 -19.882 1.652 0 0 255
-28.610 -19.929 3.023 0 0 255
-28.700 -19.748 2.709 0 255 127
-28.609 -19.680 2.666 0 0 255
-28.057 -19.499 2.809 0 0 255
-28.535 -19.906 2.541 0 0 255
-28.033 -19.508 2.876 0 8 255
-28.492 -19.926 1.025 0 0 255
-29.242 -20.002 2.815 0 255 195
-28.755 -19.730 2.744 0 34 255
-28.700 -19.744 2.648 0 17 255
-28.590 -19.829 2.746 0 0 255
-28.564 -19.869 2.723 0 0 255
-29.222 -20.105 2.948 0 17 255
-28.566 -19.760 2.457 0 0 255
-28.620 -19.880 2.558 0 0 255
-28.592 -19.748 2.627 0 204 255
-29.158 -20.180 2.865 0 255 212
-29.141 -19.903 2.832 0 161 255
-29.353 -20.018 2.862 0 229 255
-29.215 -20.104 2.809 0 255 170
-28.489 -19.829 0.919 0 0 255
-28.091 -19.828 2.854 0 0 255
-29.212 -19.968 3.071 0 0 255
-28.569 -19.870 1.715 0 0 255
-28.289 -19.690 2.877 0 195 255
-28.176 -19.479 2.852 0 59 255
-28.570 -19.915 2.076 0 0 255
-29.108 -20.031 3.208 0 0 255
-28.039 -19.702 3.207 0 0 255
-28.532 -19.980 2.112 0 0 255
-28.334 -19.744 3.218 0 0 255
-29.251 -20.159 2.817 255 0 0
-28.205 -19.732 2.888 0 255 221
-28.495 -19.926 0.661 0 8 255
-28.524 -19.938 0.847 0 0 255
-29.185 -19.974 2.773 0 255 204
-28.690 -19.771 2.724 0 255 136
-28.712 -19.707 2.716 0 8 255
-28.539 -19.940 1.777 0 0 255
-28.456 -19.822 1.437 0 0 255
-28.690 -19.722 2.531 0 8 255
-28.570 -19.809 2.575 0 0 255
-27.888 -19.656 2.834 0 229 255
-29.049 -19.914 2.816 0 34 255
-28.487 -19.898 0.297 0 0 255
-28.588 -19.913 1.891 0 0 255
-28.165 -19.586 2.895 0 17 255
-29.126 -20.102 3.245 0 0 255
-28.564 -19.923 1.508 0 0 255
-28.157 -19.774 2.810 0 255 123
-28.529 -19.853 2.412 0 0 255
-28.624 -19.858 3.153 0 0 255
-29.131 -19.992 2.726 0 127 255
-28.561 -19.878 1.764 0 0 255
-28.533 -19.922 0.537 0 0 255
-28.276 -19.742 3.223 0 0 255
-28.080 -19.798 2.790 0 255 165
-29.226 -20.075 3.013 0 17 255
-28.065 -19.564 2.833 0 102 255
-28.498 -19.986 0.742 0 0 255
-28.628 -19.668 2.711 0 255 157
-28.450 -19.785 0.467 0 8 255
-29.242 -19.884 2.849 0 161 255
-28.198 -19.724 2.984 0 0 255
-28.578 -19.890 2.045 0 0 255
-28.412 -20.034 0.370 0 0 255
-28.950 -19.969 3.241 0 0 255
-28.757 -19.692 2.616 0 255 221
-29.201 -20.050 3.027 0 8 255
-28.661 -19.785 2.527 0 255 136
-29.079 -20.027 3.232 0 8 255
-28.499 -19.937 1.701 0 0 255
-28.539 -19.966 2.467 0 0 255
-28.241 -19.729 3.207 0 0 255
-28.597 -19.875 2.178 0 0 255
-28.616 -19.917 2.636 0 0 255
-28.589 -19.927 2.952 0 0 255
-28.137 -19.559 3.013 0 0 255
-29.069 -20.072 2.935 0 0 255
-28.554 -19.874 1.239 0 0 255
-29.174 -19.938 2.964 0 0 255
-28.153 -19.679 2.822 0 110 255
-28.427 -19.936 1.009 0 0 255
-28.620 -19.845 2.209 0 0 255
-28.602 -19.959 2.842 0 0 255
-28.559 -19.885 2.006 0 0 255
-28.581 -19.951 2.191 0 0 255
-29.247 -20.107 2.851 0 255 165
-28.539 -19.833 0.838 0 0 255
-28.170 -19.692 2.787 0 255 161
-29.256 -20.105 2.868 0 255 178
-29.049 -20.233 2.866 0 255 225
-28.508 -19.971 2.225 0 0 255
-29.285 -20.093 2.887 0 255 157
-29.290 -20.206 2.889 0 34 255
-28.464 -19.981 1.154 0 0 255
-28.420 -19.971 0.206 0 0 255
-29.167 -20.151 2.826 0 255 165
-28.578 -19.960 1.980 0 0 255
-29.248 -20.117 2.989 0 17 255
-28.577 -19.904 1.906 0 8 255
-28.488 -19.974 1.765 0 0 255
-28.821 -19.891 3.216 0 0 255
-28.615 -19.835 2.566 0 255 174
-29.283 -19.911 2.866 0 255 157
-28.472 -19.903 1.869 0 0 255
-28.616 -19.714 2.756 0 212 255
-28.699 -19.689 2.631 0 8 255
-28.740 -19.768 2.725 0 0 255
-28.445 -19.939 1.184 0 0 255
-28.218 -19.689 2.855 0 255 174
-29.165 -19.856 2.870 0 255 123
-28.930 -20.085 2.865 0 255 119
-28.598 -19.946 2.127 0 0 255
-26.486 -21.056 0.249 0 0 255
-28.082 -19.819 3.073 0 0 255
-29.067 -19.847 2.826 0 8 255
-29.103 -20.146 2.917 0 8 255
-29.174 -19.817 2.868 0 59 255
-28.653 -19.798 2.799 0 255 161
-28.506 -19.868 2.506 0 42 255
-28.581 -19.671 2.409 0 42 255
-29.143 -20.069 3.238 0 0 255
-29.262 -19.970 2.820 0 0 255
-28.298 -19.717 3.252 0 0 255
-28.434 -19.997 1.128 0 0 255
-29.269 -19.951 2.824 0 161 255
-28.646 -19.895 2.970 0 0 255
-27.965 -19.695 2.916 0 0 255
-28.606 -19.875 2.669 0 0 255
