-36.825 -26.818 1.092 0 25 255
-35.768 -28.180 1.872 0 0 255
-35.720 -27.581 2.366 0 178 255
-35.210 -27.177 0.648 0 17 255
-34.736 -27.150 0.404 0 161 255
-34.243 -26.005 1.271 0 144 255
-35.999 -28.121 2.210 0 0 255
-35.198 -26.436 1.916 0 93 255
-35.247 -27.671 2.376 0 51 255
-33.855 -25.998 1.390 0 51 255
-34.271 -25.613 1.462 0 195 255
-34.743 -26.866 2.105 0 51 255
-35.207 -25.448 0.315 0 25 255
-36.495 -23.806 0.552 0 85 255
-36.624 -23.419 1.037 0 0 255
-34.633 -27.420 2.151 0 255 136
-35.743 -25.498 2.010 0 68 255
-35.083 -25.342 2.501 0 68 255
-34.658 -26.802 2.251 0 8 255
-36.372 -23.427 0.476 0 255 221
-34.688 -25.436 1.770 0 212 255
-37.207 -25.981 1.144 0 255 157
-35.521 -27.166 2.679 0 229 255
-33.337 -25.324 2.398 0 0 255
-33.532 -25.553 0.884 0 0 255
-36.789 -23.282 1.255 0 0 255
-35.056 -26.480 1.427 0 127 255
-35.523 -24.233 3.122 0 0 255
-35.259 -24.514 1.026 0 8 255
-35.059 -26.184 2.763 0 0 255
-34.685 -26.893 0.630 0 51 255
-33.844 -25.601 1.619 0 0 255
-36.210 -26.164 2.724 0 59 255
-36.181 -26.036 3.362 0 255 148
-34.299 -25.363 1.386 0 153 255
-36.457 -26.316 2.115 0 42 255
-35.870 -27.836 2.691 0 255 148
-36.739 -24.420 0.894 0 136 255
-35.181 -27.798 0.616 0 255 182
-35.501 -27.809 2.626 0 0 255
-35.155 -27.041 1.341 0 17 255
-34.638 -25.551 1.589 0 68 255
-36.028 -24.734 2.259 0 42 255
-36.966 -24.207 1.342 0 0 255
-37.204 -23.255 0.516 0 0 255
-35.920 -28.028 1.839 0 255 246
-35.379 -26.065 1.730 0 255 204
-33.927 -25.644 1.493 0 8 255
-34.045 -25.168 2.021 0 17 255
-35.379 -27.837 0.989 0 246 255
-35.785 -28.142 1.878 0 0 255
-36.475 -23.378 1.042 0 136 255
-35.959 -26.289 2.522 0 0 255
-36.744 -23.286 1.251 0 187 255
-36.334 -25.957 3.255 0 17 255
-34.753 -26.617 1.060 0 255 212
-36.498 -23.637 1.096 0 0 255
-35.745 -25.546 1.986 0 0 255
-33.959 -25.361 0.499 0 8 255
-36.566 -25.431 3.226 0 17 255
-36.039 -26.487 2.634 0 0 255
-34.838 -27.064 1.919 0 0 255
-35.225 -25.659 1.741 0 0 255
-33.866 -25.957 1.372 0 17 255
-36.387 -26.831 3.199 0 68 255
-35.809 -27.768 2.738 0 255 221
-36.630 -25.813 2.380 0 0 255
-35.552 -27.316 2.837 0 0 255
-35.352 -27.155 2.361 0 17 255
-34.956 -27.163 2.063 0 255 238
-35.587 -27.350 2.467 0 0 255
-34.004 -25.370 0.645 0 0 255
-35.127 -27.039 0.965 0 136 255
-33.719 -25.573 1.775 0 255 161
-36.401 -26.815 3.450 0 127 255
-34.628 -27.126 2.366 0 255 144
-36.096 -24.639 2.253 0 34 255
-35.928 -27.826 2.253 0 229 255
-35.735 -27.722 2.927 0 25 255
-36.987 -23.820 1.138 0 17 255
-36.205 -27.527 1.804 0 76 255
-35.275 -27.735 0.702 0 17 255
-35.696 -27.468 2.406 0 153 255
-35.167 -27.056 1.103 0 17 255
-35.114 -27.050 1.896 0 42 255
-37.571 -26.600 0.469 0 170 255
-37.349 -25.595 0.296 0 25 255
-35.951 -27.909 2.251 0 42 255
-35.075 -25.807 1.837 0 34 255
-36.536 -25.622 2.677 0 144 255
-35.901 -24.228 2.383 0 8 255
-35.825 -24.248 0.711 0 0 255
-37.270 -22.783 0.459 0 195 255
-34.514 -27.509 2.282 0 0 255
-37.299 -26.068 1.044 0 255 191
-36.388 -23.547 0.635 0 17 255
-35.192 -27.295 2.316 0 136 255
-34.270 -26.071 1.809 0 0 255
-35.148 -27.061 1.685 0 51 255
-37.241 -23.328 0.614 0 59 255
-34.678 -26.953 2.166 0 0 255
-35.083 -26.489 1.474 0 255 204
-36.750 -23.308 1.220 0 255 165
-37.375 -22.628 0.772 0 144 255
-36.777 -26.230 0.387 0 25 255
-35.167 -27.061 0.802 0 204 255
-36.018 -25.738 2.711 0 42 255
-36.268 -26.957 3.007 0 187 255
-35.881 -25.115 1.980 0 0 255
-35.807 -25.108 2.023 0 42 255
-35.457 -27.725 0.981 0 76 255
-35.253 -25.844 0.734 0 0 255
-37.079 -26.502 1.992 0 0 255
-34.053 -25.661 2.549 0 34 255
-36.618 -25.471 2.995 0 0 255
-35.757 -25.803 2.524 0 0 255
-34.736 -26.874 0.815 0 119 255
-36.556 -25.600 2.724 0 0 255
-34.883 -27.131 0.625 0 0 255
-35.384 -26.809 2.495 0 8 255
-33.137 -25.005 2.121 0 42 255
-33.321 -25.120 2.059 0 59 255
-35.769 -25.811 2.453 0 0 255
-34.358 -26.072 1.207 0 170 255
-35.384 -24.608 1.983 0 0 255
-36.485 -25.220 3.336 0 0 255
-34.808 -26.542 2.197 0 255 127
-35.878 -24.371 2.325 0 0 255
-36.005 -28.183 2.033 0 8 255
-36.790 -24.317 1.862 0 59 255
-35.015 -27.266 2.353 0 255 229
-34.930 -27.059 1.946 0 0 255
-35.813 -25.901 2.455 0 25 255
-34.179 -24.970 0.633 0 8 255
-35.922 -27.930 2.198 0 255 199
-34.050 -25.751 0.521 0 0 255
-36.396 -27.235 2.261 0 255 153
-34.872 -26.954 2.172 0 51 255
-34.843 -27.402 2.234 0 119 255
-36.762 -23.375 1.628 0 17 255
-34.472 -27.652 2.277 0 255 204
-35.942 -24.627 2.405 0 8 255
-36.835 -23.153 0.979 0 255 182
-36.388 -26.513 4.398 0 42 255
-34.823 -26.620 1.579 0 0 255
-35.207 -26.469 1.656 0 0 255
-37.310 -25.588 0.358 0 17 255
-36.228 -26.154 2.684 0 0 255
-34.988 -25.863 1.946 0 144 255
-36.587 -25.558 2.665 0 76 255
-36.042 -24.565 2.268 0 255 199
-35.287 -24.484 1.397 0 0 255
-37.123 -24.226 1.275 0 0 255
-34.784 -27.476 2.405 0 204 255
-35.871 -25.526 2.602 0 76 255
-35.346 -24.511 1.211 0 25 255
-37.266 -26.013 1.084 0 0 255
-34.836 -27.844 0.904 0 0 255
-36.472 -23.693 0.467 0 102 255
-36.478 -23.422 1.082 0 42 255
-34.274 -26.057 1.895 0 25 255
-35.330 -23.646 2.444 0 25 255
-36.225 -26.612 4.049 0 8 255
-33.761 -25.560 1.698 0 8 255
-37.185 -24.246 0.977 0 255 182
-36.133 -26.182 2.661 0 17 255
-35.360 -25.780 2.622 0 102 255
-36.591 -24.109 0.980 0 0 255
-35.815 -27.648 2.397 0 0 255
-34.749 -27.889 0.967 0 136 255
-36.444 -26.098 0.538 0 0 255
-36.070 -25.610 2.958 0 0 255
-35.446 -26.995 2.715 0 0 255
-35.567 -27.318 2.819 0 102 255
-34.840 -27.562 2.253 0 8 255
-36.758 -23.627 0.859 0 0 255
-37.415 -26.652 1.982 0 0 255
-34.896 -27.305 2.143 0 255 246
-36.560 -24.895 2.123 0 0 255
-36.413 -25.770 2.717 0 8 255
-34.941 -27.482 0.201 0 0 255
-37.235 -26.000 1.106 0 8 255
-35.863 -27.837 1.606 0 0 255
-36.388 -25.258 1.976 0 8 255
-37.033 -23.287 0.868 0 255 136
-34.769 -26.737 0.774 0 93 255
-35.560 -23.734 2.582 0 34 255
-36.022 -24.338 2.635 0 0 255
-35.683 -26.161 2.713 0 8 255
-35.734 -27.113 2.623 0 255 127
-35.124 -26.241 2.580 0 25 255
-35.811 -24.874 2.376 0 0 255
-36.317 -23.387 1.009 0 119 255
-35.634 -25.175 2.138 0 178 255
-36.553 -26.838 2.282 0 0 255
-34.705 -27.124 2.144 0 76 255
-34.770 -26.872 2.067 0 0 255
-34.534 -28.010 2.796 0 8 255
-35.122 -27.186 0.578 0 0 255
-36.027 -27.702 3.619 0 0 255
-36.725 -26.966 2.057 0 8 255
-36.248 -27.129 2.255 0 178 255
-35.352 -24.443 1.263 0 51 255
-36.368 -23.680 0.396 0 93 255
-34.771 -26.569 1.766 0 76 255
-35.194 -27.113 1.857 0 51 255
-35.170 -25.493 1.599 0 68 255
-35.610 -23.661 2.417 0 0 255
-35.594 -27.919 1.397 0 255 250
-34.786 -27.203 2.163 0 0 255
-34.202 -25.661 1.426 0 8 255
-35.188 -27.514 2.269 0 59 255
-35.077 -26.595 1.905 0 0 255
-34.319 -25.671 1.274 0 42 255
-34.343 -25.790 1.963 0 119 255
-36.568 -23.512 0.684 0 0 255
-34.172 -26.648 2.924 0 0 255
-36.042 -26.843 2.808 0 0 255
-36.500 -27.288 2.074 0 187 255
-36.266 -26.685 4.038 0 255 255
-35.198 -25.916 1.163 0 34 255
-35.794 -24.250 0.753 0 0 255
-36.625 -26.439 2.936 0 8 255
-35.629 -27.147 3.325 0 255 136
-35.633 -23.612 2.417 0 255 229
-36.286 -25.920 1.805 0 255 178
-35.689 -26.154 2.820 0 8 255
-34.683 -26.789 0.708 0 0 255
-34.540 -26.537 2.825 0 0 255
-34.927 -27.813 0.938 0 0 255
-33.673 -25.530 1.684 0 8 255
-34.128 -25.699 0.985 0 0 255
-36.327 -26.619 3.074 0 0 255
-35.641 -27.887 1.478 0 136 255
-35.700 -27.675 2.937 0 0 255
-35.852 -27.664 2.256 0 34 255
-34.861 -27.107 0.583 0 76 255
-35.728 -27.524 2.857 0 34 255
-37.380 -26.194 0.926 0 102 255
-36.440 -26.854 2.588 0 0 255
-35.045 -27.474 2.223 0 68 255
-37.528 -23.404 1.278 0 8 255
-35.709 -26.966 2.226 0 255 144
-35.124 -25.389 0.403 0 0 255
-35.135 -27.109 1.959 0 42 255
-37.359 -25.640 0.325 0 255 216
-36.895 -24.039 0.800 0 34 255
-35.685 -27.458 2.819 0 255 144
-35.032 -27.926 0.343 0 59 255
-34.046 -25.743 0.419 0 110 255
-35.378 -28.066 2.534 0 255 170
-35.919 -25.210 2.108 0 0 255
-36.369 -25.880 2.290 0 68 255
-35.311 -25.046 2.577 0 85 255
-35.326 -27.771 0.761 0 204 255
-34.326 -25.566 1.492 0 68 255
-34.316 -25.770 2.041 0 255 233
-36.632 -25.581 2.852 0 34 255
-36.031 -27.167 2.667 0 102 255
-36.189 -27.621 2.161 0 25 255
-36.514 -23.421 0.682 0 0 255
-34.776 -26.823 2.206 0 0 255
-35.086 -27.364 0.504 0 0 255
-35.783 -24.336 2.199 0 0 255
-34.218 -25.467 1.484 0 136 255
-35.842 -25.022 2.072 0 8 255
-37.236 -23.010 0.657 0 255 148
-35.818 -25.756 2.483 0 17 255
-34.549 -26.548 2.761 0 0 255
-36.898 -23.297 1.035 0 0 255
-36.823 -23.343 1.742 0 161 255
-33.878 -25.798 2.848 0 76 255
-35.047 -25.054 2.684 0 0 255
-37.119 -24.208 1.057 0 51 255
-36.843 -23.256 0.831 0 8 255
-35.491 -27.500 2.584 0 229 255
-34.753 -27.737 2.684 0 0 255
-35.492 -24.109 3.225 0 0 255
-37.259 -23.854 0.829 0 178 255
-35.170 -26.936 1.030 0 85 255
-34.745 -26.776 2.146 0 93 255
-34.087 -25.760 0.751 0 0 255
-36.711 -26.774 1.939 0 0 255
-34.001 -25.686 2.637 0 255 250
-36.303 -26.031 1.875 0 0 255
-35.428 -27.346 2.760 0 255 174
-35.884 -25.983 2.638 0 17 255
-36.261 -25.023 2.155 0 42 255
-34.667 -26.586 0.962 0 255 195
-35.682 -23.604 2.427 0 0 255
-36.222 -25.879 2.653 0 255 246
-37.210 -23.982 0.806 0 255 187
-35.465 -25.870 1.900 0 68 255
-36.742 -26.752 1.813 0 0 255
-35.810 -27.618 2.278 0 102 255
-36.471 -26.146 1.010 0 102 255
-36.281 -26.615 4.044 0 85 255
-35.724 -24.909 2.274 0 85 255
-34.917 -27.729 0.988 0 0 255
-35.651 -26.043 2.662 0 42 255
-34.309 -26.010 1.607 0 255 187
-36.506 -26.526 2.560 0 0 255
-35.936 -24.311 2.340 0 0 255
-34.178 -25.425 2.103 0 0 255
-35.334 -27.330 2.320 0 255 161
-34.751 -26.689 0.930 0 42 255
-35.109 -27.362 2.253 0 255 165
-34.758 -26.540 2.516 0 0 255
-34.228 -25.140 1.130 0 255 233
-36.780 -25.088 2.919 0 0 255
-35.715 -27.738 2.324 0 161 255
-35.615 -27.925 3.083 0 25 255
-34.848 -27.085 1.971 0 0 255
-36.536 -26.176 0.455 0 25 255
-36.417 -24.794 2.713 0 0 255
-36.066 -27.560 2.179 0 136 255
-36.430 -25.890 2.069 0 0 255
-35.285 -27.775 0.775 0 255 161
-35.563 -26.796 2.845 0 255 187
-34.935 -27.367 0.258 0 0 255
-36.714 -25.299 1.792 0 42 255
-35.869 -27.728 2.221 0 93 255
-33.855 -25.582 1.551 0 8 255
-37.196 -24.650 0.657 0 0 255
-35.579 -27.309 2.548 0 178 255
-37.294 -22.867 0.690 0 0 255
-35.060 -25.889 1.879 0 42 255
-35.163 -26.576 1.505 0 0 255
-35.383 -26.833 2.565 0 0 255
-34.771 -26.619 1.227 0 0 255
-35.803 -25.544 2.312 0 8 255
-35.935 -24.559 2.106 0 34 255
-34.068 -25.152 2.039 0 8 255
-33.634 -25.382 1.701 0 102 255
-35.119 -27.819 0.445 0 17 255
-35.773 -27.665 2.756 0 136 255
-36.454 -26.291 2.116 0 0 255
-36.392 -25.734 2.804 0 0 255
-33.424 -25.395 2.133 0 34 255
-34.452 -25.607 1.609 0 0 255
-34.985 -27.281 2.337 0 255 153
-37.305 -25.804 0.237 0 17 255
-33.991 -25.960 1.390 0 0 255
-36.861 -23.672 1.313 0 0 255
-36.601 -26.270 2.985 0 0 255
-33.401 -25.649 1.709 0 51 255
-36.928 -26.787 1.299 0 127 255
-35.892 -25.979 2.610 0 25 255
-35.772 -24.348 2.292 0 0 255
-36.107 -25.783 2.907 0 0 255
-35.159 -26.442 1.673 0 0 255
-36.789 -23.528 1.071 0 8 255
-33.469 -25.188 1.886 0 0 255
-36.551 -25.323 3.182 0 0 255
-34.782 -25.094 2.819 0 0 255
-35.629 -25.778 2.510 0 0 255
-34.615 -26.497 2.587 0 0 255
-35.354 -27.171 2.414 0 110 255
-34.071 -25.329 2.485 0 0 255
-34.873 -27.553 2.531 0 25 255
-34.723 -26.646 2.336 0 34 255
-35.998 -26.421 2.779 0 136 255
-35.262 -25.783 0.977 0 255 238
-36.436 -25.672 2.679 0 8 255
-36.577 -25.404 3.111 0 0 255
-33.457 -25.401 2.122 0 255 242
-34.105 -25.407 2.129 0 0 255
-35.886 -24.869 2.519 0 102 255
-35.167 -27.082 1.539 0 187 255
-37.147 -25.878 1.223 0 255 208
-35.356 -24.995 2.595 0 255 131
-34.743 -27.091 2.054 0 170 255
-33.349 -25.347 2.384 0 0 255
-35.398 -24.449 0.999 0 0 255
-36.668 -26.015 3.140 0 59 255
-34.021 -25.975 1.341 0 85 255
-34.979 -27.315 2.390 0 255 221
-35.930 -26.206 2.546 0 51 255
-34.326 -26.047 1.195 0 0 255
-35.749 -27.610 2.755 0 255 174
-35.956 -28.089 2.377 0 0 255
-36.867 -26.792 1.295 0 0 255
-36.810 -26.733 1.543 0 76 255
-36.491 -26.251 2.957 0 25 255
-35.920 -27.861 2.248 0 25 255
-35.359 -24.606 1.953 0 0 255
-35.488 -27.086 2.716 0 8 255
-35.148 -25.384 1.401 0 42 255
-35.160 -26.527 1.557 0 0 255
-34.688 -25.180 2.885 0 76 255
-34.627 -27.156 2.350 0 34 255
-34.234 -25.706 1.412 0 0 255
-35.340 -24.511 1.573 0 0 255
-36.823 -23.319 0.996 0 102 255
-36.836 -24.267 0.674 0 0 255
-37.054 -25.708 1.506 0 0 255
-37.227 -22.845 0.524 0 17 255
-36.146 -27.598 1.805 0 255 242
-35.963 -27.673 2.608 0 0 255
-35.211 -25.595 1.694 0 0 255
-36.389 -26.873 3.173 0 119 255
-35.470 -27.357 2.729 0 34 255
-34.824 -26.729 2.244 0 144 255
-34.288 -25.582 1.349 0 255 212
-36.732 -27.075 2.094 0 8 255
-36.523 -25.600 2.582 0 0 255
-35.794 -27.707 2.510 0 0 255
-35.398 -26.003 2.638 0 255 161
-35.681 -27.683 2.945 0 0 255
-36.017 -25.127 2.068 0 255 123
-36.427 -24.705 2.222 0 255 208
-37.096 -26.668 2.074 0 0 255
-35.203 -25.029 2.613 0 102 255
-34.519 -26.550 2.866 0 93 255
-35.405 -25.713 2.583 0 255 221
-35.672 -27.504 2.839 0 0 255
-35.468 -27.363 2.945 0 0 255
-36.795 -25.057 3.010 0 0 255
-35.539 -26.487 1.876 0 204 255
-36.498 -27.302 2.085 0 59 255
-35.892 -27.828 2.686 0 255 221
-35.432 -24.178 2.448 0 42 255
-36.052 -25.677 2.420 0 212 255
-35.763 -26.872 2.335 0 8 255
-36.331 -24.771 2.675 0 0 255
-35.344 -27.872 2.492 0 195 255
-35.593 -26.656 2.445 0 85 255
-35.842 -25.118 2.002 0 255 170
-35.392 -27.370 2.735 0 255 161
-36.540 -25.565 3.365 0 59 255
-36.721 -25.091 1.930 0 0 255
-36.484 -26.164 1.019 0 8 255
-34.751 -26.637 1.052 0 170 255
-35.862 -24.609 2.578 0 0 255
-35.798 -27.988 1.742 0 127 255
-35.706 -25.500 1.973 0 59 255
-34.089 -25.629 1.467 0 8 255
-35.734 -24.916 2.352 0 0 255
-33.346 -24.823 1.753 0 0 255
-35.447 -27.472 2.666 0 153 255
-36.696 -24.411 0.935 0 51 255
-35.611 -27.199 3.151 0 8 255
-34.901 -26.237 1.285 0 255 246
-36.564 -25.427 3.118 0 0 255
-36.603 -25.480 2.987 0 0 255
-37.283 -25.420 0.534 0 0 255
-36.427 -26.233 2.036 0 8 255
-35.534 -26.883 2.714 0 0 255
-35.040 -27.833 0.378 0 178 255
-34.895 -27.520 2.354 0 255 208
-36.965 -23.877 1.189 0 0 255
-35.907 -27.953 2.067 0 255 229
-36.301 -26.019 3.263 0 246 255
-35.229 -25.889 0.812 0 0 255
-34.747 -27.907 0.996 0 204 255
-36.465 -26.271 2.976 0 34 255
-35.431 -27.354 2.939 0 17 255
-35.677 -27.898 3.110 0 25 255
-35.889 -28.070 1.854 0 255 212
-35.655 -27.807 2.453 0 34 255
-35.697 -27.975 1.548 0 59 255
-35.738 -25.388 2.403 0 102 255
-35.674 -27.004 2.568 0 0 255
-35.152 -25.514 1.721 0 68 255
-34.279 -26.072 1.902 0 170 255
-35.819 -27.749 2.761 0 8 255
-34.419 -26.579 2.854 0 0 255
-36.349 -26.114 1.926 0 68 255
-35.259 -27.104 2.367 0 0 255
-35.562 -24.387 0.805 0 0 255
-34.212 -26.073 1.360 0 0 255
-36.511 -24.857 2.098 0 8 255
-36.785 -25.247 2.819 0 8 255
-35.053 -27.625 0.615 0 0 255
-35.700 -23.657 2.420 0 221 255
-33.383 -25.648 1.742 0 8 255
-35.394 -27.707 2.251 0 0 255
-36.271 -23.264 0.793 0 0 255
-35.312 -24.135 2.515 0 0 255
-35.318 -25.908 0.771 0 0 255
-35.059 -25.833 0.297 0 17 255
-37.090 -24.225 1.253 0 255 204
-35.367 -25.639 2.657 0 8 255
-33.965 -25.774 2.713 0 25 255
-36.869 -24.186 1.576 0 0 255
-36.740 -24.333 0.855 0 51 255
-34.560 -27.104 2.119 0 0 255
-37.235 -23.306 0.700 0 255 221
-36.395 -26.143 3.009 0 0 255
-35.867 -27.700 2.394 0 0 255
-36.395 -23.497 0.535 0 255 255
-35.293 -27.640 2.300 0 153 255
-35.278 -25.844 2.624 0 59 255
-35.244 -27.767 0.811 0 17 255
-35.513 -23.661 2.416 0 0 255
-35.090 -25.831 0.538 0 0 255
-35.385 -25.794 0.740 0 0 255
-35.568 -27.240 2.983 0 0 255
-34.153 -25.381 2.232 0 0 255
-36.297 -27.523 1.979 0 17 255
-36.054 -25.580 2.939 0 0 255
-35.627 -27.219 3.144 0 0 255
-36.233 -24.143 2.526 0 0 255
-36.163 -26.340 2.870 0 17 255
-36.096 -27.378 2.262 0 255 212
-37.420 -23.385 1.058 0 0 255
-34.861 -26.650 1.518 0 0 255
-37.217 -23.446 0.979 0 102 255
-35.874 -24.703 2.509 0 0 255
-37.005 -25.418 1.494 0 25 255
-35.945 -24.656 2.514 0 0 255
-35.925 -28.005 2.390 0 0 255
-37.133 -23.264 0.861 0 110 255
-34.747 -26.934 0.705 0 0 255
-34.731 -27.851 0.973 0 255 246
-36.826 -23.785 1.301 0 0 255
-36.330 -26.730 3.758 0 0 255
-36.410 -26.790 2.551 0 0 255
-36.804 -26.724 1.669 0 0 255
-35.559 -26.518 2.055 0 0 255
-37.400 -22.810 0.458 0 93 255
-37.079 -24.751 0.761 0 0 255
-36.053 -27.702 1.685 0 25 255
-35.662 -25.368 2.672 0 8 255
-34.336 -25.428 1.406 0 51 255
-34.806 -27.294 0.278 0 153 255
-36.717 -23.344 1.134 0 34 255
-35.149 -27.215 0.587 0 68 255
-35.273 -26.249 1.668 0 51 255
-34.840 -26.577 1.016 0 85 255
-37.197 -23.334 0.762 0 0 255
-36.126 -26.667 2.768 0 255 153
-35.581 -27.988 1.373 0 8 255
-34.975 -27.510 0.564 0 68 255
-36.588 -25.005 1.995 0 34 255
-36.523 -24.468 2.253 0 0 255
-35.556 -27.516 2.848 0 255 178
-35.850 -25.602 2.493 0 8 255
-35.868 -27.434 2.127 0 255 85
-34.725 -26.731 0.778 0 0 255
-36.341 -25.204 1.844 0 0 255
-36.884 -26.450 2.269 0 0 255
-35.354 -27.659 2.379 0 59 255
-36.016 -24.520 2.232 0 0 255
-35.169 -25.490 2.058 0 51 255
-36.973 -26.687 2.171 0 0 255
-35.300 -24.548 1.347 0 0 255
-35.659 -27.801 3.092 0 0 255
-36.950 -26.494 2.117 0 0 255
-34.307 -26.005 1.478 0 153 255
-35.783 -25.877 2.464 0 0 255
-37.294 -25.475 0.378 0 0 255
-34.878 -27.424 2.289 0 255 153
-35.113 -26.218 2.567 0 0 255
-35.729 -27.915 1.587 0 8 255
-35.445 -25.759 2.538 0 0 255
-35.954 -27.984 2.208 0 0 255
-34.342 -25.986 1.290 0 42 255
-36.545 -27.228 2.196 0 255 225
-34.392 -26.221 1.130 0 25 255
-35.731 -27.596 2.823 0 0 255
-33.576 -25.468 2.039 0 0 255
-35.734 -27.562 2.895 0 0 255
-35.545 -24.158 3.312 0 8 255
-36.207 -27.615 2.168 0 255 161
-35.581 -27.497 2.403 0 68 255
-35.550 -24.225 2.463 0 255 161
-35.675 -27.736 2.438 0 255 255
-36.359 -26.715 3.736 0 0 255
-34.671 -26.770 0.731 0 0 255
-34.197 -25.466 1.947 0 8 255
-36.145 -26.347 2.856 0 0 255
-34.033 -25.723 0.585 0 0 255
-37.179 -22.767 0.379 0 0 255
-34.970 -27.003 2.070 0 255 208
-35.802 -27.981 1.719 0 0 255
-35.853 -26.175 2.449 0 8 255
-35.458 -27.609 2.929 0 0 255
-37.161 -24.730 0.757 0 85 255
-36.665 -24.959 2.272 0 178 255
-35.032 -25.510 3.241 0 51 255
-35.639 -23.715 2.313 0 0 255
-35.508 -23.656 2.358 0 8 255
-35.849 -24.016 2.433 0 85 255
-36.951 -25.771 1.400 0 255 165
-37.253 -22.853 0.530 0 8 255
-34.344 -26.187 1.425 0 8 255
-35.522 -27.164 2.794 0 255 165
-34.765 -27.175 2.168 0 0 255
-35.788 -27.594 2.170 0 255 216
-34.988 -25.500 1.800 0 17 255
-36.208 -26.669 2.900 0 59 255
-34.296 -25.769 1.653 0 8 255
-36.017 -25.249 2.149 0 42 255
-36.649 -25.466 2.638 0 51 255
-34.992 -27.563 0.613 0 0 255
-35.425 -27.147 2.817 0 25 255
-37.384 -22.741 0.684 0 68 255
-35.569 -27.750 2.275 0 34 255
-36.044 -27.745 1.676 0 0 255
-35.585 -27.294 3.218 0 0 255
-33.009 -24.911 2.313 0 17 255
-36.337 -24.862 2.487 0 255 199
-36.517 -25.299 3.235 0 0 255
-36.492 -26.111 1.377 0 255 204
-35.080 -27.081 1.977 0 0 255
-35.548 -27.091 2.684 0 255 165
-35.381 -27.812 0.859 0 136 255
-35.170 -27.062 1.522 0 0 255
-35.474 -27.510 2.553 0 255 127
-37.457 -22.625 0.319 0 0 255
-36.830 -24.018 0.955 0 76 255
-36.701 -23.405 1.094 0 0 255
-35.842 -27.466 2.149 0 59 255
-35.857 -28.151 1.877 0 25 255
-35.947 -27.718 2.683 0 34 255
-35.861 -25.497 2.442 0 136 255
-35.423 -27.319 2.424 0 42 255
-36.669 -25.616 2.906 0 255 212
-34.680 -26.853 2.222 0 68 255
-36.691 -25.025 2.077 0 0 255
-36.495 -26.533 3.040 0 0 255
-34.935 -27.286 0.458 0 255 165
-37.576 -26.691 0.345 0 255 191
-35.696 -27.760 3.050 0 102 255
-35.248 -25.864 0.587 0 0 255
-36.462 -23.453 1.082 0 0 255
-36.988 -26.681 2.218 0 0 255
-34.294 -25.549 1.431 0 0 255
-35.312 -26.877 2.346 0 34 255
-34.903 -27.270 0.392 0 102 255
-35.637 -27.790 3.051 0 255 208
-35.612 -27.337 2.899 0 127 255
-34.367 -26.494 1.157 0 8 255
-35.991 -24.585 1.963 0 0 255
-34.923 -27.053 1.970 0 42 255
-37.242 -25.259 0.575 0 255 161
-37.309 -25.676 0.263 0 255 170
-34.833 -26.692 2.250 0 0 255
-35.577 -27.842 2.192 0 246 255
-36.183 -26.339 2.854 0 0 255
-35.433 -26.960 2.722 0 0 255
-36.954 -26.435 2.136 0 68 255
-35.679 -27.720 2.967 0 161 255
-35.950 -24.822 2.431 0 255 174
-35.429 -24.596 2.169 0 8 255
-35.971 -28.139 2.188 0 0 255
-35.185 -27.125 1.933 0 0 255
-35.633 -27.860 3.072 0 0 255
-36.542 -23.793 0.532 0 0 255
-34.724 -27.735 2.658 0 59 255
-36.302 -24.970 2.278 0 246 255
-34.694 -25.247 2.889 0 8 255
-35.765 -25.756 2.473 0 0 255
-37.038 -23.286 0.763 0 42 255
-36.571 -23.507 0.674 0 238 255
-36.591 -25.593 2.714 0 59 255
-36.940 -23.802 1.190 0 144 255
-36.251 -26.171 2.818 0 102 255
-35.878 -27.718 2.423 0 0 255
-35.661 -25.241 2.133 0 0 255
-35.680 -27.398 2.607 0 255 229
-33.486 -25.731 0.980 0 255 233
-35.377 -26.152 1.721 0 0 255
-35.558 -24.977 2.430 0 161 255
-34.877 -27.604 2.539 0 8 255
-36.964 -25.745 1.412 0 255 157
-36.676 -25.113 1.890 0 255 165
-35.819 -24.047 2.410 0 119 255
-37.194 -24.688 0.679 0 127 255
-36.387 -27.163 2.339 0 255 174
-35.589 -27.807 1.234 0 51 255
-35.506 -26.960 2.644 0 255 204
-35.429 -24.581 2.519 0 25 255
-34.724 -26.843 0.772 0 0 255
-35.106 -25.874 1.877 0 17 255
-37.098 -26.500 1.927 0 102 255
-35.117 -25.421 0.488 0 0 255
-36.807 -24.264 0.816 0 8 255
-35.674 -26.992 2.730 0 17 255
-34.226 -25.468 1.920 0 68 255
-35.756 -24.907 2.461 0 34 255
-34.204 -25.691 2.153 0 25 255
-35.222 -27.297 2.312 0 34 255
-34.263 -25.720 1.467 0 0 255
-35.253 -25.807 1.619 0 0 255
-35.365 -27.574 2.380 0 110 255
-35.194 -26.456 1.766 0 25 255
-34.218 -25.721 2.200 0 34 255
-33.995 -25.083 2.221 0 17 255
-37.183 -22.993 0.723 0 59 255
-35.023 -26.479 1.410 0 0 255
-34.132 -25.722 2.460 0 0 255
-36.879 -23.291 1.072 0 0 255
-34.507 -26.591 2.794 0 0 255
-36.959 -25.743 1.469 0 110 255
-37.454 -22.720 0.393 0 0 255
-35.409 -26.613 2.397 0 8 255
-35.127 -27.754 0.547 0 255 255
-36.749 -23.964 0.813 0 0 255
-34.856 -27.279 2.089 0 25 255
-35.661 -27.926 1.511 0 238 255
-36.847 -23.191 0.893 0 0 255
-35.305 -25.922 1.119 0 25 255
-35.429 -27.408 2.678 0 51 255
-35.766 -27.913 1.557 0 25 255
-34.831 -27.319 2.499 0 153 255
-36.962 -27.028 2.248 0 0 255
-35.987 -24.419 2.302 0 238 255
-37.172 -24.302 0.745 0 0 255
-35.148 -26.333 2.012 0 0 255
-35.701 -27.660 2.287 0 255 157
-35.051 -25.030 2.639 0 8 255
-34.124 -25.698 0.917 0 0 255
-36.845 -23.269 0.905 0 0 255
-34.663 -26.805 0.584 0 34 255
-34.981 -27.327 2.369 0 246 255
-35.108 -26.122 2.950 0 59 255
-35.757 -27.623 2.832 0 0 255
-37.128 -24.412 0.733 0 102 255
-35.299 -24.496 1.359 0 0 255
-34.200 -26.027 1.327 0 0 255
-36.539 -24.456 2.228 0 187 255
-36.336 -26.016 3.221 0 127 255
-34.073 -25.707 1.713 0 0 255
-35.203 -26.438 1.821 0 34 255
-35.593 -27.265 3.243 0 221 255
-34.252 -25.632 1.446 0 0 255
-35.042 -25.293 2.502 0 34 255
-34.016 -25.097 2.162 0 0 255
-35.080 -27.178 2.064 0 0 255
-35.791 -26.507 2.245 0 25 255
-37.536 -26.762 1.202 0 25 255
-37.426 -23.366 1.075 0 0 255
-36.295 -25.965 1.706 0 0 255
-36.450 -26.181 1.216 0 68 255
-35.522 -27.336 2.507 0 0 255
-36.835 -23.267 0.877 0 255 225
-34.815 -25.456 1.825 0 0 255
-34.793 -26.642 1.526 0 51 255
-36.912 -23.762 1.242 0 255 161
-37.041 -26.695 2.123 0 0 255
-34.323 -26.198 1.465 0 17 255
-36.505 -27.215 2.118 0 255 242
-35.179 -27.814 0.655 0 170 255
-37.101 -23.300 0.908 0 8 255
-35.838 -28.131 1.816 0 34 255
-35.960 -27.775 3.588 0 0 255
-35.002 -27.487 0.266 0 93 255
-34.784 -26.545 2.288 0 255 161
-37.200 -26.969 2.048 0 17 255
-36.479 -26.194 3.088 0 0 255
-34.422 -26.373 1.061 0 51 255
-34.252 -25.694 1.423 0 178 255
-35.866 -27.886 3.179 0 0 255
-35.538 -26.445 1.942 0 0 255
-36.934 -24.255 1.636 0 178 255
-35.555 -27.523 2.366 0 212 255
-35.347 -28.020 2.496 0 0 255
-36.894 -23.469 0.945 0 127 255
-35.104 -27.066 2.024 0 0 255
-34.666 -26.893 0.563 0 212 255
-33.721 -25.967 1.198 0 76 255
-36.968 -26.417 2.094 0 25 255
-35.403 -26.813 2.551 0 0 255
-35.254 -25.531 0.371 0 25 255
-34.369 -26.231 1.444 0 0 255
-35.081 -25.508 1.728 0 255 191
-33.523 -25.505 1.577 0 34 255
-36.285 -26.511 4.532 0 0 255
-36.298 -26.086 1.676 0 0 255
-35.777 -25.028 2.198 0 170 255
-35.423 -27.126 2.573 0 119 255
-36.366 -26.823 2.508 0 8 255
-35.525 -27.076 2.742 0 51 255
-34.228 -26.132 1.597 0 0 255
-34.842 -27.538 2.397 0 59 255
-36.846 -24.220 0.890 0 34 255
-34.163 -25.791 1.585 0 59 255
-36.852 -23.296 0.937 0 0 255
-35.128 -26.293 2.269 0 0 255
-35.724 -27.971 1.626 0 119 255
-36.392 -23.781 0.375 0 102 255
-36.416 -25.221 1.824 0 127 255
-37.182 -23.355 0.757 0 0 255
-37.294 -25.828 0.264 0 17 255
-35.953 -28.108 2.062 0 255 191
-36.321 -26.420 4.600 0 0 255
-34.628 -27.156 2.275 0 0 255
-36.243 -25.965 3.276 0 68 255
-36.834 -26.748 1.328 0 25 255
-35.478 -27.015 2.699 0 17 255
-35.757 -27.561 2.540 0 238 255
-35.844 -27.562 2.234 0 0 255
-36.999 -26.524 2.110 0 0 255
-35.693 -27.870 2.143 0 85 255
-35.048 -26.490 1.420 0 0 255
-35.209 -27.014 2.453 0 76 255
-35.773 -25.787 2.500 0 0 255
-34.701 -27.459 2.104 0 255 174
-35.587 -27.254 3.084 0 0 255
-33.545 -25.455 1.764 0 42 255
-36.420 -25.309 3.025 0 170 255
-35.812 -24.396 2.329 0 0 255
-32.949 -26.080 1.574 0 8 255
-36.315 -25.881 2.134 0 102 255
-35.233 -26.804 2.352 0 255 199
-34.021 -24.853 0.422 0 0 255
-33.848 -25.953 1.453 0 59 255
-37.272 -25.507 0.368 0 34 255
-35.700 -27.575 2.549 0 170 255
-35.668 -27.520 2.259 0 59 255
-35.460 -25.811 1.828 0 255 238
-35.714 -27.034 2.240 0 42 255
-35.355 -25.735 2.496 0 8 255
-36.479 -27.491 2.112 0 17 255
-35.777 -25.078 2.032 0 255 123
-36.529 -25.597 2.816 0 8 255
-34.874 -27.556 2.468 0 0 255
-36.475 -23.445 1.065 0 76 255
-36.418 -26.023 2.847 0 0 255
-36.326 -25.994 3.248 0 119 255
-37.413 -26.342 0.780 0 255 178
-34.716 -26.639 0.948 0 59 255
-35.552 -25.794 1.935 0 0 255
-36.400 -27.516 2.043 0 187 255
-35.279 -26.891 2.526 0 0 255
-36.441 -24.652 2.234 0 34 255
-36.656 -25.619 2.948 0 0 255
-37.443 -22.635 0.378 0 8 255
-35.159 -25.795 1.868 0 8 255
-35.969 -27.644 3.381 0 153 255
-36.562 -25.266 2.008 0 0 255
-35.107 -25.406 2.256 0 187 255
-36.300 -23.267 0.917 0 0 255
-37.226 -23.965 0.748 0 25 255
-36.340 -26.624 3.166 0 68 255
-36.134 -24.727 2.278 0 102 255
-33.595 -25.841 1.117 0 0 255
-34.768 -26.924 2.053 0 102 255
-35.120 -26.270 2.482 0 0 255
-37.588 -23.438 1.314 0 8 255
-35.840 -27.727 2.411 0 85 255
-35.153 -25.387 1.478 0 0 255
-35.583 -24.792 2.120 0 0 255
-35.202 -27.324 2.244 0 51 255
-35.910 -28.070 1.861 0 85 255
-34.298 -25.413 1.422 0 170 255
-35.928 -24.624 2.518 0 255 140
-34.319 -25.741 1.967 0 85 255
-37.158 -24.700 0.623 0 144 255
-37.160 -25.054 0.541 0 51 255
-34.788 -26.665 1.140 0 0 255
-35.360 -28.029 2.477 0 0 255
-37.405 -22.559 0.724 0 0 255
-34.489 -26.540 2.808 0 0 255
-34.673 -26.424 1.197 0 110 255
-34.903 -27.121 2.017 0 59 255
-35.545 -24.736 2.511 0 0 255
-36.353 -26.060 3.169 0 0 255
-33.665 -25.364 1.802 0 0 255
-35.554 -27.670 2.332 0 255 165
-36.382 -24.552 2.323 0 25 255
-35.108 -27.173 1.865 0 85 255
-35.178 -27.725 0.591 0 85 255
-36.480 -26.133 0.748 0 25 255
-35.417 -25.806 1.908 0 0 255
-36.044 -27.168 2.727 0 127 255
-35.459 -27.356 2.883 0 8 255
-36.446 -23.458 1.110 0 0 255
-36.405 -25.287 1.908 0 8 255
-36.954 -25.742 1.433 0 68 255
-36.093 -26.672 2.824 0 17 255
-36.520 -23.460 0.715 0 255 153
-34.739 -26.776 0.882 0 17 255
-33.762 -26.001 1.219 0 0 255
-35.192 -27.670 2.461 0 8 255
-35.301 -25.699 2.557 0 195 255
-35.425 -26.002 1.753 0 17 255
-36.240 -27.576 1.840 0 17 255
-36.702 -25.332 1.834 0 0 255
-36.596 -26.942 2.345 0 246 255
-35.586 -27.038 2.512 0 0 255
-35.999 -27.777 3.779 0 0 255
-35.166 -26.368 2.063 0 255 233
-34.852 -26.662 1.011 0 17 255
-35.718 -27.509 3.036 0 0 255
-35.092 -27.054 0.735 0 8 255
-37.338 -23.341 0.636 0 68 255
-36.310 -26.702 3.776 0 0 255
-35.806 -25.379 2.021 0 110 255
-36.475 -26.650 2.572 0 0 255
-35.429 -25.929 1.746 0 170 255
-35.622 -27.826 2.809 0 8 255
-34.800 -27.222 2.094 0 255 195
-35.951 -25.517 2.695 0 0 255
-36.285 -26.552 4.017 0 51 255
-35.948 -27.653 3.175 0 0 255
-36.884 -25.766 1.426 0 255 250
-36.306 -26.784 3.808 0 0 255
-35.167 -25.545 1.646 0 25 255
-34.826 -26.595 1.296 0 8 255
-34.796 -26.960 2.028 0 136 255
-34.586 -26.109 1.335 0 0 255
-33.938 -25.348 2.750 0 0 255
-35.508 -26.892 2.783 0 42 255
-35.169 -26.382 1.717 0 0 255
-35.728 -27.510 3.097 0 0 255
-35.835 -27.840 2.661 0 42 255
-35.030 -27.409 2.220 0 187 255
-36.125 -24.886 1.872 0 255 153
-37.260 -22.671 0.489 0 255 153
-36.578 -25.591 2.594 0 51 255
-37.098 -23.110 0.804 0 127 255
-36.300 -26.093 1.649 0 0 255
-35.532 -27.077 2.650 0 8 255
-36.068 -24.687 1.900 0 102 255
-34.682 -26.509 1.128 0 0 255
-34.834 -26.776 2.197 0 229 255
-33.336 -25.329 2.619 0 0 255
-37.305 -25.762 0.244 0 255 229
-35.979 -27.758 2.433 0 0 255
-35.689 -23.620 2.402 0 0 255
-36.794 -23.390 1.392 0 68 255
-34.076 -25.352 0.714 0 59 255
-35.126 -25.810 1.840 0 0 255
-37.482 -26.476 0.607 0 255 178
-35.395 -27.815 1.039 0 246 255
-36.065 -27.377 2.205 0 85 255
-34.341 -26.198 1.271 0 85 255
-36.702 -23.279 0.743 0 25 255
-35.297 -24.514 1.454 0 0 255
-34.871 -27.058 2.120 0 0 255
-36.204 -27.590 1.861 0 119 255
-35.150 -27.025 1.333 0 59 255
-36.821 -24.263 0.690 0 153 255
-35.638 -27.969 1.448 0 0 255
-33.902 -25.808 2.837 0 0 255
-36.102 -26.562 2.731 0 8 255
-37.561 -26.714 0.368 0 255 148
-36.695 -25.629 3.103 0 76 255
-35.077 -26.165 2.707 0 0 255
-33.511 -25.463 1.705 0 51 255
-33.737 -25.482 1.571 0 255 165
-35.118 -27.397 2.357 0 255 153
-35.524 -26.794 2.279 0 255 170
-34.851 -26.605 1.076 0 76 255
-35.980 -27.687 2.804 0 229 255
-35.874 -24.928 2.391 0 0 255
-34.795 -26.691 0.932 0 76 255
-34.267 -25.535 1.568 0 0 255
-36.386 -27.118 2.323 0 255 157
-33.850 -25.729 2.802 0 34 255
-33.983 -25.683 1.850 0 59 255
-35.488 -27.350 2.756 0 255 255
-37.499 -26.493 0.721 0 0 255
-37.020 -23.299 0.897 0 229 255
-35.663 -27.781 3.012 0 68 255
-34.029 -24.831 0.424 0 8 255
-35.341 -26.496 2.553 0 0 255
-36.354 -26.915 2.594 0 0 255
-36.211 -26.546 4.427 0 0 255
-34.363 -26.259 1.407 0 51 255
-36.842 -23.422 1.934 0 51 255
-34.683 -26.920 2.128 0 0 255
-35.674 -27.421 2.580 0 51 255
-34.994 -27.209 2.403 0 68 255
-36.954 -26.737 2.122 0 76 255
-33.951 -25.915 1.261 0 0 255
-36.828 -26.757 1.620 0 0 255
-35.342 -25.590 2.447 0 0 255
-37.222 -22.794 0.626 0 17 255
-36.852 -23.351 0.829 0 0 255
-35.888 -25.577 2.519 0 0 255
-34.863 -27.262 2.124 0 255 221
-35.407 -27.725 0.805 0 0 255
-35.862 -27.436 2.236 0 0 255
-34.832 -27.644 2.611 0 178 255
-36.455 -26.549 2.591 0 0 255
-34.756 -27.895 1.007 0 0 255
-35.277 -26.990 2.380 0 255 106
-36.371 -26.770 3.406 0 0 255
-35.726 -27.913 1.599 0 34 255
-34.668 -27.174 2.352 0 34 255
-36.922 -23.646 1.186 0 93 255
-37.572 -26.662 1.163 0 0 255
-36.258 -26.854 2.470 0 25 255
-35.677 -27.735 2.990 0 0 255
-36.295 -24.477 2.325 0 255 250
-35.513 -27.510 2.485 0 0 255
-35.667 -25.756 2.451 0 127 255
-35.564 -24.757 2.157 0 8 255
-35.993 -25.560 2.668 0 102 255
-35.628 -23.804 2.588 0 0 255
-35.321 -24.492 1.187 0 0 255
-34.659 -25.343 1.805 0 255 233
-36.672 -25.296 1.945 0 0 255
-34.658 -26.591 2.646 0 0 255
-36.459 -25.885 1.994 0 0 255
-35.534 -27.277 3.319 0 0 255
-36.534 -27.298 2.177 0 178 255
-37.329 -25.741 0.283 0 170 255
-35.340 -24.138 2.533 0 178 255
-36.097 -24.704 2.224 0 255 199
-36.020 -26.372 2.482 0 255 242
-35.613 -27.600 2.453 0 25 255
-36.859 -26.307 0.267 0 255 178
-32.879 -26.148 1.501 0 8 255
-35.918 -24.736 2.333 0 170 255
-35.011 -27.546 0.563 0 0 255
-35.612 -26.787 2.921 0 17 255
-33.316 -25.301 2.547 0 51 255
-34.554 -26.301 1.281 0 0 255
-34.843 -27.429 2.518 0 8 255
-34.977 -27.905 0.336 0 170 255
-34.207 -25.451 1.206 0 42 255
-36.459 -26.187 1.054 0 0 255
-34.683 -26.620 2.405 0 0 255
-34.796 -26.681 1.315 0 0 255
-36.065 -24.676 1.902 0 127 255
-34.898 -27.537 2.566 0 17 255
-35.631 -27.788 2.401 0 0 255
-35.855 -27.871 2.122 0 0 255
-34.273 -26.056 2.030 0 8 255
-36.487 -26.346 2.947 0 68 255
-35.079 -27.153 2.061 0 17 255
-35.402 -27.751 1.024 0 0 255
-37.042 -23.278 0.881 0 195 255
-36.326 -25.841 2.154 0 0 255
-34.622 -26.664 2.658 0 136 255
-35.204 -27.000 2.582 0 0 255
-35.064 -25.344 2.358 0 170 255
-34.579 -25.123 0.802 0 0 255
-36.532 -26.205 3.038 0 8 255
-35.368 -25.773 0.550 0 0 255
-37.256 -26.586 1.622 0 8 255
-35.818 -27.629 2.196 0 42 255
-35.815 -27.561 2.322 0 8 255
-36.099 -24.817 1.885 0 255 221
-35.696 -26.208 2.806 0 0 255
-35.597 -24.455 2.449 0 0 255
-37.185 -22.977 0.674 0 195 255
-32.769 -26.481 1.297 0 25 255
-35.077 -26.182 2.675 0 0 255
-33.428 -24.807 1.803 0 0 255
-34.029 -25.691 1.829 0 144 255
-34.923 -26.529 2.291 0 0 255
-35.174 -26.385 1.899 0 0 255
-34.756 -26.621 2.125 0 255 161
-36.784 -24.160 0.934 0 42 255
-35.803 -27.665 2.208 0 110 255
-34.943 -25.115 2.689 0 0 255
-34.772 -26.563 1.870 0 85 255
-34.004 -25.128 2.067 0 0 255
-35.281 -24.084 2.522 0 102 255
-35.080 -26.550 1.852 0 17 255
-34.780 -27.505 2.390 0 144 255
-35.754 -26.576 2.356 0 59 255
-37.539 -26.698 0.426 0 102 255
-36.120 -23.184 0.977 0 8 255
-34.861 -27.166 0.521 0 110 255
-34.055 -25.311 0.697 0 0 255
-36.274 -26.515 4.321 0 8 255
-35.196 -27.615 2.409 0 0 255
-36.949 -25.670 1.498 0 255 165
-36.267 -27.172 2.218 0 34 255
-34.293 -26.025 1.168 0 25 255
-37.046 -24.235 1.341 0 17 255
-34.896 -25.099 2.777 0 17 255
-36.089 -25.782 2.817 0 0 255
-36.622 -26.105 3.176 0 0 255
-37.312 -22.825 0.436 0 255 238
-33.528 -25.458 2.060 0 221 255
-33.520 -25.111 1.656 0 0 255
-34.224 -25.478 1.912 0 0 255
-33.918 -25.692 2.682 0 0 255
-34.099 -25.659 1.662 0 0 255
-36.338 -26.151 3.033 0 59 255
-34.265 -25.663 1.508 0 0 255
-35.538 -26.019 2.663 0 8 255
-36.400 -26.845 3.155 0 59 255
-37.248 -23.339 0.778 0 25 255
-34.528 -26.730 2.800 0 127 255
-34.825 -26.640 1.310 0 0 255
-36.758 -25.076 3.033 0 0 255
-34.657 -25.540 1.667 0 8 255
-34.915 -25.493 1.804 0 34 255
-35.588 -27.390 2.445 0 0 255
-34.317 -26.210 1.645 0 0 255
-34.870 -26.699 1.010 0 0 255
-35.434 -27.050 2.819 0 42 255
-34.904 -27.107 0.677 0 17 255
-35.958 -28.087 2.162 0 0 255
-36.738 -26.288 0.348 0 0 255
-34.297 -26.099 1.835 0 17 255
-35.953 -27.676 3.150 0 0 255
-35.583 -27.809 2.131 0 34 255
-34.110 -25.640 1.571 0 17 255
-33.511 -25.357 1.732 0 25 255
-34.977 -26.561 2.081 0 255 242
-36.528 -25.282 3.256 0 0 255
-34.190 -26.668 2.975 0 8 255
-34.018 -25.356 2.617 0 0 255
-37.046 -23.799 1.062 0 0 255
-34.082 -25.350 0.619 0 0 255
-36.769 -26.710 1.833 0 25 255
-35.778 -25.412 2.028 0 255 225
-35.050 -26.180 2.885 0 0 255
-35.032 -27.376 2.254 0 153 255
-35.286 -26.280 1.736 0 195 255
-36.684 -26.871 1.987 0 144 255
-35.480 -27.030 2.815 0 34 255
-33.816 -25.567 1.630 0 255 225
-35.981 -28.057 2.013 0 51 255
-35.287 -24.525 1.365 0 0 255
-37.072 -25.857 1.314 0 17 255
-35.600 -27.798 1.430 0 0 255
-34.632 -26.094 1.305 0 17 255
-35.131 -27.136 2.097 0 255 182
-36.318 -26.644 4.094 0 0 255
-36.994 -26.639 2.120 0 0 255
-35.617 -26.177 2.820 0 25 255
-34.743 -26.528 2.469 0 0 255
-36.339 -25.799 2.151 0 255 165
-36.464 -23.366 1.005 0 255 242
-35.812 -27.809 2.947 0 0 255
-37.051 -23.800 1.095 0 255 187
-36.339 -26.080 3.167 0 0 255
-35.899 -27.578 2.592 0 255 25
-34.918 -26.709 2.272 0 8 255
-36.585 -25.131 2.046 0 51 255
-36.603 -25.091 1.979 0 0 255
-36.322 -24.885 2.462 0 255 182
-35.368 -24.543 1.828 0 0 255
-34.020 -25.650 1.492 0 255 229
-34.268 -25.737 2.025 0 34 255
-36.724 -26.213 0.359 0 110 255
-34.859 -27.539 2.433 0 0 255
-34.696 -27.291 2.060 0 136 255
-35.937 -25.947 2.670 0 0 255
-37.063 -24.753 0.767 0 85 255
-36.342 -26.695 4.044 0 0 255
-33.396 -25.377 2.404 0 25 255
-36.854 -27.065 2.159 0 25 255
-35.842 -23.961 2.443 0 0 255
-36.136 -23.156 0.998 0 8 255
-35.952 -24.609 2.357 0 76 255
-36.858 -23.388 1.838 0 255 250
-36.241 -27.606 2.164 0 51 255
-35.443 -25.771 2.855 0 0 255
-34.839 -26.812 2.217 4 255 0
-37.294 -25.623 0.422 0 238 255
-35.580 -24.361 0.864 0 0 255
-35.174 -25.571 1.774 0 0 255
-35.593 -27.146 3.272 0 68 255
-36.017 -27.106 2.759 0 0 255
-36.874 -24.224 0.728 0 102 255
-37.116 -22.908 0.629 0 0 255
-34.822 -27.312 2.391 0 68 255
-35.475 -26.467 1.827 0 85 255
-35.155 -27.057 1.545 0 8 255
-34.932 -27.540 2.502 0 0 255
-33.811 -25.889 1.405 0 25 255
-35.602 -27.278 3.139 0 0 255
-37.154 -26.514 1.843 0 0 255
-35.426 -25.959 2.628 0 153 255
-36.040 -26.531 2.697 0 34 255
-35.504 -27.828 2.555 0 0 255
-35.853 -27.844 1.692 0 85 255
-34.652 -27.218 2.241 0 0 255
-37.298 -25.507 0.416 0 102 255
-35.973 -27.630 3.112 0 204 255
-35.664 -27.827 3.149 0 0 255
-35.949 -26.164 2.651 0 85 255
-35.095 -25.370 2.324 0 0 255
-35.594 -26.745 2.292 0 153 255
-36.699 -24.453 0.941 0 0 255
-36.504 -25.420 1.820 0 255 153
-36.197 -27.001 2.967 0 17 255
-34.591 -26.582 2.706 0 0 255
-35.304 -25.896 1.712 0 0 255
-36.542 -25.425 1.803 0 255 178
-34.848 -27.748 0.829 0 0 255
-35.793 -24.348 2.189 0 42 255
-36.268 -26.627 3.044 0 8 255
-35.993 -27.667 3.014 0 0 255
-34.775 -27.188 2.138 0 42 255
-36.318 -26.009 3.255 0 0 255
-34.205 -25.587 1.603 0 102 255
-36.794 -25.176 2.891 0 0 255
-37.322 -26.106 1.078 0 255 157
-37.158 -23.389 0.859 0 8 255
-33.535 -25.134 1.710 0 204 255
-35.662 -27.376 2.695 0 0 255
-34.756 -26.751 0.804 0 255 212
-35.433 -23.742 2.477 0 255 170
-35.939 -24.360 0.730 0 8 255
-34.676 -26.987 0.566 0 0 255
-35.507 -25.667 2.721 0 25 255
-35.003 -27.308 2.224 0 221 255
-37.372 -23.356 0.699 0 8 255
-36.429 -26.053 0.422 0 178 255
-35.103 -27.105 0.739 0 0 255
-35.268 -25.830 2.606 0 0 255
-36.572 -26.476 2.886 0 25 255
-35.386 -25.972 1.783 0 0 255
-35.899 -28.124 1.904 0 68 255
-37.076 -22.833 0.609 0 0 255
-34.741 -26.569 2.468 0 0 255
-36.462 -23.654 0.370 0 93 255
-33.847 -25.782 2.048 0 0 255
-34.843 -27.096 2.137 0 85 255
-36.919 -23.441 1.008 0 0 255
-34.931 -27.047 2.128 0 102 255
-35.820 -24.424 3.093 0 0 255
-37.309 -23.277 0.583 0 25 255
-34.539 -27.439 2.217 0 17 255
-35.902 -24.242 2.526 0 0 255
-34.742 -26.022 1.298 0 255 165
-35.010 -25.536 3.207 0 17 255
-35.965 -27.723 2.837 0 0 255
-36.607 -25.552 1.724 0 25 255
-35.270 -27.135 2.334 0 0 255
-35.105 -27.830 0.861 0 0 255
-35.046 -27.893 0.355 0 0 255
-35.766 -25.898 2.458 0 0 255
-35.093 -25.299 2.455 0 0 255
-35.155 -25.643 1.691 0 0 255
-34.228 -25.728 2.305 0 0 255
-34.248 -25.606 1.489 0 25 255
-35.781 -24.054 2.438 0 0 255
-36.098 -26.204 2.949 0 8 255
-36.597 -25.502 2.954 0 110 255
-36.950 -23.275 0.855 0 0 255
-35.955 -24.378 2.599 0 0 255
-34.037 -25.630 1.521 0 0 255
-35.674 -27.745 2.447 0 34 255
-36.179 -27.477 2.185 0 0 255
-34.113 -25.433 0.887 0 34 255
-34.278 -25.526 1.476 0 25 255
-35.167 -25.524 1.701 0 51 255
-35.189 -25.543 1.908 0 0 255
-36.382 -26.882 3.221 0 0 255
-33.379 -25.124 1.994 0 0 255
-34.143 -25.277 1.788 0 25 255
-34.861 -27.417 2.161 0 255 238
-35.248 -26.365 1.694 0 34 255
-35.564 -25.739 2.610 0 8 255
-35.338 -27.125 2.407 0 17 255
-35.035 -27.873 0.277 0 0 255
-35.062 -27.235 2.395 0 34 255
-35.290 -27.384 2.349 0 68 255
-34.917 -27.536 2.188 0 255 233
-35.139 -26.448 1.608 0 0 255
-35.383 -27.830 0.946 0 255 199
-37.138 -23.795 1.103 0 0 255
-34.789 -26.571 2.003 0 229 255
-36.803 -24.313 1.826 0 25 255
-35.897 -27.955 2.502 0 0 255
-34.805 -27.293 0.312 0 127 255
-35.464 -25.878 2.613 0 0 255
-35.616 -27.101 2.552 0 255 144
-35.933 -24.641 2.497 0 0 255
-37.251 -25.040 0.599 0 153 255
-36.206 -27.556 1.944 0 0 255
-35.941 -26.179 2.638 0 51 255
-36.759 -24.172 0.966 0 0 255
-33.916 -25.819 1.272 0 0 255
-34.706 -26.802 0.716 0 229 255
-34.046 -25.674 1.731 0 42 255
-35.080 -26.049 1.871 0 0 255
-35.633 -27.446 2.869 0 8 255
-33.597 -25.260 1.665 0 0 255
-36.857 -23.679 1.267 0 17 255
-34.115 -25.381 2.256 0 85 255
-35.552 -27.972 1.266 0 76 255
-35.931 -25.567 2.732 0 34 255
-35.117 -27.096 0.750 0 0 255
-33.521 -25.297 1.808 0 68 255
-35.941 -24.600 2.397 0 255 140
-37.060 -23.259 0.865 0 0 255
-35.084 -25.315 1.206 0 0 255
-34.151 -25.028 0.849 0 0 255
-36.360 -23.400 0.457 0 0 255
-35.910 -24.919 2.436 0 8 255
-35.934 -28.129 2.063 0 0 255
-36.790 -23.304 0.834 0 0 255
-37.241 -23.283 0.559 0 255 174
-37.020 -26.691 2.082 0 127 255
-36.472 -27.467 2.111 0 0 255
-35.539 -26.748 2.841 0 0 255
-35.243 -27.456 2.359 0 255 148
-37.332 -22.853 0.571 0 255 170
-35.845 -25.127 2.086 0 255 221
-34.302 -25.812 1.291 0 34 255
-35.594 -24.324 3.134 0 8 255
-34.394 -26.569 2.852 0 0 255
-36.221 -27.490 2.141 0 8 255
-33.324 -25.337 0.659 0 0 255
-35.886 -27.852 2.244 0 255 212
-36.637 -23.434 1.068 0 170 255
-34.412 -26.237 1.105 0 161 255
-34.354 -26.154 1.224 0 17 255
-35.955 -27.698 2.643 0 25 255
-34.484 -26.292 1.235 0 34 255
-36.793 -26.805 1.367 0 0 255
-36.038 -24.605 1.925 0 25 255
-36.786 -24.242 0.812 0 204 255
-37.142 -25.926 1.232 0 127 255
-33.394 -25.499 0.784 0 68 255
-37.162 -25.022 0.598 0 178 255
-37.236 -23.745 0.708 0 110 255
-36.765 -26.764 1.624 0 25 255
-34.240 -26.045 1.922 0 0 255
-37.129 -24.243 1.226 0 0 255
-36.804 -23.306 1.547 0 8 255
-36.297 -25.972 1.772 0 0 255
-36.550 -26.547 2.986 0 85 255
-35.591 -25.669 1.962 0 59 255
-34.687 -27.118 2.150 0 8 255
-34.336 -26.603 2.903 0 0 255
-35.222 -27.848 0.675 0 212 255
-36.373 -26.770 3.505 0 0 255
-35.864 -25.229 1.964 0 0 255
-35.975 -26.026 2.662 0 255 250
-33.945 -25.244 1.614 0 17 255
-34.044 -25.137 2.125 0 0 255
-34.144 -25.060 0.938 0 0 255
-37.201 -26.531 1.945 0 8 255
-34.438 -28.142 2.855 0 0 255
-36.234 -26.515 4.442 0 0 255
-34.886 -27.383 2.261 0 127 255
-35.407 -25.833 1.846 0 51 255
-35.818 -27.704 2.433 0 0 255
-34.649 -26.536 1.072 0 0 255
-33.436 -25.007 1.695 0 127 255
-36.479 -26.164 3.167 0 0 255
-35.418 -27.715 0.976 0 144 255
-37.323 -22.668 0.716 0 34 255
-35.271 -25.852 0.726 0 17 255
-37.088 -25.470 1.369 0 0 255
-33.809 -25.965 1.329 0 0 255
-37.208 -26.557 2.037 0 76 255
-36.355 -26.727 3.560 0 102 255
-35.837 -27.788 2.711 0 8 255
-36.345 -26.089 2.878 0 255 250
-34.126 -25.684 1.427 0 0 255
-35.167 -27.770 0.460 0 85 255
-35.081 -25.367 1.141 0 0 255
-35.108 -27.793 0.430 0 102 255
-35.147 -26.262 2.390 0 0 255
-36.303 -25.915 1.954 0 0 255
-36.728 -25.430 1.802 0 8 255
-36.365 -25.223 3.091 0 0 255
-36.884 -23.282 0.908 0 42 255
-34.690 -25.410 3.345 0 0 255
-36.545 -23.453 1.064 0 8 255
-34.580 -26.761 2.887 0 51 255
-36.660 -25.575 3.068 0 0 255
-34.684 -25.600 1.658 0 25 255
-35.930 -28.002 2.207 0 0 255
-35.289 -27.620 2.311 0 42 255
-34.684 -27.792 2.755 0 93 255
-34.552 -26.694 2.753 0 93 255
-35.437 -24.201 2.453 0 0 255
-35.787 -23.924 2.437 0 8 255
-37.251 -26.012 1.066 0 85 255
-33.292 -25.310 2.545 0 8 255
-36.458 -26.167 1.042 0 136 255
-36.255 -26.574 4.167 0 0 255
-35.404 -27.773 0.962 0 42 255
-35.713 -24.848 2.131 0 0 255
-35.384 -26.972 2.740 0 204 255
-36.710 -25.114 1.948 0 0 255
-35.263 -25.054 2.573 0 0 255
-35.306 -25.897 0.975 0 127 255
-35.661 -27.820 2.157 0 255 246
-37.370 -22.780 0.671 0 85 255
-34.859 -26.664 1.150 0 102 255
-34.034 -25.380 2.628 0 0 255
-35.440 -26.706 2.588 0 255 221
-37.251 -25.371 0.492 0 144 255
-35.712 -25.363 2.523 0 0 255
-36.817 -24.067 0.878 0 17 255
-35.679 -27.231 2.615 0 0 255
-35.579 -27.159 2.733 0 255 97
-35.219 -27.702 2.502 0 59 255
-35.571 -26.516 1.908 0 0 255
-36.892 -23.764 1.206 0 255 246
-35.943 -27.736 2.363 0 255 182
-35.518 -27.459 2.372 0 255 246
-35.187 -27.876 0.607 0 0 255
-36.432 -25.663 2.691 0 51 255
-35.304 -24.589 1.829 0 0 255
-34.990 -26.682 2.433 0 0 255
-34.978 -27.913 0.231 0 255 242
-36.445 -23.530 0.618 0 0 255
-35.945 -28.024 2.352 0 0 255
-36.350 -23.513 1.210 0 0 255
-37.446 -26.439 0.765 0 255 131
-34.832 -26.618 1.015 0 25 255
-36.009 -27.732 2.788 0 0 255
-34.650 -26.935 0.530 0 153 255
-34.332 -25.620 1.373 0 34 255
-34.866 -27.132 0.671 0 0 255
-37.111 -25.478 1.313 0 25 255
-34.323 -25.336 1.318 0 0 255
-37.279 -23.181 0.594 0 34 255
-36.693 -23.902 0.667 0 0 255
-37.134 -22.785 0.461 0 0 255
-36.286 -25.618 1.913 0 8 255
-34.342 -26.517 1.321 0 51 255
-34.863 -25.993 1.259 0 25 255
-34.488 -26.612 2.845 0 0 255
-34.173 -25.799 1.533 0 8 255
-34.807 -26.992 2.122 0 0 255
-36.803 -23.288 1.450 0 0 255
-36.428 -23.520 0.503 0 51 255
-35.643 -27.720 2.447 0 25 255
-36.023 -27.689 3.064 0 0 255
-35.571 -26.652 2.199 0 93 255
-35.518 -26.960 2.727 0 0 255
-35.119 -27.611 2.277 0 212 255
-34.719 -25.220 0.855 0 42 255
-36.780 -25.041 2.961 0 76 255
-35.852 -27.721 2.474 0 161 255
-34.058 -25.356 0.632 0 85 255
-36.440 -26.171 3.047 0 0 255
-37.154 -25.922 1.215 0 0 255
-35.913 -24.433 2.084 0 8 255
-34.781 -27.917 0.936 0 255 246
-35.870 -26.145 2.432 0 8 255
-34.476 -27.491 2.221 0 212 255
-35.871 -27.602 3.120 0 17 255
-35.368 -26.971 2.788 0 85 255
-35.411 -25.892 1.809 0 102 255
-37.247 -23.321 0.676 0 136 255
-34.771 -26.765 0.864 0 255 216
-36.975 -23.257 0.982 0 246 255
-35.564 -27.225 2.629 0 0 255
-34.075 -25.924 1.314 0 59 255
-36.831 -24.214 0.530 0 102 255
-36.029 -27.665 3.299 0 0 255
-37.348 -25.264 0.568 0 255 212
-35.125 -26.434 1.894 0 0 255
-35.114 -26.262 2.334 0 255 255
-35.836 -24.233 0.717 0 8 255
-37.319 -22.882 0.561 0 0 255
-36.572 -26.211 3.022 0 0 255
-36.833 -23.696 1.265 0 0 255
-36.564 -25.560 2.583 0 255 216
-35.171 -27.098 1.969 0 34 255
-35.618 -27.547 2.950 0 34 255
-35.926 -24.407 2.288 0 0 255
-36.950 -25.762 1.434 0 8 255
-37.149 -24.796 0.637 0 238 255
-36.812 -24.153 0.845 0 68 255
-34.722 -26.531 2.481 0 0 255
-35.724 -27.791 2.829 0 102 255
-35.824 -26.152 2.546 0 127 255
-34.982 -27.366 2.417 0 204 255
-34.742 -27.380 2.159 0 255 59
-35.891 -25.627 1.980 0 8 255
-35.977 -26.410 2.655 0 25 255
-35.113 -27.133 1.878 0 8 255
-35.935 -27.738 3.528 0 8 255
-35.515 -25.922 1.918 0 51 255
-34.390 -25.352 2.957 0 0 255
-35.169 -27.126 1.630 0 76 255
-35.378 -27.715 2.324 0 0 255
-37.419 -26.392 0.878 0 8 255
-36.512 -26.178 1.228 0 255 182
-36.484 -26.027 0.490 0 59 255
-35.641 -27.759 3.076 0 25 255
-36.274 -27.566 1.917 0 68 255
-35.495 -27.693 2.321 0 144 255
-36.794 -25.533 1.768 0 0 255
-35.625 -27.383 2.552 0 8 255
-37.175 -24.271 0.955 0 0 255
-36.127 -25.699 2.851 0 0 255
-35.820 -28.155 1.866 0 85 255
-36.823 -23.776 0.912 0 17 255
-34.784 -26.992 1.878 0 102 255
-33.796 -25.684 2.776 0 0 255
-35.923 -28.044 1.894 0 25 255
-36.061 -26.221 2.917 0 25 255
-35.126 -26.913 2.443 0 42 255
-36.267 -26.479 4.477 0 51 255
-35.949 -28.013 2.203 0 0 255
-36.866 -25.707 1.513 0 255 157
-34.859 -26.668 1.036 0 17 255
-36.352 -23.386 0.423 0 42 255
-33.512 -25.430 2.075 0 68 255
-34.399 -25.331 2.951 0 59 255
-34.857 -27.225 2.224 0 0 255
-34.788 -27.366 2.504 0 229 255
-35.083 -25.374 1.200 0 0 255
-35.936 -27.980 2.225 0 0 255
-35.258 -27.770 0.768 0 255 250
-35.891 -27.959 2.478 0 255 127
-35.174 -25.612 1.620 0 119 255
-36.503 -23.845 0.548 0 0 255
-36.025 -27.718 2.815 0 0 255
-36.181 -23.224 0.954 0 0 255
-35.442 -27.221 2.426 0 93 255
-34.809 -27.042 1.946 0 0 255
-34.958 -25.857 1.876 0 0 255
-36.678 -24.946 2.299 0 0 255
-36.355 -25.819 2.696 0 34 255
-35.153 -25.455 1.647 0 0 255
-35.643 -27.330 2.915 0 85 255
-36.829 -26.758 1.429 0 0 255
-36.758 -27.293 2.305 0 255 204
-35.873 -24.870 2.507 0 0 255
-35.828 -25.243 2.001 0 0 255
-36.091 -26.676 2.779 0 161 255
-34.269 -25.527 1.590 0 17 255
-35.911 -27.765 2.687 0 255 34
-36.432 -23.488 0.491 0 8 255
-34.628 -26.435 1.088 0 25 255
-35.370 -25.810 0.773 0 25 255
-36.339 -26.105 3.179 0 25 255
-34.648 -27.050 2.004 0 25 255
-35.585 -27.203 3.244 0 0 255
-34.759 -27.953 0.966 0 255 221
-35.164 -25.406 1.499 0 178 255
-34.851 -27.254 2.231 0 51 255
-35.505 -25.236 2.145 0 34 255
-35.578 -27.077 2.547 0 255 225
-35.441 -25.694 2.883 0 110 255
-35.951 -28.129 2.386 0 0 255
-35.614 -27.303 2.567 0 25 255
-36.790 -23.290 1.523 0 0 255
-35.907 -27.820 2.319 0 255 191
-36.159 -26.641 2.839 0 59 255
-35.725 -27.855 2.764 0 8 255
-36.284 -25.129 1.803 0 0 255
-34.788 -26.618 1.427 0 0 255
-35.173 -27.021 1.626 0 0 255
-36.789 -23.793 0.936 0 255 165
-34.753 -26.930 2.318 0 17 255
-34.781 -27.655 0.745 0 76 255
-35.345 -25.813 0.915 0 25 255
-34.374 -26.509 1.210 0 8 255
-33.400 -25.420 0.743 0 34 255
-35.276 -25.804 1.090 0 0 255
-36.371 -26.804 3.245 0 0 255
-34.265 -25.858 1.232 0 8 255
-35.440 -27.786 1.157 0 34 255
-34.806 -26.949 0.801 0 0 255
-35.083 -26.539 1.804 0 8 255
-35.518 -27.128 2.551 0 8 255
-36.765 -27.198 2.414 0 238 255
-36.349 -26.773 3.431 0 0 255
-36.216 -27.657 1.823 0 0 255
-34.410 -26.275 1.077 0 238 255
-36.127 -27.532 2.165 0 42 255
-37.266 -25.809 0.234 0 255 170
-33.506 -25.458 1.689 0 34 255
-36.805 -23.686 0.924 0 0 255
-35.822 -24.772 2.574 0 0 255
-36.578 -23.419 1.047 0 17 255
-37.045 -24.624 0.714 0 0 255
-34.618 -26.688 2.711 0 68 255
-36.417 -27.483 2.098 0 0 255
-35.253 -25.787 0.779 0 255 238
-36.765 -24.294 0.859 0 17 255
-35.298 -26.300 1.653 0 0 255
-35.346 -25.728 2.634 0 68 255
-37.366 -22.770 0.700 0 255 148
-36.578 -25.374 3.193 0 0 255
-35.126 -27.889 0.467 0 229 255
-36.880 -25.694 1.558 0 0 255
-34.827 -27.647 2.584 0 25 255
-36.317 -26.740 3.529 0 255 246
-36.493 -26.155 3.088 0 0 255
-35.946 -24.630 2.388 0 76 255
-34.664 -27.029 0.474 0 17 255
-34.785 -26.592 2.348 0 153 255
-35.647 -27.435 2.222 0 0 255
-34.362 -26.215 1.078 0 0 255
-36.616 -23.412 0.666 0 0 255
-37.266 -23.340 0.745 0 255 191
-35.345 -26.015 1.800 0 8 255
-33.801 -25.539 1.560 0 34 255
-36.044 -25.582 2.308 0 102 255
-34.776 -27.452 2.212 0 68 255
-36.891 -24.237 0.752 0 255 157
-37.202 -24.626 0.671 0 59 255
-35.710 -26.730 2.944 0 255 195
-34.241 -26.138 1.583 0 8 255
-35.545 -25.953 1.920 0 8 255
-34.084 -26.001 1.309 0 255 246
-34.435 -26.393 1.149 0 0 255
-37.201 -23.089 0.694 0 0 255
-35.187 -27.067 0.859 0 136 255
-35.965 -27.732 2.439 0 161 255
-34.054 -26.051 1.342 0 136 255
-35.070 -26.195 2.946 0 0 255
-34.839 -27.362 2.521 0 255 242
-37.425 -26.382 0.884 0 0 255
-35.705 -27.881 1.572 0 110 255
-35.640 -27.884 3.051 0 255 165
-35.665 -26.981 2.571 0 68 255
-35.753 -26.406 2.273 0 8 255
-36.602 -25.405 3.185 0 0 255
-35.621 -27.307 2.916 0 153 255
-34.657 -26.599 2.563 0 51 255
-36.784 -24.271 0.502 0 255 178
-35.152 -27.006 1.467 0 0 255
-35.867 -27.715 2.228 0 0 255
-36.489 -27.369 2.167 0 255 182
-35.959 -25.997 2.675 0 0 255
-35.553 -27.010 2.489 0 0 255
-36.704 -23.281 0.785 0 204 255
-32.705 -26.389 1.353 0 0 255
-34.232 -25.475 1.795 0 8 255
-35.136 -25.477 1.994 0 187 255
-34.588 -26.457 1.066 0 0 255
-37.030 -26.632 2.178 0 0 255
-35.559 -26.945 2.879 0 127 255
-36.496 -26.518 3.117 0 0 255
-34.742 -26.648 0.947 0 0 255
-35.856 -27.800 2.690 0 255 216
-37.131 -24.778 0.754 0 0 255
-36.522 -26.320 2.884 0 34 255
-35.078 -26.860 2.442 0 8 255
-35.383 -25.790 2.645 0 0 255
-37.518 -26.629 0.572 0 255 123
-36.697 -24.142 0.962 0 17 255
-36.572 -25.466 2.690 0 8 255
-33.756 -25.542 1.886 0 102 255
-36.333 -25.975 1.740 0 127 255
-36.488 -26.110 0.607 0 255 250
-36.007 -24.426 2.284 0 42 255
-34.922 -25.110 2.793 0 0 255
-35.167 -27.646 2.345 0 136 255
-35.391 -27.371 2.738 0 255 255
-37.199 -26.634 1.921 0 0 255
-36.241 -23.897 2.730 0 76 255
-34.988 -27.576 2.270 0 68 255
-35.403 -24.657 2.053 0 59 255
-37.220 -25.159 0.627 0 0 255
-34.237 -25.084 1.033 0 0 255
-35.131 -27.789 0.542 0 204 255
-35.997 -27.743 3.547 0 0 255
-36.461 -23.344 1.232 0 204 255
-34.782 -26.835 2.186 0 255 199
-35.287 -24.130 2.636 0 0 255
-35.889 -27.919 2.046 0 255 191
-35.542 -27.292 3.366 0 8 255
-35.492 -24.157 2.466 0 0 255
-35.178 -27.396 2.455 0 0 255
-33.419 -25.379 2.190 0 0 255
-35.874 -27.920 2.708 0 0 255
-36.652 -24.923 2.365 0 144 255
-34.679 -27.747 2.728 0 8 255
-34.321 -25.743 1.781 0 255 182
-36.467 -25.299 1.802 0 68 255
-34.787 -27.028 1.943 0 0 255
-35.445 -27.743 0.971 0 17 255
-35.361 -24.259 2.497 0 51 255
-35.076 -27.885 0.416 0 8 255
-34.815 -26.674 1.094 0 255 238
-36.193 -25.853 2.669 0 0 255
-34.884 -27.555 2.380 0 0 255
-36.690 -23.942 0.918 0 102 255
-35.968 -28.129 2.016 0 170 255
-34.765 -26.611 2.464 0 8 255
-35.440 -27.093 2.717 0 0 255
-33.348 -25.334 2.389 0 51 255
-35.797 -25.379 1.951 0 8 255
-36.255 -26.555 4.021 0 0 255
-36.520 -25.379 1.822 0 42 255
-35.907 -27.608 3.121 0 8 255
-33.942 -25.737 1.990 0 93 255
-35.587 -27.537 2.902 0 0 255
-34.979 -27.344 0.250 0 76 255
-36.705 -26.910 2.027 0 0 255
-33.417 -25.432 2.255 0 0 255
-35.492 -27.873 1.165 0 238 255
-35.604 -26.521 2.045 0 8 255
-36.707 -23.493 1.063 0 255 182
-37.104 -24.723 0.777 0 17 255
-35.107 -26.099 2.864 0 0 255
-36.115 -27.574 2.171 0 255 191
-35.017 -26.073 1.918 0 0 255
-36.498 -26.116 0.576 0 68 255
-35.432 -24.236 2.387 0 0 255
-35.275 -25.685 3.095 0 42 255
-36.852 -23.442 0.840 0 0 255
-36.771 -24.999 3.094 0 34 255
-34.613 -26.090 1.302 0 187 255
-34.711 -27.100 2.050 0 255 204
-35.602 -27.811 2.195 0 0 255
-34.639 -26.659 2.640 0 0 255
-34.783 -27.509 2.136 0 51 255
-34.784 -27.724 2.596 0 8 255
-35.624 -25.777 2.662 0 0 255
-35.196 -26.897 2.568 0 255 136
-36.819 -24.299 0.512 0 0 255
-35.947 -28.036 2.423 0 8 255
-34.249 -25.604 1.505 0 255 140
-37.538 -22.666 0.409 0 153 255
-36.014 -27.908 2.220 29 255 0
-34.483 -26.378 1.077 0 0 255
-34.602 -25.510 1.742 0 17 255
-35.716 -24.571 2.938 0 59 255
-36.315 -25.989 1.943 0 102 255
-35.446 -27.821 1.160 0 161 255
-34.099 -25.329 2.462 0 34 255
-35.819 -27.582 2.576 0 102 255
-33.543 -25.307 1.823 0 0 255
-37.220 -23.320 0.581 0 68 255
-35.822 -24.028 2.386 0 204 255
-34.950 -27.404 2.120 0 0 255
-35.672 -27.809 2.188 0 0 255
-36.877 -23.313 1.139 0 8 255
-35.349 -24.476 1.302 0 0 255
-36.387 -26.879 2.783 0 255 187
-33.095 -25.923 1.724 0 0 255
-36.697 -26.879 1.967 0 68 255
-35.519 -27.382 3.174 0 0 255
-35.579 -25.731 1.916 0 34 255
-37.056 -24.715 0.730 0 255 157
-36.321 -25.952 2.756 0 0 255
-34.327 -25.760 2.057 0 0 255
-34.783 -26.577 1.627 0 51 255
-36.255 -26.625 4.057 0 0 255
-35.122 -26.098 1.256 0 8 255
-35.545 -25.790 1.902 0 0 255
-34.931 -27.455 2.244 0 25 255
-35.866 -27.178 2.211 0 204 255
-36.082 -26.617 2.823 0 0 255
-36.550 -25.497 3.301 0 0 255
-36.920 -23.348 1.040 0 0 255
-37.131 -25.556 1.344 0 0 255
-36.836 -24.114 0.905 0 51 255
-36.767 -24.223 0.875 0 17 255
-36.399 -26.852 2.497 0 8 255
-36.757 -23.989 0.760 0 0 255
-34.423 -26.021 1.362 0 0 255
-35.468 -26.970 2.873 0 17 255
-35.597 -27.514 2.361 0 170 255
-35.475 -27.330 2.388 0 255 246
-35.439 -27.054 2.758 0 255 182
-34.902 -25.302 0.937 0 0 255
-36.728 -23.619 0.909 0 0 255
-34.782 -26.613 1.425 0 246 255
-34.143 -24.814 0.339 0 25 255
-34.589 -27.991 2.813 0 0 255
-35.690 -25.445 2.012 0 8 255
-35.626 -27.098 3.229 0 0 255
-36.193 -24.013 2.684 0 51 255
-35.968 -27.705 2.742 0 255 165
-37.130 -25.522 1.318 0 0 255
-34.577 -28.005 2.843 0 0 255
-35.896 -25.035 2.179 0 0 255
-34.977 -27.786 0.273 0 0 255
-36.968 -24.300 1.542 0 238 255
-34.330 -25.963 1.278 0 195 255
-35.348 -25.650 2.578 0 0 255
-34.511 -27.561 2.228 0 255 127
-35.832 -24.306 2.220 0 85 255
-34.326 -25.929 1.308 0 255 161
-36.875 -24.186 0.519 0 8 255
-34.784 -26.640 0.897 0 255 242
-35.900 -27.834 2.216 0 0 255
-34.872 -27.083 1.966 0 76 255
-37.109 -23.183 0.818 0 8 255
-35.831 -28.138 1.830 0 0 255
-35.435 -24.654 2.503 0 144 255
-34.658 -25.574 1.716 0 17 255
-34.620 -27.222 2.180 0 34 255
-33.801 -25.835 2.134 0 0 255
-35.877 -27.798 2.328 0 25 255
-36.468 -26.355 2.152 0 17 255
-37.353 -26.024 0.200 0 0 255
-35.184 -26.964 2.533 0 255 208
-36.742 -23.254 1.227 0 0 255
-35.687 -27.420 2.238 0 144 255
-35.137 -26.504 1.598 0 255 170
-34.828 -27.253 2.122 0 255 199
-36.540 -25.530 3.376 0 8 255
-36.745 -23.491 1.124 0 17 255
-35.475 -27.047 2.709 0 8 255
-34.743 -26.978 2.261 0 51 255
-35.412 -27.807 1.064 0 76 255
-37.264 -25.325 0.526 0 8 255
-36.463 -26.276 2.062 0 0 255
-36.415 -27.591 1.997 0 0 255
-34.888 -27.135 0.620 0 42 255
-36.425 -26.197 1.999 0 8 255
-36.493 -23.425 1.029 0 127 255
-34.800 -25.463 1.784 0 0 255
-35.428 -27.751 2.337 0 0 255
-34.594 -27.110 2.048 0 59 255
-35.775 -25.781 2.480 0 8 255
-35.174 -25.998 1.202 0 25 255
-34.255 -25.451 1.198 0 59 255
-36.946 -24.448 0.792 0 161 255
-36.276 -25.073 2.125 0 0 255
-34.864 -27.380 2.254 0 136 255
-34.920 -26.985 2.221 0 255 161
-36.473 -27.407 2.090 0 238 255
-36.534 -23.391 1.128 0 0 255
-35.079 -26.005 1.832 0 42 255
-35.773 -25.502 2.011 0 59 255
-35.005 -27.909 0.249 0 102 255
-36.549 -23.408 1.038 0 255 174
-35.600 -27.196 3.239 0 102 255
-36.090 -26.501 2.770 0 8 255
-36.394 -26.289 2.954 0 0 255
-35.828 -27.765 2.683 0 42 255
-36.108 -25.670 2.965 0 8 255
-37.389 -26.159 0.946 0 17 255
-35.190 -27.039 1.474 0 153 255
-36.599 -26.714 2.756 0 0 255
-36.624 -26.145 3.042 0 42 255
-33.463 -25.425 2.018 0 0 255
-34.291 -25.615 1.303 0 93 255
-35.295 -25.894 0.861 0 59 255
-35.907 -25.477 2.530 0 0 255
-33.351 -25.363 2.553 0 0 255
-34.537 -26.302 1.301 0 0 255
-37.256 -26.023 1.125 0 110 255
-36.821 -23.281 1.552 0 17 255
-36.343 -26.612 4.074 0 85 255
-35.273 -25.854 1.659 0 255 212
-35.069 -25.317 2.473 0 17 255
-34.723 -27.193 2.197 0 255 80
-35.896 -28.037 1.870 0 110 255
-34.344 -26.609 2.879 0 0 255
-34.899 -26.600 1.108 0 153 255
-35.664 -27.769 3.002 0 238 255
-36.045 -26.851 2.813 0 8 255
-32.941 -24.896 2.341 0 8 255
-35.724 -25.036 2.125 0 255 182
-35.487 -26.498 2.427 0 255 148
-34.723 -26.867 2.312 0 68 255
-36.690 -27.008 2.100 0 0 255
-34.949 -27.578 2.473 0 25 255
-37.121 -26.711 2.108 0 255 165
-35.777 -26.156 2.513 0 25 255
-36.579 -25.468 2.639 0 255 229
-36.880 -23.380 2.022 0 153 255
-37.042 -23.176 1.061 0 0 255
-34.020 -25.327 2.579 0 0 255
-35.295 -25.914 0.682 0 59 255
-34.844 -27.240 2.102 0 255 216
-35.302 -25.865 0.993 0 0 255
-35.476 -26.928 2.632 0 0 255
-34.861 -26.717 2.297 0 0 255
-36.849 -26.392 0.272 0 187 255
-35.409 -24.571 2.509 0 59 255
-35.695 -27.885 2.192 0 0 255
-36.317 -23.316 0.964 0 51 255
-36.359 -26.871 3.058 0 0 255
-36.526 -25.256 3.217 0 0 255
-36.390 -24.585 2.285 0 204 255
-35.343 -27.928 2.506 0 255 161
-36.491 -26.389 2.171 0 0 255
-36.329 -26.645 3.850 0 255 204
-35.370 -27.583 2.453 0 8 255
-35.510 -27.072 2.828 0 42 255
-35.736 -27.516 2.897 0 0 255
-35.412 -27.805 0.958 0 8 255
-36.503 -26.412 2.889 0 42 255
-35.876 -25.529 2.295 0 0 255
-35.346 -25.666 2.522 0 68 255
-35.101 -27.853 0.486 0 68 255
-34.886 -27.091 0.643 0 246 255
-34.874 -27.020 2.192 0 0 255
-34.761 -27.767 2.669 0 0 255
-37.128 -23.008 0.673 0 85 255
-35.754 -27.722 2.442 0 170 255
-34.121 -24.868 0.542 0 0 255
-34.245 -25.690 1.337 0 0 255
-35.157 -27.871 0.571 0 255 233
-33.930 -25.693 1.944 0 8 255
-35.188 -27.320 2.213 0 127 255
-35.076 -25.923 1.838 0 51 255
-35.153 -27.125 1.711 0 25 255
-35.606 -27.253 3.125 0 51 255
-34.251 -25.145 1.104 0 0 255
-36.434 -26.185 3.030 0 34 255
-35.844 -23.882 2.589 0 93 255
-37.058 -25.861 1.334 0 187 255
-35.095 -26.117 1.783 0 187 255
-36.543 -27.365 2.143 0 127 255
-35.047 -27.219 2.412 0 255 216
-36.717 -25.516 1.678 0 85 255
-34.945 -27.370 0.339 0 0 255
-35.577 -27.351 2.816 0 255 195
-35.928 -27.195 2.732 0 0 255
-34.780 -26.964 0.678 0 102 255
-34.696 -27.047 0.385 0 8 255
-34.736 -25.582 1.605 0 0 255
-35.080 -26.492 1.855 0 0 255
-35.881 -25.496 2.525 0 68 255
-37.121 -23.737 0.689 0 17 255
-37.095 -22.823 0.644 0 0 255
-35.575 -24.470 2.416 0 0 255
-34.485 -25.283 2.959 0 0 255
-34.943 -27.341 2.225 0 8 255
-35.103 -27.810 0.406 0 0 255
-35.430 -25.893 2.651 0 255 153
-37.494 -26.416 0.782 0 102 255
-34.254 -25.148 1.178 0 34 255
-36.679 -25.594 3.044 0 0 255
-35.999 -24.470 2.155 0 0 255
-37.338 -26.049 0.192 0 170 255
-34.755 -27.436 2.216 0 25 255
-36.482 -26.149 3.080 0 0 255
-34.836 -26.877 2.140 0 0 255
-35.318 -24.179 2.527 0 195 255
-37.179 -25.875 1.305 0 0 255
-35.810 -27.005 2.238 0 204 255
-36.774 -24.323 1.935 0 0 255
-34.610 -27.265 2.235 0 0 255
-36.890 -23.288 0.787 0 34 255
-36.587 -23.412 1.006 0 110 255
-36.414 -26.714 2.556 0 0 255
-35.877 -27.834 2.577 0 0 255
-34.294 -25.647 1.351 0 59 255
-36.188 -27.605 1.797 0 93 255
-36.006 -27.689 2.419 0 255 106
-36.721 -26.250 0.356 0 42 255
-35.098 -25.646 1.648 0 8 255
-35.425 -25.815 1.856 0 85 255
-36.710 -24.457 0.912 0 59 255
-34.627 -26.714 2.741 0 170 255
-36.335 -27.522 2.039 0 255 208
-35.015 -26.520 1.300 0 255 187
-34.808 -26.975 0.686 0 0 255
-36.591 -23.859 0.557 0 0 255
-35.560 -24.088 2.456 0 0 255
-35.870 -27.705 2.377 0 119 255
-36.523 -26.337 2.905 0 255 238
-35.610 -24.631 2.379 0 0 255
-33.988 -25.983 1.381 0 255 174
-34.373 -26.515 1.183 0 0 255
-36.872 -25.349 1.698 0 8 255
-36.350 -26.679 3.780 0 25 255
-34.224 -25.635 1.402 0 93 255
-35.510 -28.552 1.672 0 0 255
-35.649 -28.363 1.806 0 0 255
-35.243 -28.531 1.636 0 8 255
-35.567 -28.564 1.689 0 0 255
-35.565 -28.526 1.686 0 76 255
-35.348 -28.452 1.662 0 42 255
-35.175 -28.492 1.656 0 0 255
-35.190 -28.500 1.675 0 0 255
-35.589 -27.149 2.548 0 255 21
-35.505 -28.531 1.691 0 0 255
-35.094 -28.456 1.647 0 170 255
-35.437 -28.471 1.691 0 255 161
-35.662 -28.535 1.871 0 255 153
-35.449 -28.402 1.739 0 0 255
-37.233 -23.772 0.696 0 76 255
-35.721 -28.291 1.857 0 0 255
-35.657 -28.387 1.779 0 0 255
-35.603 -28.389 1.793 0 0 255
-35.565 -27.349 3.054 0 42 255
-35.555 -28.500 1.721 0 8 255
-35.554 -28.482 1.738 0 0 255
-35.575 -28.482 1.759 0 0 255
-35.554 -28.442 1.750 0 0 255
-35.690 -28.349 1.818 0 0 255
-35.663 -28.323 1.820 0 8 255
-36.821 -25.021 3.083 0 0 255
-35.838 -23.988 2.458 0 68 255
-34.212 -25.469 1.792 0 17 255
-34.333 -25.557 1.642 0 0 255
-35.609 -27.767 2.390 0 0 255
-34.974 -25.857 1.894 0 204 255
-34.152 -25.710 0.981 0 195 255
-34.947 -27.590 2.364 0 8 255
-34.524 -26.557 2.769 0 34 255
-34.919 -26.979 2.008 0 8 255
-36.776 -26.818 1.699 0 8 255
-35.550 -24.967 2.403 0 8 255
-35.287 -25.766 1.032 0 0 255
-37.242 -23.403 0.868 0 0 255
-34.282 -25.607 1.515 0 17 255
-35.917 -24.467 1.914 0 0 255
-37.178 -24.565 0.631 0 187 255
-35.480 -25.877 2.750 0 42 255
-35.428 -26.757 2.466 0 51 255
-35.707 -27.876 2.812 0 0 255
-37.177 -22.905 0.638 0 59 255
-36.901 -23.689 1.267 0 17 255
-34.899 -26.538 2.100 0 0 255
-34.901 -26.243 1.267 0 0 255
-34.751 -25.458 1.792 0 255 204
-35.172 -27.117 1.480 0 0 255
-36.084 -26.314 2.868 0 0 255
-36.037 -24.659 2.318 0 76 255
-36.692 -26.953 2.052 0 0 255
-34.789 -26.780 0.870 0 255 216
-35.153 -25.615 3.194 0 8 255
-35.286 -27.689 2.355 0 25 255
-37.232 -23.982 0.747 0 187 255
-35.432 -25.857 2.771 0 102 255
-35.642 -27.920 1.479 0 110 255
-36.233 -25.655 2.977 0 8 255
-37.457 -22.626 0.657 0 187 255
-36.554 -23.562 1.115 0 0 255
-34.162 -25.690 2.385 0 0 255
-34.786 -26.581 1.955 0 0 255
-35.815 -27.693 2.202 0 255 229
-36.293 -23.534 1.154 0 0 255
-36.665 -24.934 2.333 0 0 255
-36.324 -25.959 1.906 0 178 255
-35.215 -27.116 0.710 0 0 255
-33.760 -25.821 2.202 0 0 255
-35.493 -27.010 2.756 0 0 255
-34.174 -25.824 1.550 0 102 255
-34.335 -26.478 1.320 0 0 255
-35.724 -25.521 2.013 0 255 221
-35.302 -25.905 1.643 0 136 255
-35.665 -26.164 2.829 0 68 255
-35.042 -25.763 0.235 0 0 255
-35.234 -27.990 2.404 0 0 255
-35.869 -27.978 1.788 0 0 255
-36.626 -24.860 2.305 0 0 255
-34.971 -27.459 2.383 0 246 255
-35.247 -26.941 2.610 0 0 255
-36.412 -26.097 0.462 0 255 221
-35.188 -25.477 2.060 0 8 255
-35.716 -24.855 2.146 0 0 255
-36.264 -26.030 1.719 0 255 153
-35.997 -24.331 2.610 0 0 255
-35.131 -26.319 2.063 0 0 255
-33.523 -25.247 1.877 0 0 255
-36.074 -27.558 1.746 0 144 255
-34.131 -25.302 1.677 0 0 255
-36.801 -26.787 1.789 0 34 255
-36.960 -23.270 0.818 0 119 255
-34.451 -28.133 2.860 0 0 255
-36.547 -23.578 1.135 0 0 255
-34.637 -26.998 1.997 0 0 255
-35.945 -28.072 2.364 0 0 255
-35.436 -25.763 2.594 0 0 255
-35.741 -25.463 2.225 0 17 255
-36.781 -25.324 1.803 0 17 255
-34.974 -27.304 2.186 0 255 221
-36.940 -26.794 1.315 0 0 255
-35.521 -27.787 2.540 0 25 255
-34.848 -26.115 1.279 0 255 174
-36.724 -23.643 0.887 0 59 255
-34.761 -26.599 2.185 0 0 255
-35.639 -25.209 2.211 0 246 255
-34.197 -25.517 1.701 0 0 255
-35.199 -27.090 1.057 0 0 255
-35.841 -27.703 2.522 0 255 208
-35.164 -27.025 2.590 0 51 255
-36.913 -23.305 0.813 0 144 255
-36.019 -25.524 2.318 0 17 255
-36.973 -26.488 2.122 0 8 255
-35.864 -25.504 2.377 0 0 255
-34.035 -25.344 0.804 0 0 255
-35.748 -25.850 2.494 0 0 255
-35.697 -25.321 2.729 0 68 255
-37.069 -23.251 1.026 0 17 255
-36.297 -26.604 4.361 0 136 255
-33.703 -25.435 1.681 0 8 255
-35.665 -26.819 2.351 0 42 255
-34.468 -27.247 2.078 0 255 233
-35.664 -26.073 2.630 0 255 221
-35.324 -27.973 2.513 0 136 255
-36.729 -25.595 3.113 0 93 255
-35.653 -23.807 2.561 0 0 255
-33.511 -25.367 1.756 0 0 255
-35.422 -27.325 2.722 0 255 165
-36.068 -24.589 2.247 0 102 255
-35.855 -27.876 2.677 0 17 255
-35.656 -26.522 2.005 0 0 255
-35.776 -27.614 2.247 0 68 255
-36.394 -25.326 3.116 0 0 255
-32.784 -26.510 1.325 0 0 255
-35.708 -27.389 2.516 0 255 187
-35.015 -27.890 0.291 0 255 187
-33.821 -26.014 1.266 0 8 255
-34.994 -25.056 2.799 0 0 255
-34.710 -26.597 2.258 0 76 255
-34.186 -25.442 1.119 0 0 255
-36.283 -24.212 2.451 0 212 255
-35.539 -27.450 2.487 0 255 144
-36.032 -26.372 2.618 0 0 255
-36.312 -23.127 0.796 0 0 255
-35.460 -24.211 2.400 0 76 255
-36.001 -24.597 1.908 0 25 255
-35.135 -26.320 1.984 0 153 255
-34.800 -27.143 2.075 0 8 255
-36.086 -25.331 2.083 0 110 255
-35.942 -25.775 2.583 0 0 255
-36.067 -27.650 1.750 0 68 255
-35.633 -24.926 2.429 0 8 255
-35.398 -27.721 2.272 0 255 250
-36.210 -24.142 2.464 0 0 255
-36.825 -25.619 1.567 0 255 221
-36.567 -26.830 2.317 0 195 255
-34.890 -26.653 1.073 0 0 255
-34.601 -27.276 2.225 0 8 255
-36.881 -26.458 2.272 0 25 255
-33.800 -25.452 1.608 0 25 255
-37.395 -25.647 0.327 0 0 255
-36.391 -26.053 2.827 0 8 255
-34.959 -25.044 2.735 0 0 255
-34.706 -27.123 2.198 0 153 255
-36.881 -25.359 1.615 0 25 255
-34.567 -26.528 2.691 0 119 255
-35.150 -26.489 1.545 0 85 255
-36.551 -25.601 3.381 0 0 255
-34.337 -26.155 1.241 0 0 255
-37.176 -23.434 0.634 0 25 255
-35.794 -25.258 2.075 0 255 182
-35.362 -24.464 0.990 0 0 255
-34.666 -26.843 2.257 0 0 255
-34.369 -26.503 1.212 0 17 255
-35.406 -27.576 2.334 0 255 174
-35.190 -26.790 2.303 0 178 255
-34.718 -26.373 1.201 0 119 255
-36.715 -24.331 0.615 0 59 255
-33.477 -25.378 2.192 0 0 255
-33.441 -24.960 1.751 0 170 255
-34.010 -25.770 0.292 0 255 204
-37.496 -26.588 0.588 0 255 157
-35.498 -26.903 2.850 0 0 255
-36.724 -25.227 1.868 0 255 255
-36.577 -25.646 2.818 0 0 255
-33.599 -25.483 1.897 0 0 255
-33.647 -25.573 1.859 0 255 250
-34.300 -25.275 1.237 0 0 255
-36.143 -24.820 2.209 0 238 255
-34.229 -25.720 2.165 0 255 225
-37.199 -24.602 0.613 0 0 255
-36.427 -26.160 2.925 0 0 255
-34.200 -25.417 1.591 0 0 255
-34.480 -25.622 1.694 0 8 255
-35.347 -28.010 2.484 0 42 255
-36.731 -24.249 0.858 0 255 140
-36.041 -27.089 2.731 0 85 255
-36.964 -23.228 0.784 0 119 255
