3.794 -1.097 0.155 0 255 144
4.207 -1.133 1.082 0 8 255
3.799 -1.099 0.627 0 255 144
3.563 -1.125 0.589 0 229 255
3.645 -3.042 0.170 0 255 144
5.387 -1.258 0.828 0 0 255
5.331 -1.279 0.441 0 178 255
5.025 -1.248 0.194 0 119 255
3.441 -2.582 0.181 0 255 106
3.522 -1.935 0.992 0 255 85
4.144 -0.332 1.220 0 0 255
3.563 -1.108 1.046 0 153 255
3.687 -1.117 0.524 0 42 255
3.450 -2.339 0.538 0 255 76
3.468 -2.186 1.044 0 255 89
5.398 -1.279 0.219 0 76 255
3.924 -1.139 0.318 0 119 255
4.495 -1.207 1.139 0 255 165
3.952 -1.112 1.012 0 170 255
3.533 -1.704 0.859 0 255 161
3.499 -2.512 0.517 0 0 255
3.472 -2.013 1.196 0 255 63
3.514 -1.680 0.654 0 255 80
4.447 -1.161 1.209 0 255 191
3.550 -1.317 0.798 0 255 153
3.534 -1.119 1.011 0 255 161
3.506 -2.127 0.751 0 255 38
3.524 -1.581 0.398 0 255 127
3.635 -0.377 1.232 0 25 255
3.557 -1.255 0.404 0 255 76
3.414 -2.228 1.531 0 0 255
3.438 -2.400 1.175 0 255 72
3.537 -1.460 1.029 0 255 59
4.118 -1.156 0.400 0 119 255
4.307 -1.192 0.341 0 255 136
3.549 -1.220 1.013 0 119 255
3.476 -2.141 0.671 0 255 89
4.082 -1.130 1.162 0 255 153
3.436 -2.506 0.355 0 255 106
3.550 -1.271 1.060 0 255 8
3.549 -1.169 1.050 0 255 136
3.418 -2.600 1.326 0 255 55
5.322 -1.286 0.812 0 0 255
3.401 -2.759 0.555 0 255 131
3.454 -2.213 1.174 0 255 29
3.996 -1.172 0.378 0 255 165
4.385 -1.148 1.256 0 255 157
3.532 -1.844 0.804 0 255 131
4.306 -1.149 1.448 0 255 225
3.550 -1.363 0.832 0 255 63
3.835 -1.142 1.119 0 212 255
3.427 -2.523 0.354 0 255 97
4.646 -1.221 1.287 0 144 255
4.318 -0.311 1.609 0 17 255
4.063 -1.119 1.364 0 255 216
3.461 -1.301 0.276 0 34 255
5.413 -1.265 0.994 0 0 255
5.401 -1.249 0.879 0 102 255
5.466 -1.281 0.172 0 0 255
3.506 -1.569 1.458 0 255 153
3.429 -2.514 1.068 0 255 55
3.544 -1.465 0.416 0 255 114
3.790 -1.138 1.559 0 8 255
3.780 -1.119 0.679 0 8 255
3.593 -1.457 0.336 0 255 131
3.655 -1.118 1.397 0 0 255
3.456 -2.289 0.461 0 255 34
3.579 -1.566 1.119 0 255 140
3.477 -2.351 0.505 0 255 29
4.246 -1.174 0.814 0 0 255
4.827 -1.211 0.955 0 0 255
3.621 -2.762 1.526 0 255 165
3.438 -2.405 1.519 0 34 255
4.993 -1.250 0.845 0 187 255
3.619 -1.581 0.354 0 255 68
4.105 -1.127 1.018 0 255 89
3.399 -2.693 1.070 0 255 131
3.932 -1.144 0.504 0 195 255
3.580 -0.415 1.529 0 0 255
3.440 -2.381 1.324 0 0 255
3.456 -2.268 1.337 0 255 119
3.404 -2.761 0.708 0 255 136
4.614 -1.223 0.601 0 255 233
4.459 -1.153 0.402 0 161 255
4.290 -1.192 0.761 0 255 106
3.617 -0.389 1.061 0 8 255
4.822 -1.229 0.342 0 42 255
5.505 -1.284 0.191 0 0 255
3.460 -2.353 0.289 0 255 93
3.456 -2.285 0.951 0 255 38
4.220 -1.135 0.448 0 255 161
3.504 -1.777 0.563 0 255 55
3.461 -2.592 0.460 0 195 255
4.931 -1.250 1.449 0 76 255
3.422 -2.830 0.214 0 255 144
3.443 -2.373 1.438 0 255 34
3.491 -3.050 0.164 0 255 68
3.538 -1.363 0.161 0 255 68
3.511 -1.624 1.388 0 255 34
4.045 -0.322 0.832 0 17 255
3.519 -1.569 1.010 0 255 68
3.560 -1.192 0.164 0 255 191
3.711 -1.134 1.424 0 170 255
3.511 -1.673 0.249 0 255 136
3.541 -1.195 0.625 0 255 229
3.546 -1.872 0.473 0 255 174
3.994 -1.102 0.277 0 255 123
4.327 -0.331 1.088 0 8 255
3.468 -1.714 0.238 0 255 136
3.804 -1.095 0.785 0 8 255
3.527 -1.613 0.203 0 255 89
3.506 -1.828 1.027 0 255 127
3.440 -2.430 0.258 0 255 93
3.696 -1.620 1.000 0 255 89
3.537 -1.271 1.238 0 255 80
3.463 -2.202 0.786 0 255 76
3.472 -2.008 1.399 0 255 68
4.564 -1.159 0.361 0 229 255
3.629 -3.116 0.160 0 255 191
3.552 -1.623 1.102 0 255 127
3.468 -2.135 1.023 0 255 80
3.473 -2.168 0.839 0 25 255
3.758 -1.146 0.421 0 255 195
3.775 -1.990 0.995 0 255 34
3.576 -1.407 1.149 0 85 255
3.521 -1.645 0.856 0 255 161
3.517 -1.673 0.438 0 255 123
3.559 -1.239 0.470 0 255 106
3.616 -1.801 0.560 0 255 242
3.491 -1.896 1.426 0 255 106
5.433 -1.269 0.496 0 0 255
3.419 -2.704 0.555 0 255 157
3.560 -1.160 0.412 0 255 140
3.547 -1.315 0.154 0 255 110
4.747 -1.231 1.478 0 76 255
3.914 -1.144 1.292 0 178 255
3.635 -0.441 1.554 0 0 255
3.979 -1.107 0.188 0 0 255
3.545 -1.450 0.302 0 255 161
4.492 -1.206 1.152 0 255 157
3.477 -1.586 0.189 0 255 97
3.538 -1.240 1.015 0 255 89
3.432 -2.507 0.676 0 255 97
3.676 -0.365 1.295 0 25 255
3.497 -1.809 0.602 29 255 0
3.414 -2.676 0.669 0 255 102
3.566 -1.250 0.302 0 255 165
3.552 -1.147 1.061 0 255 131
3.507 -1.633 1.553 0 255 119
4.323 -0.300 1.015 0 0 255
3.527 -1.565 0.632 0 255 21
3.448 -2.347 0.967 0 255 51
3.707 -0.338 1.404 0 119 255
3.505 -1.274 0.176 0 255 123
4.759 -1.227 0.316 0 255 170
3.581 -1.580 0.458 0 255 114
3.375 -1.404 0.175 0 255 178
3.734 -1.134 0.160 0 93 255
3.505 -1.782 0.357 0 255 114
3.698 -0.461 1.764 0 0 255
3.520 -1.557 1.373 0 255 114
3.546 -1.312 1.341 0 255 102
3.529 -1.547 0.612 0 255 85
3.413 -2.820 0.572 0 0 255
3.589 -1.776 0.247 0 255 182
3.455 -2.126 1.470 0 255 38
3.659 -0.418 1.360 0 34 255
3.549 -1.360 0.696 0 255 80
3.468 -2.023 1.578 0 85 255
3.548 -1.868 0.850 0 255 106
3.419 -1.780 0.164 0 255 140
3.542 -1.866 0.447 0 255 140
3.494 -1.676 1.533 0 255 85
3.419 -2.620 0.345 0 255 89
3.523 -1.617 0.467 0 255 59
3.491 -1.959 0.490 0 255 85
3.763 -1.062 1.351 0 255 191
3.543 -2.638 1.019 0 255 161
3.451 -2.318 0.176 0 255 93
3.430 -2.584 0.818 0 255 59
3.561 -1.146 0.520 0 212 255
5.033 -1.207 0.317 0 161 255
3.461 -2.206 0.396 0 255 80
3.570 -1.981 0.255 0 255 153
3.963 -3.414 0.171 0 255 170
3.521 -1.341 1.352 0 255 123
4.208 -1.158 0.944 0 255 140
3.554 -1.313 0.916 0 255 51
3.674 -1.837 0.693 0 246 255
3.475 -1.993 0.233 0 255 55
3.411 -2.714 1.304 0 255 119
3.389 -2.710 0.922 0 17 255
3.530 -1.461 1.158 0 255 80
3.527 -1.329 1.431 0 153 255
3.409 -2.652 0.983 0 255 29
3.517 -1.542 1.192 0 255 42
3.505 -1.715 1.270 4 255 0
4.330 -1.193 1.394 0 51 255
3.397 -2.724 1.278 0 255 140
3.532 -1.504 0.407 0 255 127
3.634 -1.093 1.284 0 178 255
3.504 -1.768 0.880 0 255 4
3.744 -1.133 0.535 0 255 170
3.558 -1.783 0.412 0 255 123
3.558 -1.204 1.040 0 17 255
4.288 -0.297 1.663 0 0 255
3.555 -1.339 0.458 0 255 204
3.563 -1.265 0.782 0 255 140
4.757 -1.190 0.230 0 255 182
3.400 -2.652 1.340 0 255 93
3.453 -2.291 1.193 0 255 55
3.557 -1.134 1.209 0 255 114
4.089 -1.167 0.693 0 229 255
3.526 -1.486 1.055 0 255 174
4.553 -1.166 0.996 0 0 255
3.520 -1.558 0.804 0 255 46
3.723 -0.461 1.775 0 0 255
4.296 -1.174 0.488 0 255 233
4.623 -1.181 0.194 0 8 255
3.469 -2.114 0.677 0 255 102
3.476 -2.551 1.453 0 255 51
3.454 -2.505 0.587 0 255 161
4.203 -1.173 1.102 0 144 255
3.533 -1.196 1.343 0 255 140
3.510 -1.561 1.525 0 255 229
4.275 -1.198 0.264 0 153 255
3.999 -1.124 0.275 0 255 119
3.364 -1.101 0.223 0 17 255
4.113 -0.335 1.523 0 144 255
3.489 -2.010 0.281 0 59 255
3.487 -1.928 1.368 0 255 89
3.602 -0.396 0.829 0 0 255
3.505 -1.776 0.579 0 255 140
3.387 -1.369 0.188 0 255 153
3.432 -2.670 1.251 0 255 174
3.508 -1.918 0.886 0 255 165
4.823 -1.234 1.432 0 51 255
3.530 -1.856 0.523 0 255 174
3.964 -0.329 1.865 0 17 255
3.545 -2.745 1.482 0 255 144
3.509 -1.712 0.944 0 255 46
4.836 -1.227 0.248 0 76 255
3.611 -0.387 1.554 0 178 255
3.410 -1.354 0.152 0 255 233
3.502 -1.767 1.298 0 255 59
4.827 -1.194 0.934 0 255 157
4.463 -1.195 1.228 0 187 255
3.641 -2.803 1.513 0 0 255
4.115 -0.319 1.255 0 0 255
3.446 -2.290 1.499 0 255 123
3.872 -0.402 1.889 0 42 255
3.523 -1.961 0.455 0 255 97
3.523 -2.559 1.033 0 255 34
3.550 -1.291 0.158 0 255 119
3.546 -1.323 1.025 0 255 4
3.710 -1.082 1.120 0 255 216
3.475 -2.106 0.552 0 255 119
4.546 -1.199 0.232 0 51 255
5.155 -1.247 0.456 0 255 157
3.443 -2.244 1.402 0 0 255
5.203 -1.265 0.671 0 25 255
3.995 -1.156 0.942 0 255 123
3.482 -2.020 0.636 0 255 144
3.838 -1.119 1.431 0 255 233
4.168 -0.327 1.528 0 0 255
3.436 -1.872 0.152 0 255 114
3.509 -1.845 1.174 0 255 119
3.411 -2.411 0.162 0 255 165
4.977 -1.252 1.000 0 25 255
3.473 -2.140 0.905 0 255 140
5.345 -1.279 0.928 0 25 255
3.553 -1.158 0.795 0 255 136
4.941 -1.200 0.769 0 255 102
4.249 -1.157 1.459 0 255 195
4.626 -1.190 1.134 0 255 119
3.701 -0.331 1.307 0 8 255
4.544 -1.249 0.795 0 255 127
3.485 -1.995 0.648 0 255 80
3.797 -0.353 1.868 0 17 255
3.488 -2.033 0.430 0 17 255
3.469 -1.339 0.149 0 255 110
3.583 -1.093 1.221 0 255 102
3.530 -1.303 0.754 0 255 4
3.600 -1.460 1.049 0 51 255
3.547 -1.549 1.141 0 255 246
3.542 -1.373 0.787 0 255 165
3.537 -1.812 0.929 0 255 93
5.449 -1.248 0.679 0 0 255
3.533 -1.468 0.908 0 255 97
3.408 -2.699 1.383 0 255 131
3.535 -1.460 0.295 0 255 161
3.488 -2.040 0.412 0 187 255
5.188 -1.220 0.219 0 255 233
3.716 -0.389 1.678 0 25 255
4.178 -0.326 1.594 0 0 255
3.730 -1.086 1.450 0 255 225
3.503 -1.828 0.349 0 255 21
3.478 -2.242 0.944 0 255 153
3.809 -1.128 1.418 0 8 255
3.424 -2.560 0.654 0 255 106
3.509 -1.178 0.334 0 255 114
3.379 -2.716 0.175 0 255 165
3.673 -0.373 1.330 0 127 255
3.476 -2.076 0.390 0 255 131
4.589 -1.209 0.630 0 255 216
3.412 -2.493 0.181 0 255 187
3.530 -1.388 1.391 0 255 170
3.606 -1.083 1.225 0 170 255
3.430 -2.608 1.427 0 255 148
3.538 -1.746 0.541 0 255 119
3.802 -1.097 1.142 0 42 255
3.562 -1.613 0.706 0 255 165
3.558 -1.255 0.536 0 255 89
3.609 -1.863 1.196 0 255 55
4.367 -1.147 1.316 0 255 204
3.875 -1.155 0.391 0 255 127
5.393 -1.288 0.661 0 42 255
3.471 -2.097 0.981 0 255 106
3.393 -2.717 0.188 0 153 255
3.750 -1.082 0.173 0 25 255
3.410 -2.711 0.524 0 0 255
4.633 -1.210 0.725 0 119 255
3.871 -0.342 1.887 0 34 255
3.508 -1.461 0.534 0 255 144
3.472 -2.456 0.447 0 255 136
3.481 -1.881 1.403 0 255 80
3.479 -1.537 0.269 0 119 255
3.666 -1.137 1.488 0 161 255
3.558 -1.264 0.467 0 255 93
4.093 -1.164 0.291 0 255 140
3.893 -1.137 0.836 0 119 255
3.542 -1.455 0.407 0 255 85
3.514 -1.785 0.307 0 255 110
4.024 -1.118 1.169 0 255 212
3.390 -1.781 0.166 0 255 123
3.466 -1.962 1.284 0 255 68
3.744 -1.123 1.539 0 68 255
3.550 -1.179 1.109 0 229 255
3.537 -1.411 0.922 0 255 225
3.509 -1.711 0.719 0 255 106
3.403 -2.740 0.969 0 255 136
5.335 -1.245 0.234 0 0 255
5.186 -1.264 0.446 0 68 255
3.474 -1.992 1.264 0 255 68
3.613 -1.065 0.470 0 68 255
3.474 -1.982 1.321 0 255 51
4.727 -1.184 0.431 0 255 131
3.548 -1.399 0.348 0 255 102
4.143 -1.123 0.570 0 68 255
3.900 -1.169 0.162 0 170 255
3.439 -2.668 1.362 0 255 119
3.756 -1.082 0.587 0 255 191
3.620 -0.401 1.090 0 34 255
4.176 -1.165 0.728 0 0 255
3.422 -2.958 0.151 0 42 255
3.620 -3.047 0.162 0 255 140
4.412 -1.207 0.173 0 85 255
4.128 -1.121 0.524 0 255 204
3.992 -3.392 0.188 0 255 144
3.527 -1.177 0.275 0 195 255
3.507 -1.721 0.788 0 255 153
3.541 -1.429 0.851 0 51 255
3.437 -2.520 0.313 0 255 119
3.449 -1.802 0.162 0 255 157
3.800 -0.388 1.850 0 8 255
3.502 -1.687 1.334 0 255 59
3.544 -1.812 0.318 0 255 102
3.411 -2.560 1.234 0 255 89
3.710 -0.354 1.202 0 8 255
3.837 -1.149 1.542 0 255 199
3.867 -0.334 1.381 0 0 255
3.460 -2.144 0.426 0 255 161
3.887 -1.136 0.274 0 221 255
4.061 -1.165 0.442 0 8 255
3.574 -1.220 1.158 0 255 102
3.520 -1.222 0.284 0 221 255
3.690 -1.124 1.274 0 68 255
3.495 -1.803 1.059 0 255 42
4.479 -1.201 0.668 0 238 255
3.541 -1.318 1.058 0 255 89
3.504 -2.531 0.997 0 255 89
3.491 -1.907 1.090 0 255 72
3.569 -1.148 0.500 0 255 140
5.037 -1.262 0.714 0 255 233
3.458 -2.288 0.800 0 0 255
3.609 -2.980 0.192 0 255 255
3.391 -2.375 0.158 0 255 127
3.486 -1.910 1.185 0 255 63
4.678 -1.214 0.673 0 255 144
5.028 -1.223 0.972 0 0 255
3.511 -1.706 0.661 0 255 161
3.460 -2.256 1.041 0 229 255
3.939 -1.147 1.059 0 255 170
3.394 -2.751 0.927 0 255 119
3.492 -1.736 1.475 0 170 255
3.287 -2.729 0.154 0 255 178
3.528 -1.551 0.968 0 255 55
3.718 -1.618 0.606 0 255 102
3.522 -1.522 1.185 0 255 89
3.792 -1.123 0.591 0 42 255
4.014 -1.150 1.194 0 0 255
3.987 -0.336 1.506 0 8 255
3.773 -1.122 0.361 0 119 255
3.555 -1.130 1.303 0 255 119
3.466 -1.989 1.278 0 255 59
3.462 -2.188 0.715 0 255 89
3.491 -2.031 1.374 0 255 255
3.464 -2.519 0.268 0 255 148
3.546 -1.232 1.372 0 68 255
3.575 -1.399 0.585 0 255 136
3.495 -1.095 0.198 0 255 229
3.441 -1.818 0.245 0 42 255
3.460 -2.291 0.392 0 255 127
3.604 -1.676 0.204 0 255 187
3.516 -1.605 0.734 0 255 110
3.428 -2.613 0.490 0 0 255
3.878 -1.104 0.972 0 255 144
3.496 -1.742 1.435 0 178 255
3.553 -1.228 1.427 0 34 255
3.450 -2.235 1.265 0 255 102
5.379 -1.261 0.518 0 255 161
4.907 -1.198 1.080 0 255 195
3.526 -1.640 0.663 0 255 59
3.374 -1.528 0.203 0 255 199
3.430 -1.898 0.152 0 255 136
5.184 -1.235 1.181 0 255 233
3.493 -1.930 0.761 0 255 144
3.485 -1.865 1.245 0 255 59
4.154 -1.166 1.501 0 8 255
3.644 -0.395 1.643 0 25 255
3.555 -1.324 0.924 0 119 255
3.695 -0.448 1.147 0 0 255
4.813 -1.234 0.487 0 212 255
3.508 -1.692 1.378 0 255 38
3.520 -1.711 1.494 0 0 255
3.600 -1.071 1.364 0 246 255
3.479 -1.909 1.403 0 255 85
3.528 -3.063 0.166 0 255 97
3.456 -2.179 1.423 0 255 114
3.462 -2.560 1.029 0 255 93
3.609 -1.745 0.294 0 255 114
4.134 -1.120 0.202 0 42 255
4.089 -1.124 0.811 0 255 157
3.541 -1.156 1.431 0 255 148
3.531 -1.289 1.506 0 255 136
3.394 -2.747 0.224 0 255 221
3.910 -0.334 0.825 0 0 255
3.441 -2.441 0.455 0 255 76
3.668 -0.373 1.477 0 59 255
3.453 -2.257 1.351 0 255 72
4.481 -1.165 1.343 0 255 233
3.537 -1.477 0.420 0 255 85
4.642 -1.218 1.302 0 51 255
3.622 -1.799 1.235 0 255 114
3.949 -1.123 1.485 0 187 255
3.488 -2.510 0.943 0 255 106
3.525 -1.456 1.254 0 255 114
3.427 -2.495 0.231 0 255 127
3.558 -1.172 0.649 0 42 255
3.559 -1.240 0.825 0 255 34
3.452 -2.319 0.675 0 255 97
3.723 -0.451 1.823 0 0 255
3.504 -1.766 1.120 0 255 51
3.503 -1.901 0.662 0 255 89
3.494 -1.960 0.718 0 255 63
3.527 -1.518 0.816 0 255 72
3.504 -1.395 0.202 0 102 255
5.257 -1.237 0.907 0 255 157
3.454 -2.335 0.797 0 255 93
3.542 -1.279 0.162 0 255 106
3.433 -2.512 0.429 0 255 106
3.696 -0.358 1.484 0 59 255
3.718 -0.419 1.776 0 34 255
3.397 -2.709 0.912 0 255 114
3.663 -0.434 1.318 0 0 255
3.464 -2.000 0.213 0 255 153
3.516 -1.547 1.478 0 93 255
3.404 -2.624 1.503 0 255 17
3.451 -1.052 0.169 0 255 161
4.338 -1.138 0.380 0 255 225
3.521 -1.567 0.912 0 255 97
3.458 -2.251 1.331 0 255 51
3.951 -1.119 1.295 0 119 255
3.508 -1.615 1.113 0 255 89
3.742 -1.121 0.298 0 195 255
3.562 -1.674 0.719 0 246 255
3.699 -0.354 1.597 0 110 255
4.544 -1.163 0.810 0 255 221
4.011 -0.328 1.140 0 0 255
3.508 -1.624 0.244 0 255 110
3.383 -2.579 0.227 0 17 255
3.498 -1.787 1.177 0 255 12
3.954 -1.154 1.279 0 51 255
3.397 -2.786 0.650 0 255 140
5.027 -1.247 0.268 0 255 170
3.499 -1.752 1.299 0 255 51
3.412 -2.615 0.938 0 255 93
5.529 -1.252 0.413 0 0 255
3.439 -2.254 1.278 0 0 255
3.525 -1.458 1.405 0 255 85
3.512 -1.426 0.205 0 255 204
3.662 -0.453 1.664 0 0 255
4.028 -3.391 0.152 0 255 114
3.544 -1.386 0.449 0 255 93
3.267 -2.804 0.154 0 255 255
3.537 -1.546 0.544 0 255 204
5.320 -1.278 1.001 0 119 255
4.524 -1.198 0.824 0 102 255
3.617 -0.373 1.192 0 255 246
4.079 -1.160 0.863 0 204 255
5.089 -1.220 0.774 0 255 161
3.447 -2.276 1.507 0 102 255
3.484 -2.459 0.332 0 255 221
3.453 -2.247 0.346 0 255 123
3.505 -1.804 0.999 0 255 106
3.502 -1.827 0.899 0 255 76
3.414 -2.676 0.399 0 255 102
3.504 -1.772 0.430 0 255 102
4.702 -1.220 0.453 0 76 255
3.575 -1.580 0.313 0 255 178
3.423 -2.587 0.891 0 255 59
3.525 -0.962 0.169 0 187 255
3.516 -1.564 1.280 0 255 106
3.498 -1.879 0.439 0 255 102
3.441 -2.410 0.809 0 255 42
3.413 -2.499 0.244 0 255 114
3.464 -2.111 1.033 0 255 12
3.511 -1.674 1.180 0 255 97
3.586 -1.444 0.501 0 17 255
3.564 -1.875 0.228 0 255 153
4.198 -1.182 0.895 0 255 119
3.472 -2.151 0.836 0 255 153
3.580 -1.417 0.450 0 42 255
3.504 -1.712 1.584 0 0 255
5.108 -1.257 0.952 0 8 255
3.493 -1.924 0.706 0 255 85
4.204 -1.182 0.595 0 127 255
3.427 -2.544 0.218 0 255 89
4.072 -0.327 0.937 0 0 255
4.259 -1.174 1.021 0 0 255
3.492 -1.722 1.467 0 255 136
4.115 -1.125 1.004 0 255 119
3.412 -2.679 0.934 0 255 174
3.555 -1.114 0.902 0 93 255
3.895 -1.147 1.204 0 25 255
3.460 -2.181 1.146 0 255 123
3.774 -1.129 0.646 0 51 255
3.556 -1.230 1.303 0 255 148
5.247 -1.274 0.529 0 51 255
3.659 -1.587 0.538 0 255 144
3.466 -2.064 1.472 0 255 246
3.491 -1.902 0.786 0 255 59
3.476 -1.971 1.384 0 255 29
3.548 -1.985 0.783 0 255 144
3.526 -1.526 0.507 0 255 195
3.469 -2.166 1.504 0 127 255
3.448 -2.345 0.328 0 255 148
3.587 -0.398 1.625 0 0 255
3.914 -1.152 1.312 0 153 255
3.902 -1.140 0.977 0 170 255
3.625 -0.396 1.227 0 59 255
3.483 -1.999 0.624 0 255 93
5.030 -1.262 0.159 0 0 255
3.490 -1.809 0.165 0 255 131
3.522 -1.660 0.516 0 255 102
3.538 -1.733 1.016 0 255 89
3.572 -1.240 1.550 0 8 255
3.551 -1.263 0.942 0 255 38
3.666 -0.440 1.432 0 0 255
4.495 -1.216 1.412 0 255 216
3.480 -2.358 0.438 0 255 102
3.557 -1.240 0.848 0 255 97
3.549 -1.144 1.237 0 153 255
3.510 -1.563 0.159 0 255 187
5.152 -1.253 0.743 0 255 157
3.556 -1.143 0.816 0 255 136
3.485 -1.928 1.068 0 255 97
4.185 -1.183 1.481 0 255 255
3.609 -1.856 1.206 0 255 55
4.033 -1.157 1.466 0 255 242
5.262 -1.235 1.193 0 255 144
3.520 -1.100 0.176 0 68 255
3.561 -1.163 1.030 0 255 157
4.200 -1.137 0.320 0 255 144
3.547 -1.326 0.993 0 255 165
3.499 -1.674 1.448 0 255 68
3.526 -1.479 1.090 0 255 63
3.711 -1.124 0.916 0 153 255
5.321 -1.246 1.206 0 127 255
3.497 -1.959 0.470 0 255 127
3.431 -2.464 0.862 0 255 110
5.347 -1.246 0.962 0 238 255
3.463 -2.211 0.971 0 255 59
4.584 -1.230 0.369 0 68 255
3.726 -0.339 0.830 0 42 255
5.184 -1.246 1.470 0 0 255
3.420 -2.531 1.178 0 255 72
5.442 -1.239 0.200 0 17 255
3.559 -1.191 0.936 0 255 225
3.711 -0.353 1.713 0 0 255
3.496 -1.791 0.988 0 255 80
3.510 -1.963 0.230 0 255 174
5.238 -1.273 0.945 0 34 255
3.446 -1.817 0.184 0 255 114
3.560 -1.116 0.724 0 255 195
3.523 -1.355 1.578 0 8 255
3.475 -1.973 1.542 0 255 72
3.483 -1.875 0.969 0 255 72
5.028 -1.264 1.381 0 255 136
4.695 -1.187 0.805 0 0 255
4.732 -1.220 0.793 0 110 255
3.518 -1.439 1.451 0 255 165
3.547 -1.709 0.614 0 255 106
3.532 -1.166 1.013 0 255 153
3.496 -2.124 1.350 0 68 255
3.460 -2.192 1.314 0 0 255
3.407 -2.645 1.190 0 255 63
4.382 -1.189 0.655 0 187 255
3.488 -1.972 0.487 0 255 59
3.515 -1.591 0.443 0 255 119
3.460 -2.129 1.477 0 255 76
3.559 -1.115 1.099 0 76 255
4.117 -1.126 0.303 0 255 174
3.703 -0.349 0.791 0 0 255
3.454 -2.172 0.200 0 255 148
3.579 -1.875 1.088 0 238 255
3.462 -2.409 0.594 0 17 255
3.475 -2.494 0.365 0 255 148
3.579 -1.097 0.524 0 93 255
3.943 -1.112 1.105 0 187 255
3.522 -1.960 0.555 0 255 191
3.559 -1.160 0.669 0 255 106
3.462 -2.254 0.264 0 255 76
3.561 -1.984 0.396 0 255 157
3.913 -1.145 1.543 0 85 255
3.415 -2.613 1.545 0 255 106
4.302 -1.198 1.481 0 255 187
3.507 -1.497 1.575 0 255 136
3.965 -1.112 0.218 0 0 255
3.546 -1.261 1.247 0 255 34
3.466 -2.381 0.517 0 0 255
5.060 -1.212 1.021 0 255 72
3.438 -2.416 1.176 0 255 21
3.493 -2.232 0.653 0 255 106
3.486 -1.896 1.314 0 255 72
3.453 -2.304 0.537 0 255 136
4.597 -1.205 0.936 0 0 255
3.493 -1.862 1.327 0 255 55
3.811 -0.333 1.187 0 0 255
3.726 -1.125 1.048 0 255 216
4.187 -1.170 1.140 0 153 255
3.640 -2.796 1.518 0 255 191
3.524 -1.815 1.139 0 255 76
4.805 -1.237 0.216 0 255 204
3.685 -0.441 1.678 0 0 255
4.420 -1.171 0.920 0 0 255
3.545 -1.386 0.653 0 255 140
3.500 -1.943 1.500 0 0 255
3.531 -1.475 0.856 0 255 208
3.501 -1.819 0.923 0 255 106
3.434 -2.488 1.407 0 255 59
3.539 -1.452 1.088 0 255 131
3.423 -1.293 0.293 0 17 255
3.418 -2.470 0.192 0 255 80
3.484 -1.911 0.989 0 255 72
4.345 -1.188 0.999 0 76 255
3.515 -1.507 1.432 0 255 127
3.644 -1.063 0.313 0 178 255
3.449 -2.397 1.392 0 255 102
3.405 -2.625 1.317 0 255 29
3.561 -1.146 0.768 0 255 140
3.542 -1.380 0.854 0 255 157
3.714 -1.134 1.304 0 25 255
3.683 -1.126 1.259 0 102 255
3.488 -2.530 0.940 0 255 144
3.525 -1.506 1.410 0 255 161
3.469 -2.340 1.463 0 255 131
3.483 -1.828 0.264 0 255 161
4.174 -1.179 1.181 0 255 106
3.471 -2.299 1.153 0 255 4
3.546 -1.453 0.561 0 255 63
3.548 -1.397 0.311 0 255 114
4.084 -0.323 1.813 0 0 255
4.900 -1.228 0.637 0 0 255
4.201 -1.181 1.299 0 178 255
3.527 -1.430 0.190 0 255 174
3.484 -1.911 1.342 0 255 80
4.413 -1.148 0.832 0 255 140
3.509 -1.427 1.491 0 136 255
4.536 -1.163 0.380 0 51 255
3.614 -0.426 0.727 0 0 255
3.635 -1.694 0.816 0 255 148
3.462 -2.133 1.497 0 255 76
3.415 -2.643 0.672 0 255 72
3.526 -1.536 0.868 0 255 161
3.535 -1.453 0.588 0 255 110
3.530 -1.613 0.577 0 255 110
3.468 -1.990 1.487 0 255 80
3.398 -2.788 0.581 0 255 157
3.476 -1.231 0.206 0 255 80
3.355 -2.467 0.152 0 255 242
3.565 -1.119 0.864 0 255 157
3.628 -0.413 0.926 0 34 255
3.513 -1.651 0.995 0 255 29
3.499 -1.748 1.286 0 255 38
3.494 -2.084 1.211 0 0 255
3.517 -1.598 0.516 0 255 68
3.892 -1.136 0.783 0 127 255
3.561 -1.235 0.512 0 255 123
3.550 -1.354 0.799 0 255 119
3.558 -1.200 0.558 0 255 170
5.474 -1.245 0.180 0 51 255
3.540 -1.387 0.175 0 255 110
4.200 -3.457 0.204 0 255 233
3.443 -2.434 1.212 0 255 136
3.473 -2.177 0.569 0 255 136
5.466 -1.287 1.324 0 0 255
3.561 -1.216 0.611 0 255 106
3.724 -1.127 0.721 0 93 255
3.608 -1.582 0.851 0 255 102
3.559 -1.171 0.861 0 255 114
3.490 -1.989 0.519 0 255 72
3.707 -1.123 1.325 0 255 191
3.394 -2.382 0.199 0 255 157
3.623 -1.113 0.992 0 221 255
4.657 -1.221 0.658 0 0 255
4.840 -1.190 0.249 0 255 102
3.457 -2.317 0.498 0 255 97
3.400 -2.741 0.971 0 255 110
5.489 -1.224 0.458 0 0 255
3.862 -1.135 0.752 0 85 255
4.209 -1.178 0.799 0 0 255
3.533 -1.410 1.129 0 255 46
3.403 -2.773 0.659 0 255 136
3.407 -2.693 0.979 0 255 144
3.515 -1.804 0.819 0 255 72
3.406 -2.720 0.809 0 255 123
3.537 -2.514 0.291 0 255 106
3.415 -2.690 0.403 0 255 131
4.474 -1.186 0.378 0 0 255
3.455 -2.257 1.071 0 255 165
3.403 -2.753 0.418 0 255 191
4.286 -1.182 0.980 0 255 187
3.651 -2.629 0.251 0 255 97
3.527 -2.284 1.084 0 255 46
3.508 -1.923 1.140 0 255 76
3.456 -2.250 0.222 0 255 89
3.603 -1.785 0.464 0 255 148
3.513 -1.663 1.126 0 255 55
3.449 -2.318 0.636 0 255 102
3.575 -3.157 0.170 0 255 97
3.572 -1.091 0.198 0 255 114
3.540 -1.389 0.718 0 255 144
3.534 -1.711 0.466 0 255 242
4.811 -1.243 0.567 0 255 221
3.551 -1.178 0.994 0 255 148
3.449 -2.425 0.589 0 255 93
3.482 -1.970 1.175 0 255 21
3.791 -0.344 1.747 0 8 255
4.999 -1.256 1.119 0 76 255
3.520 -1.619 0.685 0 255 119
3.399 -2.821 0.788 0 0 255
3.525 -1.357 1.315 0 255 114
3.526 -1.493 1.116 0 255 25
3.632 -0.370 0.774 0 51 255
3.689 -1.087 0.811 0 85 255
3.546 -1.319 1.130 0 255 178
3.562 -1.272 1.426 0 255 106
3.518 -1.739 0.789 0 255 46
3.498 -1.821 1.202 0 255 140
3.419 -2.648 0.241 0 255 80
3.425 -2.564 0.818 0 255 97
3.544 -1.648 1.099 0 255 102
3.557 -1.723 0.847 0 255 136
3.440 -1.832 0.157 0 255 119
4.279 -1.182 0.712 0 8 255
3.520 -1.475 1.458 0 255 191
3.444 -2.417 0.797 0 255 68
3.395 -2.775 0.939 0 255 136
4.925 -1.203 0.273 0 102 255
3.413 -2.625 1.069 0 255 165
3.503 -1.773 1.266 0 255 46
3.639 -1.111 0.765 0 178 255
3.511 -1.784 0.393 0 255 144
3.448 -2.282 1.391 0 255 38
3.545 -1.316 1.064 0 255 161
4.786 -1.221 0.740 0 0 255
3.524 -1.150 0.280 0 255 225
3.441 -2.359 0.790 0 255 114
3.438 -2.401 1.000 0 255 42
3.572 -1.114 0.847 0 255 174
3.410 -2.701 0.417 0 255 127
3.436 -2.523 0.756 0 255 97
3.466 -2.201 0.401 0 255 89
3.409 -2.676 1.094 0 255 97
3.440 -2.468 1.081 0 68 255
3.427 -2.665 1.421 0 255 165
4.939 -1.239 0.852 0 68 255
3.904 -1.095 1.191 0 255 182
3.464 -2.191 0.813 0 255 21
5.140 -1.224 0.214 0 25 255
3.467 -2.049 1.258 0 255 195
3.437 -2.504 0.458 0 255 119
4.237 -1.132 0.485 0 246 255
3.409 -2.407 0.187 0 255 140
5.327 -1.278 0.225 0 110 255
3.461 -2.013 1.534 0 255 68
3.475 -2.112 0.546 0 255 114
3.556 -1.254 0.444 0 255 140
3.493 -2.027 1.289 0 255 221
4.365 -1.180 1.009 0 17 255
3.733 -1.116 1.016 0 0 255
3.688 -1.126 1.121 0 170 255
4.044 -1.114 0.238 0 255 212
3.544 -2.582 0.989 0 255 106
3.578 -1.870 0.456 0 255 55
3.490 -1.793 1.265 0 255 93
3.551 -1.266 0.803 0 255 68
3.479 -2.098 0.450 0 255 106
3.439 -2.355 0.463 0 255 144
4.929 -1.188 1.449 0 0 255
3.541 -1.256 1.499 0 255 97
3.419 -2.625 0.940 0 255 85
3.410 -2.702 1.323 0 255 123
3.472 -2.126 1.014 0 0 255
4.135 -1.167 0.811 0 102 255
4.490 -1.197 0.616 0 178 255
3.506 -1.619 1.246 0 255 191
3.534 -1.297 1.442 0 255 123
4.773 -1.228 1.243 0 85 255
3.502 -1.799 1.590 0 0 255
3.469 -2.133 0.385 0 255 136
3.482 -1.992 1.093 0 255 80
3.424 -2.484 1.405 0 255 59
3.533 -1.760 0.430 0 255 119
4.974 -1.246 1.381 0 255 204
3.557 -1.292 0.649 0 187 255
3.498 -1.961 0.755 0 255 119
4.523 -1.206 1.473 0 102 255
3.559 -1.608 1.103 0 255 102
3.497 -2.594 0.481 0 255 59
3.560 -1.099 0.921 0 255 110
3.744 -1.144 0.497 0 204 255
3.407 -2.698 0.976 0 255 161
3.561 -1.192 0.687 0 255 46
4.088 -1.123 0.701 0 255 161
3.497 -1.393 0.195 0 255 102
3.842 -0.337 1.557 0 0 255
3.670 -0.376 1.214 0 25 255
3.453 -2.199 1.531 0 0 255
3.495 -1.220 0.188 0 255 174
3.436 -2.404 1.185 0 17 255
3.473 -2.187 0.525 0 255 110
4.032 -1.160 0.933 0 255 246
3.415 -2.600 1.218 0 255 127
5.332 -1.283 0.906 0 144 255
3.482 -2.066 0.542 0 255 76
3.523 -1.700 0.528 0 255 97
3.484 -1.952 0.966 0 255 21
3.511 -1.627 1.433 0 255 51
3.534 -1.194 0.955 0 246 255
4.529 -1.166 1.405 0 255 131
3.559 -1.236 1.105 0 229 255
3.434 -2.463 1.267 0 255 93
4.370 -1.188 0.848 0 212 255
3.541 -1.368 1.144 0 255 51
3.957 -1.147 1.539 0 0 255
3.541 -1.405 0.587 0 255 127
4.262 -0.322 1.319 0 0 255
3.270 -2.644 0.250 0 255 165
3.535 -2.669 0.619 0 255 72
3.443 -2.399 0.897 0 255 29
3.801 -1.143 0.381 0 93 255
5.479 -1.241 1.078 0 0 255
3.792 -1.122 0.798 0 255 119
3.471 -2.165 0.366 0 255 221
3.479 -1.427 0.186 0 255 182
3.912 -1.151 0.997 0 255 153
3.493 -1.820 1.107 0 255 51
3.755 -1.127 0.602 0 255 242
3.563 -1.458 1.114 0 153 255
5.266 -1.247 1.228 0 93 255
4.527 -1.154 1.018 0 0 255
3.609 -1.066 0.222 0 25 255
3.435 -2.430 1.526 0 255 246
3.535 -1.517 0.351 0 255 123
3.366 -2.808 0.752 0 0 255
3.627 -1.080 1.257 0 68 255
3.512 -1.603 1.113 0 255 34
3.498 -1.957 0.837 0 255 51
4.483 -1.207 0.682 0 0 255
4.635 -1.223 0.767 0 136 255
4.058 -1.193 1.346 0 255 153
3.560 -1.232 0.463 0 255 148
3.452 -2.310 0.611 0 255 110
3.552 -1.505 0.924 0 255 97
4.541 -1.184 1.477 0 255 229
3.529 -1.471 1.052 0 255 29
4.110 -1.167 0.641 0 102 255
3.920 -1.139 0.595 0 127 255
3.812 -3.283 0.163 0 255 59
4.085 -1.123 1.135 0 255 165
3.572 -1.786 0.312 0 255 97
3.557 -1.211 0.723 0 255 12
3.368 -2.817 0.820 0 0 255
3.538 -1.158 0.266 0 255 148
3.567 -1.308 1.263 0 255 136
3.475 -2.032 0.678 0 255 157
3.506 -2.653 0.844 0 255 72
3.544 -1.767 1.177 0 255 102
3.523 -1.657 1.548 0 0 255
3.608 -0.408 1.382 0 0 255
3.795 -1.128 0.323 0 85 255
3.878 -1.147 0.582 0 255 153
3.392 -2.782 0.974 0 255 119
3.861 -1.150 1.462 0 229 255
5.476 -1.284 0.302 0 0 255
3.530 -2.541 0.938 0 255 80
3.617 -0.397 0.918 0 25 255
3.516 -1.923 1.179 0 255 76
3.568 -1.178 0.776 0 0 255
4.446 -1.160 0.332 0 255 242
4.833 -1.234 0.903 0 59 255
3.546 -2.425 0.496 0 255 12
3.442 -2.470 0.553 0 255 63
3.705 -1.070 0.500 0 255 233
3.513 -1.466 1.025 0 255 119
3.506 -2.192 0.251 0 255 199
4.865 -1.231 0.659 0 51 255
4.156 -1.169 0.866 0 255 170
3.603 -1.534 1.143 0 255 136
3.981 -0.334 1.389 0 0 255
4.415 -1.196 1.220 0 110 255
5.451 -1.244 0.825 0 255 191
3.474 -2.113 0.668 0 255 161
4.367 -1.170 0.955 0 0 255
3.692 -0.393 1.482 0 153 255
3.417 -2.707 1.073 0 255 136
3.513 -1.846 1.578 0 0 255
3.518 -1.560 0.665 0 255 114
3.522 -1.570 1.015 0 255 89
3.786 -1.091 0.589 0 255 89
3.757 -1.089 0.777 0 161 255
3.430 -2.266 0.155 0 0 255
3.549 -1.217 1.454 0 255 29
3.515 -1.558 1.412 0 255 89
3.507 -1.784 0.572 0 255 80
3.520 -1.685 0.300 0 255 102
3.609 -0.363 1.052 0 119 255
4.104 -1.162 0.854 0 93 255
3.843 -1.094 1.316 0 255 225
3.431 -2.467 1.421 0 255 76
3.600 -1.103 0.197 0 161 255
3.539 -1.455 0.513 0 255 127
3.480 -2.061 0.475 0 255 93
3.538 -1.284 1.322 0 255 46
4.273 -1.180 0.555 0 255 191
5.068 -1.253 0.660 0 119 255
3.268 -2.679 0.170 0 255 204
3.760 -1.130 1.114 0 255 238
3.539 -1.656 0.360 0 255 212
3.409 -2.648 1.068 0 255 4
4.388 -1.176 0.939 0 255 157
3.387 -1.139 0.176 0 17 255
4.212 -1.132 0.720 0 255 131
3.593 -0.409 1.434 0 0 255
3.541 -1.550 0.171 0 255 161
4.678 -1.215 1.392 0 0 255
3.494 -1.952 0.684 0 255 161
4.311 -1.190 0.969 0 255 242
3.422 -2.615 0.372 0 255 97
3.402 -2.726 1.150 0 255 153
3.745 -1.137 1.184 0 221 255
3.434 -2.345 1.503 0 255 102
3.565 -1.080 1.094 0 255 246
4.837 -1.238 0.925 0 110 255
3.889 -1.090 0.368 0 255 140
5.425 -1.273 0.522 0 0 255
3.405 -2.301 0.189 0 255 110
3.703 -2.759 1.519 0 255 170
3.557 -1.255 0.648 0 255 153
3.464 -2.240 0.371 0 255 93
5.141 -1.230 1.345 0 119 255
4.659 -1.171 0.764 0 255 191
3.557 -1.169 0.783 0 255 246
3.617 -1.687 1.029 0 255 153
3.532 -1.318 0.952 0 255 216
5.521 -1.275 1.213 0 25 255
3.550 -1.215 1.254 0 221 255
5.176 -1.264 0.517 0 34 255
3.491 -1.599 1.167 0 255 80
3.521 -1.718 1.238 0 255 144
3.397 -2.755 1.166 0 255 127
3.587 -2.801 1.525 0 0 255
3.517 -1.596 1.061 0 255 93
4.068 -1.164 1.262 0 255 178
3.418 -2.533 1.291 0 255 106
3.500 -1.501 1.496 0 255 97
3.438 -1.173 0.222 0 255 127
3.895 -1.143 1.169 0 93 255
3.509 -1.658 1.442 0 255 38
3.643 -1.608 0.365 0 255 55
3.504 -1.791 0.497 0 255 97
4.112 -1.117 0.462 0 255 144
3.521 -1.581 1.281 0 255 114
3.475 -1.872 0.813 0 255 127
3.496 -1.699 1.449 0 255 59
3.531 -1.517 1.551 0 0 255
3.468 -2.035 1.257 0 255 76
3.508 -1.670 1.478 0 255 55
3.534 -1.342 1.383 0 255 216
4.323 -0.291 1.540 0 0 255
3.497 -1.776 1.317 0 255 46
3.550 -1.731 1.512 0 255 85
3.927 -1.133 0.615 0 255 199
3.497 -1.855 0.718 0 255 191
3.551 -2.946 0.215 0 255 136
3.502 -1.990 1.248 0 255 46
4.616 -1.212 1.503 0 0 255
3.458 -2.311 0.427 0 255 119
3.617 -0.394 1.028 0 0 255
3.256 -2.642 0.217 0 178 255
3.520 -1.647 1.034 0 255 38
3.485 -2.753 1.503 0 255 161
4.165 -0.326 1.462 0 34 255
3.427 -2.547 0.765 0 255 199
3.478 -1.952 1.395 0 255 42
3.917 -1.146 0.424 0 229 255
3.551 -1.857 0.699 0 255 140
3.509 -1.665 1.060 0 255 114
3.500 -1.872 1.581 0 0 255
3.533 -1.516 0.604 0 255 106
3.482 -1.971 1.109 0 255 42
3.535 -1.369 1.265 0 255 89
3.491 -2.140 0.437 0 255 25
3.706 -1.124 0.706 0 68 255
4.535 -1.201 1.039 0 0 255
4.302 -0.318 1.552 0 34 255
3.455 -2.332 0.517 0 255 106
3.433 -1.823 0.162 0 255 165
3.486 -1.978 1.156 0 255 51
3.498 -1.726 1.400 0 255 127
3.551 -1.141 0.849 0 42 255
3.479 -1.944 0.165 0 255 204
3.470 -2.041 0.743 0 255 157
3.555 -1.150 0.985 0 255 144
3.558 -1.148 0.683 0 255 144
3.514 -1.472 1.507 0 255 102
3.772 -1.094 1.432 0 255 114
3.549 -1.983 0.541 0 255 119
3.560 -1.875 0.559 0 255 148
3.412 -2.645 1.352 0 255 72
3.530 -1.544 0.365 0 229 255
4.272 -1.174 0.962 0 255 165
3.515 -1.653 0.925 0 255 89
4.318 -1.177 0.985 0 255 119
3.463 -2.120 1.046 0 255 63
4.276 -1.178 1.171 0 255 161
3.520 -1.974 0.766 0 255 106
3.986 -1.105 0.841 0 255 148
3.813 -1.120 1.344 0 255 170
3.610 -0.421 0.774 0 0 255
3.914 -0.321 1.753 0 59 255
4.304 -0.332 1.227 0 0 255
3.531 -1.468 0.209 0 255 63
4.871 -1.236 0.241 0 51 255
3.692 -2.791 1.536 0 255 161
3.486 -2.617 0.556 0 255 148
4.253 -1.152 1.225 0 255 182
3.692 -1.116 0.528 0 59 255
3.472 -2.137 0.553 0 255 102
4.200 -1.140 0.867 0 255 174
3.430 -2.440 1.050 0 8 255
4.331 -0.313 1.391 0 0 255
3.886 -0.333 1.274 0 0 255
5.016 -1.249 0.849 0 178 255
4.206 -1.145 1.354 0 255 123
3.544 -1.261 1.371 8 255 0
3.832 -1.092 0.315 0 255 225
4.322 -1.182 0.745 0 153 255
3.472 -2.037 0.980 0 255 144
3.976 -0.310 1.823 0 8 255
3.433 -1.422 0.151 0 255 195
3.402 -2.755 0.896 0 255 110
3.797 -1.083 0.468 0 255 148
3.405 -1.852 0.183 0 255 102
4.416 -1.198 0.692 0 255 170
3.680 -0.360 1.236 0 42 255
5.121 -1.216 0.508 0 255 178
5.039 -1.270 0.204 0 42 255
3.558 -1.743 0.491 0 255 136
3.552 -1.608 0.798 0 255 208
3.545 -1.415 0.448 0 255 59
3.625 -1.088 1.004 0 238 255
5.512 -1.243 1.270 0 76 255
3.510 -1.702 0.229 0 255 114
3.529 -1.517 0.400 0 255 148
3.428 -2.684 1.198 0 255 123
3.410 -2.626 1.042 0 51 255
3.594 -1.679 0.963 0 255 170
3.455 -0.998 0.155 0 255 204
5.041 -1.253 0.723 0 59 255
3.440 -2.163 0.211 0 255 255
3.502 -1.853 0.442 0 255 123
4.832 -1.241 0.299 0 255 127
3.560 -1.122 1.079 0 255 144
3.580 -1.266 0.771 0 255 110
3.772 -1.093 0.468 0 255 157
3.516 -1.727 0.692 0 255 80
4.890 -1.197 1.180 0 212 255
4.475 -1.191 1.097 0 17 255
3.523 -1.569 0.392 0 255 106
3.877 -1.130 0.184 0 119 255
3.468 -2.136 0.766 0 255 144
3.497 -1.830 1.233 0 255 136
3.408 -2.666 1.070 0 255 97
3.537 -1.545 0.767 0 255 170
3.498 -1.961 0.779 0 255 97
3.424 -2.570 1.427 0 255 102
4.767 -1.225 1.254 0 0 255
3.471 -2.119 0.771 0 255 59
4.159 -1.171 1.244 0 255 106
3.517 -1.528 0.761 0 255 25
3.478 -1.365 0.173 0 255 187
3.494 -1.846 0.285 0 255 131
5.388 -1.265 0.393 0 255 174
3.475 -1.933 1.472 0 255 157
3.516 -1.586 1.010 0 255 72
3.535 -1.354 1.266 0 255 29
3.533 -1.517 1.503 0 144 255
3.657 -1.821 1.008 0 255 21
3.407 -2.732 0.655 0 255 114
5.418 -1.305 0.422 0 0 255
3.728 -1.073 0.608 0 255 153
3.503 -1.849 1.364 0 255 140
3.586 -2.799 1.532 0 144 255
3.600 -1.770 0.285 0 255 140
3.522 -1.503 0.931 0 255 199
3.510 -1.609 0.776 0 255 127
3.512 -1.560 1.191 0 255 153
3.402 -2.764 0.729 0 255 238
3.560 -1.173 0.584 0 255 242
3.505 -1.766 0.966 0 255 93
4.219 -0.315 1.231 0 0 255
3.492 -1.919 0.430 0 255 106
3.431 -2.502 0.620 0 255 140
3.456 -2.247 0.837 0 255 34
5.206 -1.280 1.170 0 42 255
4.872 -1.254 1.400 0 255 216
3.554 -2.976 0.165 0 255 119
3.503 -1.749 0.716 0 255 114
3.491 -1.695 1.534 0 255 114
3.492 -2.487 0.740 0 255 157
3.571 -1.068 1.048 0 255 182
3.497 -2.029 1.437 0 51 255
3.456 -2.000 0.199 0 255 153
3.520 -1.771 0.236 0 255 110
3.481 -2.066 0.217 0 255 127
3.443 -2.168 1.251 0 255 165
3.609 -1.071 0.772 0 238 255
3.585 -1.093 1.401 0 255 233
3.565 -1.160 0.381 0 255 157
3.564 -1.171 0.405 0 255 110
4.303 -1.186 0.826 0 255 114
3.512 -1.851 0.258 0 255 157
4.207 -0.313 1.805 0 0 255
3.585 -1.458 0.978 0 42 255
3.566 -1.077 1.488 0 161 255
3.410 -2.709 0.665 0 255 123
5.259 -1.237 0.738 0 229 255
5.452 -1.277 1.225 0 0 255
5.487 -1.300 0.859 0 0 255
3.462 -2.222 0.856 0 255 63
3.487 -1.937 1.226 0 255 25
3.449 -2.355 0.710 0 255 140
4.836 -1.232 1.122 0 25 255
3.766 -1.131 0.577 0 51 255
3.421 -2.361 1.522 0 0 255
4.844 -1.239 1.275 0 85 255
4.168 -1.164 0.190 0 255 208
3.820 -1.096 1.091 0 255 238
4.191 -1.144 1.160 0 255 204
3.589 -3.035 0.187 0 255 97
5.053 -1.258 1.264 0 119 255
3.894 -1.138 0.617 0 144 255
4.560 -1.164 0.620 0 255 182
3.415 -2.634 0.984 0 255 63
3.804 -1.124 0.571 0 238 255
3.561 -2.440 0.907 0 255 63
4.082 -1.159 0.162 0 255 233
3.807 -1.093 0.426 0 0 255
3.543 -1.370 0.889 0 255 72
3.597 -1.113 1.382 0 34 255
4.000 -1.170 1.504 0 255 208
3.538 -1.361 1.315 0 255 106
3.501 -2.132 1.292 0 255 140
3.558 -1.348 0.423 0 255 212
3.530 -1.464 0.786 0 255 85
3.504 -1.451 1.492 0 255 161
3.548 -1.326 1.126 0 255 21
3.708 -0.437 1.754 0 0 255
3.435 -2.438 0.808 0 255 51
3.547 -1.336 0.985 0 255 212
3.553 -1.345 0.735 0 255 21
3.562 -1.087 0.164 0 255 119
3.469 -2.117 0.747 0 255 106
3.554 -1.464 0.520 0 255 72
3.512 -2.127 0.225 0 255 97
3.500 -1.765 1.040 0 255 4
