-21.942 -45.176 1.605 0 255 195
-22.183 -44.275 2.132 0 0 255
-21.533 -45.479 3.017 0 153 255
-21.182 -45.661 2.449 0 0 255
-20.636 -44.987 3.301 0 8 255
-20.559 -44.857 3.389 0 0 255
-21.069 -45.778 2.498 0 0 255
-21.851 -45.904 1.291 0 255 97
-21.928 -44.756 3.611 0 0 255
-22.151 -44.687 3.696 0 25 255
-21.270 -45.144 2.076 0 68 255
-22.273 -45.293 2.729 0 0 255
-21.021 -45.780 3.844 0 0 255
-22.381 -45.583 2.327 0 8 255
-22.017 -44.793 2.813 0 34 255
-21.990 -45.666 2.062 0 68 255
-21.408 -44.030 3.876 0 25 255
-20.267 -45.678 4.528 0 17 255
-22.177 -45.146 3.131 0 0 255
-19.909 -45.583 3.402 0 76 255
-21.716 -44.261 3.517 0 42 255
-21.204 -44.656 1.933 0 0 255
-20.876 -45.787 2.053 0 255 191
-21.051 -45.782 3.277 0 0 255
-22.040 -44.420 2.307 0 0 255
-22.581 -44.807 1.782 0 42 255
-21.951 -45.361 1.336 0 17 255
-21.203 -45.523 1.664 0 0 255
-22.877 -44.762 2.010 0 178 255
-21.320 -45.179 2.622 0 102 255
-22.502 -44.827 1.786 0 255 170
-21.032 -45.876 4.593 0 51 255
-20.900 -44.458 2.043 0 8 255
-22.363 -44.859 3.154 0 8 255
-20.588 -45.801 3.367 0 8 255
-22.611 -44.871 2.040 0 25 255
-20.953 -44.741 2.315 0 255 127
-22.120 -45.153 3.390 0 8 255
-22.450 -45.294 3.448 0 153 255
-21.878 -45.649 2.181 0 51 255
-20.895 -44.770 2.315 0 8 255
-21.484 -45.201 3.428 0 0 255
-21.586 -44.973 3.722 0 0 255
-20.771 -45.277 3.365 0 0 255
-21.907 -44.165 2.604 0 17 255
-21.267 -45.700 2.147 0 255 229
-21.951 -45.295 2.100 0 255 225
-21.142 -45.793 2.381 0 51 255
-19.906 -45.386 3.027 0 0 255
-21.607 -45.660 1.557 0 0 255
-21.777 -44.557 2.506 0 8 255
-19.946 -45.446 3.163 0 42 255
-21.088 -45.616 2.607 0 93 255
-22.865 -45.675 3.282 0 0 255
-22.939 -44.998 1.396 0 0 255
-22.276 -44.406 1.708 0 102 255
-21.029 -44.549 1.970 0 119 255
-22.589 -45.413 2.685 0 8 255
-20.989 -44.453 1.992 0 229 255
-22.365 -45.322 3.534 0 8 255
-20.913 -44.957 2.309 0 93 255
-20.014 -44.717 3.329 0 93 255
-21.420 -45.630 2.788 0 0 255
-21.614 -44.875 3.121 0 0 255
-22.003 -45.285 1.503 0 187 255
-20.757 -45.354 3.185 0 255 246
-21.156 -45.495 2.460 0 25 255
-21.720 -45.561 2.521 0 0 255
-21.939 -44.767 3.559 0 34 255
-21.133 -45.630 2.622 0 34 255
-23.071 -44.340 1.795 0 8 255
-23.446 -46.527 1.842 0 25 255
-21.959 -44.650 3.143 0 238 255
-23.600 -46.634 2.252 0 0 255
-23.988 -46.537 2.298 0 42 255
-23.423 -46.549 1.982 0 0 255
-23.403 -46.526 2.000 0 34 255
-21.091 -45.638 2.897 0 76 255
-23.428 -46.517 2.200 0 0 255
-22.438 -45.147 3.181 0 8 255
-23.953 -46.543 2.346 0 76 255
-23.906 -46.527 2.365 0 0 255
-23.314 -46.511 2.080 0 0 255
-23.881 -46.231 2.270 0 0 255
-19.312 -45.763 2.363 0 0 255
-23.946 -46.593 2.499 0 0 255
-22.319 -45.858 2.665 0 8 255
-23.849 -46.376 2.461 0 8 255
-23.719 -46.211 2.293 0 0 255
-23.836 -46.220 2.246 0 0 255
-23.783 -46.223 2.251 0 8 255
-23.765 -46.310 2.279 0 0 255
-23.899 -46.430 2.468 0 8 255
-23.863 -46.197 2.241 0 0 255
-23.700 -46.361 2.430 0 0 255
-23.631 -46.598 2.276 0 0 255
-23.683 -46.509 2.289 0 34 255
-23.875 -46.446 2.374 0 110 255
-23.728 -46.454 2.272 0 42 255
-23.340 -46.555 2.036 0 0 255
-23.748 -46.367 2.334 0 8 255
-23.713 -46.354 2.323 0 0 255
-23.770 -46.496 2.538 0 0 255
-23.380 -46.549 3.002 0 0 255
-23.389 -46.486 3.007 0 0 255
-23.216 -46.696 2.791 0 0 255
-23.165 -46.629 2.833 0 8 255
-23.657 -46.187 3.029 0 0 255
-23.676 -46.218 2.584 0 0 255
-23.633 -46.224 2.997 0 17 255
-23.359 -45.944 2.646 0 8 255
-23.060 -47.132 2.570 0 0 255
-23.808 -46.226 2.487 0 0 255
-23.589 -46.268 3.013 0 0 255
-23.328 -45.956 2.610 0 51 255
-23.506 -46.332 2.929 0 0 255
-23.325 -45.942 2.648 0 25 255
-23.379 -46.367 2.949 0 0 255
-23.320 -46.302 2.972 0 161 255
-23.291 -46.308 2.980 0 153 255
-23.241 -46.295 2.974 0 0 255
-23.122 -46.386 3.008 0 0 255
-23.064 -46.241 3.065 0 17 255
-23.377 -46.353 3.060 0 42 255
-23.053 -46.288 3.099 0 0 255
-23.397 -46.324 2.926 0 0 255
-23.371 -46.312 2.980 0 136 255
-23.162 -46.401 2.993 0 0 255
-23.678 -46.317 2.536 0 0 255
-23.162 -46.239 3.020 0 8 255
-23.442 -46.338 3.022 0 0 255
-23.059 -46.245 3.092 0 0 255
-23.689 -46.268 2.515 0 8 255
-23.694 -46.221 2.503 0 0 255
-23.275 -46.181 3.608 0 0 255
-23.391 -46.341 3.000 0 0 255
-23.237 -46.182 3.627 0 0 255
-23.055 -46.153 2.953 0 0 255
-23.775 -46.175 2.546 0 0 255
-23.197 -46.196 3.053 0 0 255
-23.068 -46.428 2.967 0 0 255
-23.602 -46.190 2.447 0 8 255
-23.225 -46.206 3.704 0 0 255
-23.307 -46.203 3.679 0 0 255
-23.337 -46.019 3.568 0 246 255
-23.320 -45.999 3.559 0 25 255
-23.316 -46.457 2.159 0 0 255
-23.290 -46.433 2.171 0 8 255
-23.331 -46.452 2.199 0 0 255
-23.031 -46.203 3.020 0 59 255
-23.028 -46.169 3.041 0 255 199
-23.016 -46.122 3.074 0 195 255
-21.948 -44.695 2.993 0 102 255
-23.246 -46.372 2.236 0 0 255
-23.160 -46.109 2.317 0 25 255
-23.675 -46.033 3.512 0 0 255
-23.544 -46.231 3.220 0 8 255
-23.513 -46.227 3.262 0 8 255
-21.531 -44.842 2.714 0 0 255
-23.302 -46.276 2.305 0 68 255
-23.310 -46.218 2.325 0 8 255
-21.609 -45.610 1.642 0 0 255
-21.838 -44.565 3.132 0 93 255
-23.492 -46.189 2.416 0 8 255
-23.287 -46.169 3.243 0 178 255
-20.894 -44.758 2.327 0 0 255
-23.412 -46.080 2.350 0 68 255
-23.317 -46.074 2.377 0 0 255
-22.750 -44.678 1.978 0 0 255
-23.498 -46.147 3.379 0 17 255
-23.389 -46.148 2.389 0 0 255
-23.425 -46.184 3.372 0 42 255
-23.308 -46.096 2.394 0 93 255
-23.445 -46.040 2.342 0 51 255
-23.398 -46.187 3.382 0 51 255
-23.353 -46.158 3.393 0 25 255
-23.412 -46.128 3.391 0 238 255
-23.535 -46.052 3.361 0 17 255
-21.965 -48.347 2.048 0 0 255
-23.377 -46.109 2.489 0 0 255
-21.950 -48.438 2.369 0 0 255
-23.342 -46.052 2.498 0 17 255
-23.032 -46.142 3.172 0 51 255
-21.910 -48.145 2.282 0 0 255
-23.319 -46.009 2.557 0 0 255
-21.403 -48.497 2.095 0 0 255
-21.378 -48.522 2.155 0 8 255
-23.206 -46.194 3.305 0 0 255
-20.068 -45.742 3.599 0 0 255
-22.099 -48.360 2.124 0 0 255
-21.776 -48.365 2.237 0 110 255
-21.904 -48.510 2.053 0 0 255
-23.155 -46.170 2.324 0 0 255
-21.934 -48.417 2.164 0 0 255
-21.923 -48.478 2.079 0 0 255
-21.740 -48.306 2.221 0 51 255
-23.449 -46.293 3.458 0 0 255
-21.295 -48.519 2.126 0 8 255
-21.644 -48.292 2.229 0 8 255
-21.134 -48.466 2.091 0 0 255
-23.282 -46.092 2.402 0 0 255
-23.451 -46.288 3.493 0 0 255
-23.455 -46.252 3.498 0 0 255
-23.311 -46.291 3.417 0 0 255
-21.250 -48.474 2.224 0 25 255
-20.861 -48.333 2.235 0 0 255
-20.857 -48.308 2.268 0 25 255
-21.056 -48.378 2.267 0 0 255
-20.801 -48.405 2.171 0 0 255
-21.028 -48.305 2.210 0 0 255
-21.030 -48.320 2.287 0 8 255
-21.166 -48.275 2.181 0 0 255
-21.012 -48.294 2.269 0 0 255
-21.590 -48.309 2.262 0 8 255
-21.836 -48.359 2.196 0 68 255
-21.269 -48.413 2.214 0 34 255
-21.536 -48.261 2.245 0 17 255
-21.200 -48.440 2.209 0 8 255
-21.179 -48.374 2.403 0 0 255
-21.115 -48.451 2.410 0 0 255
-21.115 -48.379 2.451 0 0 255
-20.841 -48.252 2.443 0 0 255
-21.202 -48.451 2.285 0 25 255
-21.025 -48.149 2.621 0 17 255
-20.806 -48.169 2.414 0 17 255
-21.073 -48.412 2.389 0 8 255
-23.478 -46.262 3.548 0 17 255
-21.882 -48.508 2.286 0 17 255
-21.870 -48.552 2.391 0 0 255
-21.864 -48.539 2.381 0 8 255
-23.352 -46.217 3.573 0 25 255
-21.860 -48.511 2.411 0 0 255
-23.340 -46.254 3.625 0 0 255
-22.354 -45.179 3.123 0 0 255
-21.466 -48.487 2.316 0 0 255
-23.410 -46.161 3.416 0 8 255
-22.624 -45.858 1.965 0 0 255
-21.155 -45.837 1.834 0 17 255
-22.462 -45.303 3.420 0 17 255
-20.579 -48.550 2.282 0 0 255
-20.547 -48.522 2.327 0 17 255
-21.726 -48.400 2.282 0 110 255
-21.713 -48.383 2.287 0 8 255
-20.325 -48.570 2.156 0 8 255
-21.554 -45.575 1.780 0 255 178
-20.404 -48.515 2.344 0 34 255
-20.306 -48.580 2.197 0 0 255
-20.649 -48.460 2.387 0 8 255
-20.635 -48.457 2.413 0 25 255
-20.490 -48.550 2.384 0 0 255
-20.325 -48.539 2.260 0 42 255
-20.735 -48.398 2.308 0 25 255
-20.301 -48.529 2.289 0 85 255
-20.250 -48.524 2.315 0 136 255
-20.696 -48.419 2.301 0 0 255
-20.731 -48.362 2.391 0 0 255
-20.515 -48.462 2.445 0 0 255
-20.546 -48.554 2.493 0 8 255
-20.627 -48.555 2.291 0 0 255
-20.543 -48.434 2.499 0 0 255
-20.326 -48.465 2.283 0 246 255
-20.718 -48.157 2.349 0 8 255
-20.347 -48.481 2.341 0 17 255
-20.725 -48.185 2.564 0 0 255
-20.270 -48.565 2.437 0 0 255
-20.251 -48.576 2.479 0 0 255
-20.260 -48.571 2.504 0 17 255
-20.432 -48.314 2.414 0 0 255
-20.574 -48.152 2.360 0 68 255
-20.763 -48.219 2.595 0 59 255
-20.748 -48.247 2.633 0 0 255
-20.782 -48.242 2.625 0 8 255
-20.358 -48.381 2.474 0 8 255
-20.482 -48.593 2.316 0 0 255
-20.279 -48.460 2.398 0 0 255
-20.287 -48.403 2.611 0 170 255
-20.400 -48.381 2.398 0 0 255
-20.270 -48.502 2.455 0 17 255
-20.712 -48.425 2.374 0 34 255
-20.420 -48.334 2.472 0 17 255
-20.571 -48.516 2.373 0 0 255
-20.278 -48.424 2.488 0 0 255
-20.184 -48.579 2.280 0 0 255
-20.112 -48.453 2.344 0 0 255
-20.093 -48.525 2.291 0 42 255
-20.795 -48.249 2.442 0 0 255
-20.514 -48.419 2.539 0 0 255
-20.249 -48.435 2.522 0 204 255
-19.824 -48.258 2.278 0 0 255
-21.574 -48.368 2.373 0 42 255
-20.007 -48.333 2.351 0 17 255
-21.491 -48.395 2.366 0 0 255
-19.904 -48.410 2.330 0 0 255
-20.102 -48.436 2.322 0 8 255
-20.068 -48.425 2.378 0 0 255
-20.617 -48.384 2.499 0 0 255
-20.055 -48.364 2.571 0 59 255
-21.521 -48.296 2.422 0 0 255
-20.542 -48.402 2.511 0 0 255
-20.539 -48.382 2.531 0 85 255
-20.576 -48.403 2.532 0 34 255
-20.224 -48.491 2.472 0 17 255
-20.182 -48.383 2.429 0 0 255
-20.532 -48.392 2.593 0 8 255
-19.855 -48.453 2.393 0 0 255
-20.772 -48.238 2.522 0 0 255
-19.913 -48.381 2.427 0 59 255
-21.428 -48.407 2.382 0 119 255
-21.448 -48.399 2.414 0 34 255
-19.801 -48.270 2.482 0 25 255
-19.764 -48.306 2.597 0 8 255
-19.774 -48.152 2.548 0 8 255
-20.205 -48.635 2.525 0 0 255
-19.571 -48.369 2.301 0 8 255
-20.223 -48.407 2.607 0 0 255
-21.471 -48.228 2.503 0 0 255
-19.628 -48.292 2.494 0 0 255
-21.342 -48.558 2.032 0 0 255
-21.853 -44.856 2.239 0 17 255
-21.636 -47.178 1.392 0 0 255
-21.711 -47.145 1.380 0 0 255
-21.549 -45.249 3.317 0 17 255
-21.571 -47.186 1.442 0 0 255
-22.155 -46.492 1.452 0 0 255
-21.930 -46.186 1.348 0 255 136
-21.950 -46.136 1.403 0 204 255
-19.951 -45.857 4.289 0 0 255
-22.290 -44.889 2.078 0 51 255
-21.945 -46.174 1.452 0 0 255
-21.905 -46.173 1.440 0 0 255
-20.289 -45.855 4.356 0 0 255
-22.754 -45.152 1.644 0 0 255
-21.581 -46.527 1.343 0 0 255
-21.590 -46.530 1.362 0 0 255
-21.351 -46.598 1.380 0 255 178
-21.901 -46.163 1.302 0 255 182
-21.867 -46.156 1.331 0 255 136
-21.742 -46.161 1.382 0 8 255
-21.738 -45.948 1.525 0 195 255
-21.496 -46.081 1.383 0 42 255
-21.451 -46.167 1.287 0 255 165
-21.525 -46.352 1.410 0 0 255
-21.392 -46.079 1.442 0 255 161
-21.390 -46.070 1.451 0 0 255
-21.475 -46.109 1.309 0 0 255
-21.405 -46.166 1.357 0 255 165
-21.414 -46.145 1.373 0 102 255
-21.423 -46.094 1.428 0 255 229
-21.437 -46.077 1.437 0 8 255
-21.820 -45.996 1.489 0 119 255
-21.439 -46.070 1.527 0 8 255
-21.827 -46.017 1.541 0 0 255
-21.606 -45.987 1.546 0 0 255
-21.454 -46.053 1.448 0 34 255
-21.414 -46.019 1.513 0 8 255
-21.468 -45.966 1.482 0 0 255
-21.292 -46.054 1.545 0 34 255
-21.181 -46.202 1.577 0 255 161
-21.169 -46.153 1.585 0 34 255
-21.799 -44.836 2.310 0 76 255
-21.939 -47.486 1.946 0 17 255
-21.722 -45.558 1.331 0 255 199
-21.842 -47.606 1.892 0 8 255
-21.906 -47.715 2.043 0 25 255
-21.946 -47.714 2.081 0 25 255
-21.809 -47.592 1.875 0 59 255
-21.820 -47.356 1.643 0 76 255
-21.878 -47.356 1.661 0 25 255
-21.857 -47.325 1.668 0 8 255
-21.595 -47.185 1.666 0 25 255
-21.896 -47.645 1.982 0 0 255
-21.117 -45.969 1.573 0 0 255
-21.076 -45.968 1.622 0 255 174
-21.370 -47.784 2.045 0 0 255
-21.013 -47.061 1.668 0 0 255
-21.384 -44.655 2.382 0 0 255
-21.816 -47.499 1.831 0 76 255
-22.132 -44.788 2.080 0 0 255
-20.897 -47.154 1.594 0 8 255
-20.863 -47.063 1.639 0 153 255
-20.862 -47.071 1.670 0 255 161
-20.902 -47.119 1.683 0 42 255
-20.859 -47.213 1.682 0 0 255
-21.039 -47.255 1.736 0 51 255
-21.038 -47.213 1.774 0 25 255
-20.811 -47.236 1.822 0 25 255
-20.815 -47.177 1.813 0 59 255
-20.852 -47.153 1.667 0 59 255
-20.907 -47.411 2.031 0 51 255
-20.929 -47.403 2.043 0 0 255
-20.861 -47.341 1.905 0 0 255
-20.862 -47.315 1.965 0 0 255
-20.816 -47.335 1.924 0 25 255
-20.959 -47.579 2.007 0 0 255
-20.912 -47.534 1.991 0 8 255
-21.163 -47.854 2.577 0 59 255
-20.888 -47.310 1.955 0 110 255
-21.133 -47.853 2.586 0 0 255
-21.007 -47.119 1.870 0 136 255
-21.235 -47.110 2.083 0 42 255
-22.627 -46.203 2.010 0 0 255
-21.214 -47.130 2.198 0 0 255
-20.946 -47.081 1.889 0 255 170
-22.501 -46.471 1.811 0 0 255
-22.216 -46.027 1.682 0 0 255
-21.271 -47.882 2.101 0 0 255
-21.939 -46.093 1.699 0 25 255
-21.960 -45.998 1.654 0 178 255
-22.722 -45.716 3.209 0 0 255
-22.459 -46.449 1.943 0 0 255
-22.160 -46.205 1.913 0 0 255
-22.388 -46.200 2.007 0 0 255
-22.006 -45.970 1.729 0 255 153
-22.060 -46.162 1.693 0 255 246
-20.781 -45.870 2.155 0 0 255
-21.941 -46.021 1.902 0 8 255
-22.782 -46.792 2.168 0 0 255
-21.974 -45.963 1.789 0 0 255
-21.992 -46.171 1.570 0 17 255
-21.989 -46.168 1.572 0 93 255
-22.019 -45.967 2.038 0 68 255
-22.341 -46.409 1.907 0 0 255
-22.149 -46.145 2.002 0 0 255
-22.220 -46.193 2.001 0 85 255
-22.009 -46.117 1.602 0 76 255
-22.222 -46.298 1.882 0 255 250
-22.157 -46.124 1.977 0 8 255
-22.166 -46.107 2.005 0 255 161
-22.022 -46.191 1.657 0 255 153
-22.506 -46.518 2.434 0 0 255
-22.128 -46.662 2.338 0 0 255
-22.851 -46.484 2.523 0 0 255
-22.978 -46.361 2.244 0 0 255
-21.310 -46.723 1.521 0 85 255
-21.273 -47.902 2.327 0 0 255
-21.965 -46.491 2.572 0 102 255
-22.226 -45.932 2.087 0 34 255
-22.138 -46.203 1.839 0 76 255
-22.732 -46.298 2.186 0 102 255
-22.608 -46.291 2.198 0 0 255
-22.642 -46.181 2.261 0 17 255
-22.653 -46.146 2.256 0 255 255
-22.286 -46.506 2.437 0 8 255
-23.001 -46.314 2.099 0 17 255
-20.077 -44.727 3.346 0 255 250
-22.615 -46.235 2.345 0 0 255
-22.672 -46.454 2.201 0 0 255
-22.597 -46.327 2.240 0 255 204
-22.581 -46.325 2.264 0 51 255
-23.000 -46.072 2.302 0 8 255
-22.603 -46.468 2.376 0 0 255
-22.609 -46.475 2.233 0 0 255
-22.830 -46.298 2.057 0 0 255
-22.744 -46.159 2.393 0 8 255
-22.577 -46.147 2.223 0 255 250
-22.010 -46.421 2.620 0 8 255
-22.504 -46.397 2.530 0 51 255
-22.855 -46.168 2.306 0 42 255
-21.213 -47.824 2.151 0 0 255
-22.073 -46.223 2.582 0 144 255
-20.178 -45.837 4.380 0 0 255
-22.825 -46.126 2.332 0 0 255
-21.206 -47.790 2.206 0 127 255
-21.383 -46.866 1.726 0 8 255
-22.089 -46.236 2.613 0 0 255
-22.743 -46.440 2.491 0 0 255
-21.339 -47.712 2.106 0 0 255
-21.893 -46.484 1.675 0 34 255
-22.046 -45.982 2.404 0 25 255
-21.374 -46.759 1.804 0 0 255
-21.782 -46.270 1.256 0 0 255
-21.550 -46.971 1.908 0 0 255
-22.176 -46.166 2.646 0 0 255
-21.077 -46.975 1.703 0 0 255
-21.110 -46.839 1.665 0 17 255
-21.089 -46.966 1.788 0 0 255
-21.060 -46.835 1.642 0 255 221
-21.128 -46.968 1.802 0 0 255
-21.086 -46.956 1.667 0 204 255
-21.182 -46.918 1.735 0 0 255
-21.103 -46.995 1.812 0 255 246
-21.102 -46.995 1.832 0 42 255
-21.132 -46.997 1.899 0 0 255
-21.292 -46.841 1.617 0 68 255
-21.234 -46.854 1.727 0 42 255
-22.664 -46.101 2.403 0 0 255
-21.261 -46.821 1.723 0 0 255
-22.719 -46.131 2.421 0 0 255
-20.852 -47.747 2.384 0 0 255
-21.113 -46.882 1.728 0 25 255
-21.423 -45.959 1.653 0 119 255
-20.820 -47.030 2.022 0 0 255
-20.810 -46.863 1.715 0 42 255
-22.793 -45.757 3.242 0 0 255
-20.990 -46.984 1.745 0 34 255
-22.566 -45.968 2.493 0 8 255
-21.187 -46.860 1.650 0 51 255
-21.868 -46.043 1.700 0 0 255
-22.524 -46.000 2.534 0 8 255
-21.006 -47.005 1.699 0 51 255
-21.253 -46.078 1.701 0 255 229
-21.238 -48.005 2.525 0 25 255
-21.336 -46.036 1.769 0 8 255
-20.973 -47.022 1.672 0 102 255
-20.981 -46.985 1.692 0 136 255
-20.956 -46.989 1.715 0 0 255
-21.050 -46.866 1.768 0 0 255
-21.023 -46.848 1.789 0 0 255
-22.493 -45.954 2.572 0 0 255
-21.345 -45.985 1.781 0 238 255
-21.018 -46.010 2.724 0 255 229
-20.950 -46.857 1.769 0 8 255
-20.948 -46.853 1.766 0 76 255
-21.094 -48.069 2.599 0 25 255
-21.002 -46.922 1.688 0 59 255
-21.050 -45.990 2.689 0 255 161
-21.029 -45.971 2.706 0 255 165
-21.071 -45.981 1.681 0 0 255
-20.956 -45.946 1.657 0 59 255
-20.895 -45.963 2.665 0 255 221
-21.045 -43.932 2.015 0 0 255
-20.824 -48.108 2.411 0 0 255
-21.452 -44.710 2.362 0 0 255
-22.165 -46.415 2.302 0 102 255
-21.633 -46.790 2.551 0 0 255
-20.860 -48.059 2.486 0 0 255
-21.842 -44.921 2.620 0 8 255
-21.621 -46.831 2.462 0 0 255
-21.086 -45.083 2.205 0 187 255
-21.534 -46.768 2.502 0 0 255
-21.070 -48.096 2.573 0 0 255
-21.024 -48.130 2.608 0 68 255
-21.559 -46.762 2.547 0 0 255
-20.975 -48.123 2.605 0 255 208
-21.513 -46.805 2.539 0 0 255
-21.755 -46.622 2.605 0 17 255
-22.184 -45.959 2.390 0 8 255
-21.858 -46.544 2.645 0 25 255
-21.882 -46.484 2.629 0 0 255
-22.075 -45.955 2.184 0 255 144
-21.796 -45.979 2.145 0 8 255
-21.821 -46.005 2.211 0 76 255
-20.685 -47.740 2.040 0 42 255
-20.757 -47.590 1.863 0 25 255
-21.890 -46.376 2.624 0 0 255
-22.004 -46.063 2.254 0 8 255
-20.458 -45.913 4.246 0 0 255
-20.736 -47.580 1.883 0 68 255
-20.696 -47.397 1.975 0 8 255
-20.611 -47.423 1.967 0 0 255
-20.537 -47.471 2.005 0 68 255
-19.717 -48.033 2.358 0 25 255
-19.749 -48.065 2.415 0 42 255
-22.934 -44.660 1.739 0 0 255
-20.736 -47.753 2.480 0 0 255
-19.959 -45.676 3.162 0 8 255
-19.728 -47.997 2.340 0 85 255
-19.693 -48.001 2.351 0 0 255
-20.717 -48.094 2.386 0 8 255
-19.782 -47.946 2.490 0 238 255
-19.722 -47.958 2.413 0 76 255
-19.744 -47.933 2.515 0 102 255
-20.687 -47.969 2.571 0 0 255
-20.664 -47.950 2.572 0 42 255
-22.170 -45.977 2.386 0 0 255
-22.177 -45.954 2.371 0 0 255
-22.141 -45.952 2.360 0 127 255
-20.644 -48.128 2.380 0 0 255
-19.810 -47.969 2.553 0 0 255
-19.746 -48.081 2.633 0 0 255
-20.795 -47.891 2.606 0 0 255
-19.466 -48.023 2.098 0 25 255
-19.519 -48.017 2.166 0 0 255
-20.749 -47.759 2.417 0 0 255
-19.432 -48.027 2.145 0 42 255
-19.139 -48.127 2.053 0 0 255
-19.781 -47.841 2.520 0 204 255
-19.211 -47.984 1.941 0 51 255
-19.259 -47.987 1.971 0 25 255
-19.216 -47.978 1.961 0 8 255
-19.743 -47.279 2.652 0 0 255
-19.712 -47.279 2.670 0 0 255
-19.264 -47.968 2.038 0 8 255
-19.359 -47.920 2.049 0 0 255
-22.409 -46.384 2.613 0 0 255
-19.838 -47.837 2.713 0 0 255
-19.161 -47.801 2.116 0 34 255
-19.094 -48.023 1.913 0 0 255
-19.144 -47.768 2.096 0 8 255
-19.110 -48.095 1.933 0 0 255
-19.217 -47.801 2.176 0 0 255
-19.538 -48.040 2.264 0 0 255
-22.079 -46.450 2.394 0 8 255
-19.611 -48.134 2.344 0 0 255
-22.046 -46.433 2.507 0 0 255
-22.294 -44.991 1.705 0 187 255
-19.744 -47.797 2.660 0 0 255
-19.629 -48.055 2.376 0 25 255
-19.676 -48.035 2.388 0 8 255
-19.633 -48.035 2.370 0 8 255
-19.645 -47.998 2.384 0 0 255
-19.565 -48.066 2.331 0 17 255
-20.780 -47.189 1.869 0 0 255
-19.557 -48.041 2.279 0 17 255
-21.914 -46.266 2.415 0 17 255
-19.518 -47.855 2.450 0 0 255
-19.647 -48.079 2.375 0 34 255
-19.315 -47.993 2.024 0 0 255
-19.326 -47.949 2.013 0 0 255
-19.511 -47.770 2.414 0 8 255
-19.515 -47.632 2.515 0 8 255
-19.606 -47.948 2.669 0 8 255
-19.660 -47.828 2.657 0 93 255
-19.584 -47.734 2.539 0 255 182
-19.111 -47.819 2.225 0 0 255
-19.479 -47.904 2.614 0 0 255
-20.946 -46.140 2.638 0 51 255
-19.429 -47.932 2.588 0 0 255
-19.628 -47.736 2.622 0 110 255
-20.945 -46.120 2.640 0 0 255
-19.544 -47.780 2.493 0 68 255
-20.893 -46.149 2.611 0 0 255
-19.567 -47.801 2.667 0 34 255
-21.334 -48.248 2.820 0 76 255
-19.618 -47.943 2.627 0 17 255
-20.784 -47.021 1.689 0 17 255
-21.288 -48.175 2.768 0 42 255
-21.293 -48.440 3.023 0 8 255
-20.648 -46.925 1.723 0 0 255
-21.278 -48.263 2.911 0 144 255
-20.786 -47.016 2.050 0 42 255
-21.311 -45.799 2.276 0 8 255
-21.050 -48.147 2.790 0 0 255
-21.214 -48.290 2.922 0 76 255
-21.217 -48.356 2.758 0 8 255
-21.238 -48.146 3.127 0 17 255
-19.521 -47.810 2.620 0 0 255
-19.608 -47.640 2.567 0 51 255
-20.622 -48.318 2.658 0 8 255
-19.552 -47.687 2.531 0 76 255
-20.890 -48.159 3.188 0 0 255
-19.696 -46.572 2.623 0 0 255
-22.978 -47.067 2.565 0 8 255
-21.129 -48.333 2.909 0 51 255
-22.191 -47.426 3.554 0 42 255
-22.183 -47.425 3.553 0 0 255
-20.539 -48.368 2.749 0 8 255
-20.765 -48.227 2.680 0 0 255
-22.279 -47.353 3.562 0 76 255
-19.706 -46.679 2.732 0 42 255
-22.266 -47.427 3.541 0 0 255
-22.255 -47.431 3.563 0 0 255
-22.205 -47.370 3.555 0 0 255
-22.063 -45.190 3.718 0 0 255
-21.134 -48.319 2.986 0 0 255
-19.902 -46.526 2.758 0 8 255
-22.053 -47.416 3.519 0 8 255
-20.712 -48.232 2.673 0 0 255
-21.996 -47.341 3.570 0 0 255
-21.944 -47.343 3.561 0 0 255
-19.882 -46.522 2.744 0 0 255
-19.848 -46.535 2.739 0 59 255
-21.352 -48.085 2.964 0 0 255
-20.761 -48.194 2.649 0 0 255
-19.743 -46.554 2.649 0 34 255
-21.974 -47.329 3.658 0 8 255
-19.705 -46.557 2.645 0 8 255
-21.586 -47.701 3.022 0 0 255
-19.707 -46.554 2.698 0 59 255
-21.173 -47.963 2.624 0 51 255
-21.631 -47.639 3.006 0 8 255
-21.627 -47.613 3.019 0 8 255
-21.688 -47.623 2.920 0 0 255
-19.789 -46.537 2.693 0 229 255
-21.591 -47.670 3.016 0 0 255
-19.239 -45.707 2.355 0 102 255
-21.164 -47.900 2.770 0 0 255
-20.974 -47.939 2.662 0 0 255
-21.126 -47.842 2.842 0 0 255
-21.626 -47.650 2.966 0 17 255
-21.597 -47.652 3.011 0 0 255
-20.695 -48.188 2.760 0 8 255
-21.351 -48.102 2.743 0 144 255
-21.316 -48.125 2.789 0 0 255
-20.657 -48.269 2.671 0 8 255
-21.039 -48.090 3.172 0 8 255
-21.700 -47.635 2.855 0 0 255
-21.101 -47.782 3.011 0 0 255
-21.135 -47.728 3.042 0 0 255
-21.124 -47.711 3.057 0 178 255
-21.175 -48.096 2.799 0 0 255
-21.265 -48.085 2.999 0 127 255
-21.189 -47.673 3.148 0 0 255
-21.543 -47.666 3.073 0 0 255
-21.109 -48.121 2.786 0 0 255
-21.151 -47.630 3.113 0 255 255
-21.097 -47.180 2.931 0 0 255
-19.677 -46.704 2.534 0 0 255
-21.127 -47.314 3.167 0 255 225
-21.006 -47.328 3.148 0 0 255
-20.953 -47.353 3.160 0 0 255
-19.669 -46.674 2.603 0 0 255
-20.965 -47.320 3.203 0 144 255
-19.631 -46.598 2.630 0 8 255
-20.985 -47.270 3.161 0 68 255
-21.115 -47.182 3.113 0 34 255
-21.441 -47.632 3.117 0 0 255
-20.812 -47.226 3.239 0 0 255
-21.025 -47.279 3.197 0 17 255
-21.385 -48.128 3.406 0 25 255
-21.387 -47.620 3.439 0 17 255
-21.076 -47.251 3.169 0 255 161
-21.570 -44.759 2.350 0 42 255
-20.883 -47.394 3.202 0 51 255
-21.134 -47.196 3.519 0 34 255
-20.867 -47.302 3.393 0 8 255
-21.146 -47.122 3.112 0 110 255
-20.388 -48.316 2.772 0 34 255
-20.946 -47.300 3.465 0 0 255
-20.857 -47.334 3.191 0 0 255
-19.689 -46.612 2.693 0 42 255
-21.083 -47.216 2.993 0 68 255
-21.044 -47.217 3.689 0 8 255
-20.283 -48.365 2.674 0 85 255
-20.968 -47.196 3.661 0 17 255
-19.655 -46.543 2.645 0 0 255
-21.107 -47.158 2.969 0 0 255
-21.080 -47.159 2.963 0 0 255
-21.367 -47.681 3.685 0 51 255
-20.244 -48.333 2.721 0 144 255
-22.770 -46.969 2.651 0 0 255
-22.627 -46.498 2.770 0 0 255
-20.282 -48.354 2.766 0 17 255
-19.631 -46.570 2.707 0 34 255
-19.656 -46.570 2.763 0 8 255
-21.175 -47.151 3.471 0 8 255
-22.503 -46.569 2.813 0 25 255
-22.396 -46.598 2.866 0 17 255
-20.267 -48.274 2.673 0 0 255
-22.441 -46.597 2.905 0 0 255
-22.264 -46.485 2.902 0 0 255
-22.163 -46.506 2.906 0 51 255
-20.518 -48.330 2.819 0 25 255
-21.261 -48.721 2.598 0 8 255
-22.236 -46.508 2.925 0 25 255
-22.793 -46.490 2.974 0 0 255
-22.956 -46.155 2.821 0 8 255
-20.704 -44.684 2.284 0 0 255
-21.321 -47.646 3.418 0 0 255
-22.757 -46.260 3.019 0 8 255
-20.887 -47.789 3.260 0 93 255
-22.982 -46.131 2.829 0 0 255
-22.944 -46.241 3.056 0 8 255
-22.968 -46.220 3.062 0 68 255
-22.582 -46.478 3.005 0 0 255
-22.152 -46.628 3.145 0 0 255
-22.110 -46.634 3.134 0 212 255
-22.630 -46.319 2.960 0 0 255
-22.900 -46.331 3.075 0 0 255
-22.690 -46.208 3.000 0 93 255
-21.254 -47.690 3.490 0 8 255
-22.626 -46.246 3.119 0 25 255
-22.788 -46.296 3.026 0 8 255
-22.636 -46.239 3.032 0 0 255
-22.862 -46.235 3.028 0 25 255
-21.552 -48.610 2.756 0 17 255
-22.511 -46.348 2.864 0 68 255
-22.665 -46.257 3.117 0 0 255
-22.822 -46.383 3.002 0 0 255
-23.003 -46.205 3.050 0 0 255
-23.006 -46.163 3.151 0 0 255
-22.960 -46.168 3.147 0 0 255
-22.785 -46.354 3.005 0 0 255
-22.889 -46.198 3.050 0 8 255
-22.997 -46.184 2.906 0 0 255
-20.404 -48.206 2.988 0 0 255
-21.448 -48.304 2.595 0 0 255
-22.540 -46.390 2.919 0 0 255
-22.989 -46.164 2.988 0 212 255
-22.997 -46.211 2.965 0 102 255
-22.424 -46.312 2.802 0 0 255
-22.298 -46.360 2.704 0 0 255
-22.281 -46.366 2.680 0 8 255
-22.408 -46.294 2.842 0 0 255
-22.441 -46.336 2.820 0 8 255
-22.412 -46.331 2.830 0 0 255
-21.975 -46.400 2.676 0 93 255
-22.016 -46.348 2.680 0 85 255
-20.516 -48.145 3.073 0 0 255
-22.213 -46.219 2.672 0 0 255
-21.915 -46.416 2.764 0 0 255
-22.165 -46.244 2.714 0 0 255
-22.642 -46.055 3.114 0 0 255
-22.231 -46.269 2.831 0 127 255
-21.252 -45.913 1.783 0 8 255
-22.360 -46.195 2.775 0 0 255
-21.702 -48.595 2.840 0 0 255
-21.679 -48.586 2.835 0 0 255
-22.220 -46.180 2.800 0 0 255
-21.575 -48.606 2.849 0 8 255
-22.267 -46.175 2.911 0 17 255
-20.236 -48.299 2.673 0 229 255
-22.332 -46.212 2.993 0 25 255
-22.157 -46.475 2.844 0 0 255
-22.606 -46.569 3.196 0 0 255
-20.044 -48.367 2.701 0 34 255
-21.949 -46.467 2.670 0 42 255
-21.464 -47.451 3.678 0 0 255
-22.598 -46.630 3.222 0 0 255
-22.017 -46.234 3.012 0 0 255
-21.246 -48.673 2.602 0 255 216
-22.168 -46.749 3.364 0 76 255
-22.256 -46.677 3.244 0 0 255
-22.296 -46.716 3.409 0 59 255
-22.183 -46.664 3.292 0 76 255
-21.987 -46.366 3.127 0 0 255
-21.978 -46.350 3.132 0 25 255
-22.786 -46.219 3.325 0 17 255
-21.932 -46.306 2.822 0 8 255
-21.916 -46.319 2.844 0 17 255
-22.151 -45.938 2.976 0 119 255
-21.185 -48.665 2.574 0 8 255
-20.111 -48.145 2.764 0 17 255
-22.105 -46.635 3.205 0 0 255
-21.911 -46.214 3.253 0 0 255
-22.944 -46.156 3.209 0 34 255
-22.632 -46.415 3.256 0 17 255
-21.952 -46.452 3.676 0 17 255
-20.001 -48.145 2.794 0 0 255
-22.269 -44.926 1.647 0 195 255
-21.781 -46.554 2.855 0 0 255
-22.914 -46.179 3.182 0 8 255
-21.947 -46.262 3.687 0 0 255
-22.122 -46.333 3.720 0 42 255
-21.918 -46.357 3.609 0 0 255
-22.771 -46.154 3.367 0 8 255
-21.406 -45.988 2.896 0 42 255
-21.253 -45.625 3.253 0 0 255
-21.746 -46.314 3.082 0 8 255
-21.741 -46.298 3.092 0 0 255
-21.856 -46.388 3.133 0 0 255
-22.770 -46.157 3.397 0 0 255
-21.672 -46.432 3.133 0 0 255
-21.781 -46.536 2.735 0 34 255
-22.694 -46.191 3.176 0 0 255
-21.660 -46.339 3.205 0 8 255
-21.727 -46.604 2.782 0 0 255
-21.722 -46.560 2.789 0 127 255
-19.871 -48.220 2.697 0 17 255
-21.714 -46.361 3.057 0 8 255
-21.393 -46.457 3.031 0 187 255
-21.726 -46.150 3.058 0 127 255
-21.843 -46.306 2.997 0 34 255
-20.999 -46.072 3.051 0 255 233
-20.920 -46.392 3.189 0 255 157
-21.774 -46.321 2.998 0 42 255
-19.885 -48.150 2.772 0 0 255
-20.983 -46.017 3.033 0 255 250
-21.462 -46.973 3.615 0 8 255
-20.847 -46.613 3.290 0 195 255
-20.875 -46.396 3.217 0 255 246
-21.158 -46.842 3.351 0 110 255
-21.171 -46.839 3.373 0 0 255
-21.217 -46.895 3.436 0 255 204
-21.532 -46.350 3.208 0 0 255
-21.203 -46.825 3.367 0 255 255
-21.369 -46.510 3.237 0 0 255
-20.951 -46.061 3.127 0 34 255
-21.253 -46.855 3.502 0 229 255
-21.728 -46.525 3.528 0 0 255
-20.182 -48.172 2.979 0 0 255
-21.168 -46.921 3.587 0 51 255
-21.184 -46.838 3.391 0 17 255
-21.250 -46.880 3.593 0 42 255
-20.864 -46.487 2.775 0 0 255
-21.143 -46.873 3.546 0 25 255
-21.684 -46.534 3.549 0 34 255
-20.901 -46.037 3.078 0 0 255
-21.004 -46.490 2.987 0 0 255
-21.202 -46.840 3.729 0 51 255
-21.176 -46.875 3.630 0 161 255
-21.224 -46.874 3.567 0 255 221
-21.073 -45.713 3.044 0 255 250
-20.954 -46.303 3.826 0 0 255
-21.211 -46.904 3.721 0 0 255
-21.014 -46.214 3.825 0 0 255
-20.797 -46.633 3.275 0 17 255
-20.951 -46.262 3.767 0 17 255
-20.946 -46.274 3.811 0 0 255
-20.825 -46.016 3.162 0 0 255
-21.916 -47.169 4.206 0 25 255
-20.841 -45.962 3.191 0 42 255
-22.009 -47.223 4.202 0 51 255
-21.974 -47.214 4.206 0 110 255
-21.975 -47.219 4.232 0 0 255
-21.937 -47.260 4.130 0 8 255
-21.918 -47.249 4.132 0 0 255
-21.064 -46.856 3.242 0 255 221
-21.170 -46.145 3.553 0 17 255
-21.181 -46.148 3.589 0 0 255
-21.989 -47.441 4.074 0 0 255
-21.092 -46.155 3.588 0 51 255
-21.631 -47.502 3.993 0 25 255
-21.978 -47.408 4.126 0 0 255
-21.843 -46.350 3.413 0 195 255
-21.799 -47.351 3.781 0 68 255
-21.808 -47.327 3.769 0 0 255
-21.817 -47.365 3.972 0 25 255
-21.336 -46.491 3.061 0 0 255
-21.877 -46.324 3.431 0 255 250
-21.425 -47.460 3.782 0 17 255
-21.609 -47.468 3.875 0 25 255
-21.379 -47.499 3.806 0 17 255
-21.820 -47.307 3.761 0 25 255
-21.574 -47.104 3.864 0 0 255
-21.538 -47.452 4.003 0 17 255
-21.557 -47.059 3.903 0 0 255
-21.620 -47.079 3.841 0 25 255
-21.531 -47.392 4.036 0 25 255
-21.528 -47.415 4.068 0 51 255
-20.924 -43.948 2.246 0 0 255
-21.505 -47.480 4.022 0 34 255
-21.620 -47.101 3.875 0 0 255
-21.322 -46.484 3.111 0 8 255
-21.631 -47.527 3.996 0 0 255
-21.651 -47.528 4.040 0 25 255
-21.819 -47.039 3.997 0 0 255
-21.467 -47.430 4.052 0 119 255
-21.509 -47.454 4.110 0 0 255
-21.010 -46.742 3.077 0 8 255
-21.060 -46.704 3.080 0 238 255
-21.651 -47.114 3.911 0 0 255
-21.841 -47.395 4.027 0 8 255
-21.073 -46.654 3.110 0 0 255
-21.556 -46.276 3.311 0 17 255
-21.774 -47.239 4.049 0 0 255
-21.776 -47.227 4.051 0 0 255
-21.561 -46.213 3.299 0 8 255
-20.871 -46.466 2.813 0 0 255
-21.839 -47.370 4.067 0 8 255
-21.878 -47.296 4.095 0 0 255
-21.662 -47.162 4.037 0 85 255
-20.923 -46.404 2.825 0 8 255
-21.780 -47.321 4.078 0 0 255
-21.792 -47.304 4.160 0 0 255
-21.238 -47.559 3.845 0 8 255
-21.886 -47.213 4.245 0 34 255
-21.036 -46.308 2.839 0 102 255
-21.263 -47.583 3.760 0 0 255
-21.720 -47.327 4.104 0 17 255
-21.485 -46.317 3.288 0 8 255
-21.870 -47.287 4.150 0 0 255
-21.286 -47.404 3.929 0 0 255
-21.294 -47.558 3.827 0 0 255
-21.296 -47.563 4.285 0 0 255
-20.963 -46.548 3.102 0 144 255
-21.370 -47.341 4.065 0 17 255
-21.267 -47.234 4.081 0 93 255
-21.511 -46.164 3.288 0 0 255
-21.282 -47.439 3.880 0 93 255
-21.205 -47.420 4.000 0 34 255
-21.017 -46.382 2.900 0 255 250
-21.538 -46.175 3.332 0 0 255
-21.525 -46.159 3.359 0 8 255
-21.136 -47.195 4.120 0 8 255
-21.285 -47.167 4.080 0 0 255
-21.289 -47.154 4.210 0 0 255
-21.318 -47.470 3.884 0 0 255
-21.147 -47.252 4.245 0 0 255
-21.579 -47.465 4.216 0 8 255
-20.887 -47.196 4.283 0 34 255
-21.561 -45.935 3.330 0 0 255
-20.990 -47.179 4.133 0 17 255
-20.939 -47.192 4.171 0 17 255
-21.529 -47.154 4.375 0 0 255
-21.304 -47.471 4.021 0 0 255
-20.931 -46.476 2.861 0 8 255
-20.900 -47.225 4.098 0 0 255
-20.935 -47.136 4.254 0 8 255
-21.482 -45.934 3.311 0 0 255
-21.251 -47.473 3.966 0 34 255
-21.348 -47.222 4.418 0 0 255
-22.002 -46.943 3.981 0 17 255
-21.337 -47.219 4.455 0 0 255
-20.915 -46.568 3.198 0 212 255
-21.935 -46.955 3.960 0 51 255
-21.260 -47.109 4.484 0 0 255
-21.531 -47.220 4.351 0 0 255
-21.510 -47.210 4.345 0 246 255
-21.339 -47.166 4.415 0 136 255
-20.874 -46.567 3.254 0 255 255
-22.106 -46.337 3.780 0 0 255
-22.076 -46.314 3.776 0 0 255
-21.655 -46.876 4.061 0 8 255
-21.835 -46.830 4.100 0 8 255
-21.805 -46.439 2.708 0 17 255
-21.950 -45.678 2.865 0 8 255
-21.871 -46.362 3.580 0 0 255
-21.714 -46.854 4.176 0 0 255
-21.821 -46.411 3.610 0 25 255
-21.828 -46.366 3.603 0 17 255
-21.354 -47.196 4.446 0 0 255
-21.558 -46.794 4.107 0 0 255
-21.816 -46.479 2.742 0 0 255
-21.792 -46.460 2.739 0 8 255
-20.816 -46.170 2.776 0 0 255
-21.619 -46.888 4.092 0 0 255
-22.149 -46.355 3.799 0 51 255
-21.868 -46.992 4.246 0 8 255
-21.626 -46.857 4.145 0 0 255
-21.817 -46.369 2.760 0 0 255
-20.910 -46.096 2.793 0 0 255
-21.345 -46.933 3.964 0 0 255
-21.512 -46.830 4.169 0 0 255
-21.186 -46.927 3.810 0 76 255
-21.531 -46.785 4.129 0 17 255
-21.817 -46.897 4.241 0 42 255
-21.106 -46.877 4.012 0 68 255
-21.985 -46.412 3.784 0 0 255
-21.225 -46.816 3.954 0 0 255
-21.629 -46.414 2.902 0 0 255
-21.124 -46.806 3.959 0 34 255
-21.639 -46.406 2.901 0 0 255
-22.149 -46.326 3.889 0 25 255
-21.249 -46.827 4.246 0 170 255
-21.137 -46.798 4.020 0 0 255
-21.133 -46.741 4.027 0 144 255
-21.088 -46.701 4.048 0 144 255
-20.987 -45.959 2.776 0 255 225
-21.208 -46.762 4.276 0 76 255
-21.178 -46.849 3.898 0 255 165
-21.829 -46.879 4.192 0 0 255
-21.214 -46.894 4.129 0 255 250
-21.012 -45.976 2.872 0 8 255
-21.253 -46.787 4.097 0 0 255
-21.962 -45.357 1.279 0 17 255
-21.006 -46.621 4.070 0 17 255
-19.881 -45.731 3.080 0 204 255
-20.945 -45.987 2.832 0 255 250
-21.251 -46.777 4.143 0 25 255
-21.733 -46.346 3.649 0 161 255
-21.763 -46.380 3.681 0 17 255
-20.847 -46.786 4.342 0 42 255
-20.984 -46.493 4.356 0 8 255
-20.810 -46.593 4.137 0 0 255
-20.921 -46.621 4.115 0 17 255
-20.830 -46.689 4.221 0 17 255
-20.895 -46.548 4.115 0 85 255
-21.770 -46.291 3.680 0 0 255
-20.981 -46.582 4.271 0 0 255
-20.899 -45.966 2.755 0 255 148
-20.855 -46.488 4.115 0 8 255
-20.954 -46.549 4.299 0 0 255
-20.870 -46.614 4.198 0 8 255
-20.903 -46.617 4.203 0 0 255
-20.884 -46.575 4.073 0 17 255
-21.095 -46.268 3.859 0 68 255
-20.822 -46.545 4.188 0 0 255
-20.915 -45.962 2.850 0 0 255
-20.797 -46.326 4.152 0 110 255
-21.166 -46.234 3.947 0 0 255
-21.805 -46.932 4.296 0 0 255
-21.407 -46.174 2.805 0 0 255
-21.011 -46.332 3.926 0 0 255
-20.929 -46.499 4.386 0 0 255
-21.870 -46.777 4.299 0 25 255
-21.853 -46.784 4.327 0 119 255
-21.816 -46.914 4.361 0 0 255
-21.211 -46.752 4.335 0 76 255
-21.354 -46.188 2.829 0 0 255
-21.679 -46.166 3.756 0 34 255
-21.733 -46.956 4.382 0 0 255
-20.804 -46.672 4.404 0 0 255
-20.849 -46.011 4.427 0 229 255
-20.815 -46.043 4.440 0 0 255
-20.899 -45.966 4.486 0 34 255
-21.099 -45.936 3.406 0 0 255
-21.885 -46.766 4.388 0 8 255
-20.850 -45.973 4.688 0 0 255
-20.810 -46.707 4.362 0 0 255
-20.853 -45.988 4.466 0 178 255
-20.950 -45.980 2.902 0 255 242
-20.970 -45.962 2.889 0 255 174
-21.011 -46.166 3.918 0 0 255
-20.945 -45.994 2.934 0 255 157
-20.360 -47.620 2.947 0 59 255
-21.083 -45.986 3.457 0 59 255
-20.873 -46.462 4.159 0 0 255
-20.962 -46.031 2.987 0 195 255
-20.953 -46.022 2.997 0 136 255
-20.211 -47.841 2.898 0 153 255
-20.996 -45.973 3.009 0 255 165
-19.946 -47.833 2.766 0 17 255
-20.255 -47.884 2.962 0 17 255
-19.976 -47.814 2.838 0 8 255
-19.867 -47.830 2.732 0 17 255
-20.934 -45.974 4.563 0 17 255
-19.916 -47.676 2.824 0 0 255
-20.273 -48.028 3.076 0 25 255
-19.727 -47.806 2.948 0 0 255
-21.558 -44.169 3.623 0 0 255
-20.171 -47.943 2.977 0 8 255
-20.288 -47.862 2.854 0 51 255
-20.297 -47.818 2.871 0 8 255
-19.855 -47.747 2.729 0 255 221
-19.961 -47.600 2.946 0 0 255
-19.936 -47.856 2.790 0 238 255
-19.956 -47.976 3.004 0 8 255
-20.243 -47.867 3.055 0 0 255
-20.239 -47.869 3.075 0 8 255
-20.484 -48.107 3.132 0 0 255
-20.200 -48.099 3.013 0 34 255
-19.884 -47.934 3.002 0 0 255
-21.060 -45.960 4.705 0 8 255
-19.891 -47.777 2.823 0 51 255
-20.187 -47.866 3.204 0 17 255
-20.892 -46.041 3.465 0 0 255
-21.330 -46.464 3.098 0 212 255
-19.954 -47.887 3.252 0 0 255
-20.462 -47.915 3.147 0 8 255
-21.752 -45.508 1.467 0 0 255
-19.831 -47.900 3.073 0 34 255
-19.697 -47.776 3.083 0 0 255
-19.732 -47.739 3.118 0 25 255
-20.220 -47.595 3.000 0 0 255
-19.961 -47.863 3.253 0 0 255
-19.698 -47.872 3.025 0 0 255
-20.044 -47.795 3.239 0 8 255
-21.135 -46.479 3.107 0 42 255
-20.918 -45.992 3.564 0 8 255
-21.105 -46.211 3.682 0 8 255
-20.492 -47.582 2.920 0 0 255
-20.485 -47.463 3.176 0 255 233
-20.036 -47.887 3.122 0 0 255
-20.562 -47.588 3.022 0 25 255
-20.156 -47.818 3.203 0 0 255
-20.384 -47.446 3.162 0 127 255
-20.364 -47.420 3.158 0 51 255
-20.183 -47.744 3.235 0 255 199
-20.578 -47.629 3.063 0 8 255
-20.058 -47.843 3.154 0 8 255
-20.332 -47.576 2.987 0 25 255
-20.352 -47.190 3.175 0 17 255
-20.356 -47.820 3.013 0 0 255
-20.993 -46.238 3.067 0 255 153
-19.963 -47.840 3.284 0 0 255
-20.285 -47.521 3.276 0 102 255
-20.295 -47.538 3.283 0 0 255
-20.018 -47.558 2.908 0 255 238
-19.818 -47.440 2.804 0 0 255
-19.981 -47.098 3.420 0 85 255
-20.301 -47.472 3.298 0 25 255
-20.501 -47.687 3.010 0 102 255
-20.405 -47.710 2.981 0 85 255
-19.891 -47.492 2.793 0 25 255
-20.089 -46.601 2.793 0 0 255
-20.103 -46.653 2.784 0 0 255
-19.997 -47.085 3.365 0 17 255
-20.214 -47.508 3.435 0 17 255
-20.042 -46.556 2.872 0 25 255
-20.116 -46.600 2.834 0 0 255
-20.070 -47.119 3.418 0 0 255
-19.881 -47.556 2.935 0 0 255
-20.136 -46.565 3.128 0 0 255
-19.951 -46.486 2.964 0 110 255
-20.176 -46.522 3.145 0 0 255
-20.073 -46.537 3.240 0 17 255
-20.113 -46.565 3.175 0 17 255
-20.156 -46.562 3.209 0 0 255
-19.840 -47.469 2.843 0 34 255
-20.076 -46.527 3.110 0 0 255
-20.153 -47.500 3.485 0 25 255
-19.907 -46.502 2.837 0 8 255
-19.900 -46.488 2.877 0 34 255
-20.308 -47.482 3.448 0 119 255
-20.169 -46.590 3.243 0 17 255
-20.118 -46.619 3.265 0 153 255
-20.104 -46.538 3.161 0 0 255
-20.761 -46.151 2.765 0 0 255
-20.785 -46.070 3.178 0 0 255
-19.942 -47.533 2.965 0 0 255
-19.825 -47.492 2.842 0 25 255
-20.110 -47.137 3.547 0 0 255
-19.802 -46.293 2.967 0 0 255
-19.991 -48.094 2.754 0 0 255
-19.700 -46.321 3.082 0 0 255
-19.693 -46.282 3.119 0 0 255
-19.905 -46.424 3.066 0 187 255
-19.865 -46.325 3.137 0 34 255
-19.920 -46.479 3.273 0 8 255
-19.887 -46.428 3.098 0 8 255
-19.841 -46.417 3.102 0 34 255
-20.147 -46.475 3.236 0 0 255
-19.927 -46.412 3.045 0 17 255
-19.911 -46.402 3.073 0 93 255
-19.826 -46.548 3.234 0 25 255
-19.971 -48.010 2.837 0 93 255
-19.824 -46.318 3.182 0 0 255
-19.755 -46.462 3.192 0 25 255
-20.091 -47.042 3.494 0 0 255
-19.745 -46.495 3.188 0 42 255
-19.747 -46.511 3.229 0 25 255
-19.899 -46.465 3.127 0 0 255
-19.740 -46.288 3.133 0 76 255
-19.930 -46.476 2.822 0 102 255
-19.953 -46.472 2.841 0 25 255
-20.092 -46.449 3.241 0 0 255
-20.059 -47.082 3.519 0 0 255
-19.746 -46.400 3.211 0 8 255
-19.736 -46.257 3.135 0 8 255
-19.838 -46.150 3.301 0 110 255
-19.960 -46.473 3.196 0 0 255
-19.182 -45.667 2.352 0 25 255
-19.851 -46.278 3.244 0 255 216
-19.774 -46.366 3.103 0 51 255
-19.784 -47.503 2.949 0 17 255
-19.792 -47.518 2.990 0 0 255
-19.906 -46.016 3.269 0 0 255
-19.757 -46.091 3.273 0 85 255
-20.869 -45.841 4.706 0 8 255
-19.917 -46.299 3.258 0 34 255
-22.243 -45.621 1.936 0 85 255
-19.897 -45.971 3.262 0 153 255
-19.920 -46.209 3.320 0 8 255
-20.559 -46.810 3.531 0 255 255
-20.590 -46.956 3.506 0 76 255
-20.538 -46.775 3.439 0 85 255
-19.822 -46.332 3.204 0 0 255
-19.771 -46.286 3.194 0 0 255
-19.770 -46.311 3.248 0 25 255
-20.267 -46.928 3.513 0 42 255
-20.461 -46.824 3.373 0 25 255
-20.450 -46.825 3.351 0 0 255
-20.401 -46.786 3.326 0 17 255
-19.818 -46.274 3.212 0 255 242
-20.246 -46.491 3.343 0 0 255
-20.248 -46.501 3.364 0 195 255
-19.762 -46.256 3.208 0 0 255
-19.792 -46.269 3.231 0 0 255
-20.529 -46.783 3.788 0 17 255
-20.521 -46.770 3.803 0 0 255
-20.127 -47.964 2.942 0 17 255
-21.185 -45.164 2.020 0 255 170
-19.802 -46.310 3.316 0 42 255
-20.467 -46.869 3.801 0 0 255
-20.179 -46.983 3.408 0 76 255
-20.084 -46.931 3.503 0 0 255
-20.021 -47.940 2.934 0 0 255
-20.160 -46.991 3.384 0 8 255
-20.520 -46.945 3.480 0 255 182
-20.245 -46.492 3.812 0 0 255
-20.475 -46.861 3.624 0 8 255
-20.383 -47.017 3.523 0 85 255
-19.966 -48.108 2.736 0 0 255
-20.110 -46.958 3.523 0 8 255
-20.686 -46.726 3.399 0 204 255
-20.111 -46.927 3.327 0 25 255
-20.515 -46.937 3.496 0 42 255
-20.205 -47.581 3.010 0 17 255
-20.113 -46.521 3.311 0 170 255
-20.101 -46.694 3.512 0 51 255
-20.308 -46.854 3.601 0 59 255
-20.104 -46.655 3.506 0 25 255
-20.124 -46.551 3.313 0 8 255
-20.711 -46.659 3.416 0 25 255
-20.162 -46.521 3.566 0 8 255
-19.966 -48.029 2.793 0 8 255
-20.098 -46.557 3.562 0 8 255
-20.074 -46.844 3.333 0 119 255
-20.171 -47.474 3.070 0 8 255
-20.053 -46.563 3.822 0 0 255
-20.091 -47.492 3.052 0 0 255
-19.802 -48.112 2.783 0 8 255
-20.113 -47.000 3.469 0 34 255
-19.596 -47.681 2.778 0 0 255
-20.569 -46.249 3.454 0 34 255
-19.952 -46.596 3.564 0 8 255
-20.142 -46.542 3.753 0 8 255
-20.750 -46.378 3.328 0 0 255
-20.737 -46.359 3.324 0 255 161
-20.105 -46.977 3.582 0 0 255
-20.100 -46.977 3.587 0 0 255
-20.200 -46.832 3.586 0 8 255
-20.673 -46.318 3.360 0 246 255
-19.997 -47.367 3.049 0 51 255
-19.908 -48.000 2.838 0 34 255
-20.294 -46.394 3.454 0 0 255
-19.872 -47.977 2.843 0 0 255
-20.262 -46.205 3.396 0 0 255
-20.654 -46.341 3.379 0 0 255
-20.599 -46.318 3.392 0 8 255
-20.356 -46.189 3.473 0 34 255
-20.394 -46.086 3.550 0 25 255
-20.426 -46.323 3.525 0 0 255
-20.419 -46.282 3.518 0 51 255
-20.258 -46.415 3.694 0 0 255
-21.818 -44.523 3.142 0 0 255
-20.378 -46.091 3.585 0 8 255
-20.272 -46.276 3.505 0 255 246
-20.263 -46.235 3.589 0 8 255
-20.261 -46.252 3.502 0 51 255
-20.434 -46.350 3.739 0 42 255
-20.409 -46.384 3.773 0 0 255
-20.249 -46.312 3.570 0 0 255
-20.014 -46.357 3.358 0 59 255
-19.557 -47.780 2.982 0 34 255
-19.593 -47.733 2.992 0 42 255
-19.963 -47.402 3.046 0 17 255
-19.735 -47.415 3.056 0 0 255
-20.131 -46.274 3.480 0 102 255
-20.122 -46.322 3.440 0 42 255
-20.363 -46.455 3.814 0 0 255
-21.312 -47.081 3.564 0 212 255
-19.849 -46.401 3.577 0 8 255
-19.900 -46.304 3.565 0 68 255
-19.733 -48.050 2.929 0 8 255
-19.676 -47.878 3.051 0 8 255
-20.204 -46.091 3.476 0 0 255
-19.864 -46.181 3.418 0 170 255
-19.778 -46.211 3.475 0 8 255
-19.760 -46.209 3.478 0 0 255
-19.525 -47.880 3.072 0 0 255
-19.815 -46.291 3.533 0 25 255
-20.144 -47.276 3.236 0 0 255
-19.882 -46.139 3.439 0 119 255
-20.149 -45.956 3.566 0 0 255
-20.122 -46.018 3.505 0 68 255
-19.647 -47.830 3.064 0 51 255
-19.821 -46.255 3.577 0 0 255
-19.949 -47.958 2.922 0 8 255
-19.613 -47.819 3.018 0 0 255
-19.591 -47.824 3.044 0 8 255
-19.665 -47.780 3.023 0 0 255
-19.672 -47.754 3.068 0 0 255
-20.030 -45.943 3.508 0 0 255
-20.152 -46.463 3.600 0 8 255
-19.775 -47.301 3.071 0 0 255
-19.761 -47.293 3.067 0 0 255
-19.808 -47.263 3.076 0 0 255
-19.829 -46.006 3.369 0 0 255
-19.962 -46.132 3.506 0 8 255
-19.728 -47.273 3.053 0 0 255
-20.041 -46.138 3.460 0 8 255
-19.688 -46.477 3.178 0 34 255
-19.637 -47.777 3.127 0 0 255
-19.550 -46.343 3.124 0 8 255
-19.506 -46.338 3.155 0 42 255
-19.522 -46.280 3.161 0 0 255
-19.632 -46.307 3.241 0 0 255
-20.763 -47.850 3.319 0 51 255
-19.278 -46.321 3.014 0 0 255
-20.157 -46.262 3.612 0 0 255
-19.681 -47.762 3.179 0 0 255
-19.584 -46.270 3.224 0 25 255
-19.381 -46.417 3.160 0 0 255
-22.471 -45.799 2.163 0 0 255
-19.381 -46.307 3.229 0 0 255
-19.366 -46.420 3.197 0 0 255
-19.543 -46.198 3.191 0 8 255
-19.609 -46.300 3.349 0 8 255
-19.729 -46.143 3.559 0 0 255
-19.696 -46.167 3.600 0 0 255
-20.245 -47.741 3.271 0 17 255
-19.574 -46.257 3.185 0 17 255
-19.633 -46.252 3.278 0 0 255
-19.634 -46.212 3.596 0 8 255
-20.296 -45.706 4.571 0 0 255
-19.682 -47.522 2.818 0 153 255
-19.638 -46.367 3.350 0 0 255
-19.753 -46.082 3.600 0 0 255
-19.629 -47.458 2.819 0 204 255
-19.600 -46.346 3.342 0 34 255
-19.598 -46.358 3.368 0 0 255
-19.600 -46.181 3.612 0 0 255
-19.492 -46.253 3.220 0 8 255
-19.468 -46.259 3.196 0 0 255
-19.768 -46.055 3.580 0 8 255
-19.661 -46.087 3.658 0 0 255
-20.436 -46.943 3.908 0 0 255
-20.521 -46.834 3.857 0 42 255
-20.533 -46.788 3.878 0 17 255
-21.829 -44.575 2.442 0 0 255
-20.437 -46.806 3.902 0 25 255
-20.482 -46.894 3.914 0 0 255
-19.398 -46.459 3.115 0 0 255
-20.666 -46.848 4.173 0 17 255
-19.662 -47.569 2.896 0 0 255
-20.684 -46.221 4.188 0 0 255
-20.498 -46.822 3.955 0 0 255
-20.280 -46.135 3.890 0 8 255
-20.654 -46.081 4.242 0 42 255
-20.070 -45.747 4.413 0 0 255
-20.491 -46.787 3.990 0 0 255
-20.779 -46.283 4.149 0 229 255
-20.749 -46.965 4.176 0 0 255
-20.639 -46.131 4.192 0 255 225
-20.546 -45.982 4.254 0 255 242
-20.576 -46.232 4.219 0 0 255
-20.558 -46.226 4.245 0 68 255
-20.656 -46.880 4.172 0 0 255
-20.624 -46.129 4.320 0 0 255
-20.609 -46.050 4.220 0 8 255
-20.616 -46.055 4.248 0 255 174
-19.690 -47.316 2.970 0 0 255
-20.632 -46.913 4.111 0 51 255
-20.651 -46.906 4.164 0 0 255
-20.658 -46.827 4.236 0 0 255
-20.759 -46.127 4.300 0 0 255
-20.732 -46.091 4.310 0 102 255
-20.649 -46.154 4.367 0 17 255
-20.586 -46.180 4.238 0 34 255
-20.376 -45.942 4.259 0 0 255
-20.666 -46.145 4.345 0 0 255
-20.460 -46.251 4.322 0 25 255
-20.507 -46.189 4.300 0 0 255
-20.327 -46.011 4.322 0 0 255
-20.782 -46.802 4.309 0 0 255
-20.437 -46.257 4.331 0 8 255
-19.897 -46.066 3.911 0 0 255
-19.883 -46.009 3.917 0 0 255
-20.498 -46.213 4.353 0 34 255
-20.724 -46.083 4.336 0 0 255
-20.772 -46.663 3.081 0 0 255
-20.734 -46.202 4.189 0 25 255
-20.013 -45.991 3.967 0 0 255
-19.986 -45.991 3.956 0 0 255
-20.011 -45.978 3.987 0 0 255
-20.068 -45.998 4.367 0 8 255
-20.367 -45.962 4.302 0 34 255
-20.347 -45.986 4.319 0 34 255
-20.667 -46.183 4.146 0 0 255
-20.312 -45.974 4.294 0 8 255
-19.958 -46.064 3.912 0 0 255
-19.932 -46.046 3.886 0 0 255
-19.903 -46.024 3.898 0 0 255
-20.678 -46.116 4.219 0 127 255
-20.187 -45.987 3.618 0 0 255
-21.486 -45.763 1.325 0 34 255
-20.190 -46.022 3.675 0 42 255
-20.225 -46.054 3.712 0 0 255
-20.070 -46.021 3.911 0 0 255
-20.037 -46.000 3.948 0 17 255
-20.024 -46.033 3.887 0 204 255
-19.977 -46.047 3.901 0 0 255
-20.025 -46.067 3.915 0 0 255
-20.753 -46.212 4.545 0 0 255
-20.545 -46.258 4.589 0 0 255
-20.210 -46.193 3.762 0 42 255
-20.478 -46.279 4.555 0 17 255
-20.486 -46.271 4.588 0 0 255
-20.567 -46.161 4.498 0 0 255
-20.137 -46.117 3.845 0 0 255
-20.583 -46.188 4.520 0 17 255
-20.791 -46.025 4.414 0 0 255
-20.500 -46.042 4.443 0 25 255
-20.107 -46.050 3.808 0 42 255
-20.390 -45.944 4.452 0 59 255
-20.464 -46.352 4.690 0 0 255
-20.347 -46.340 4.719 0 8 255
-19.822 -46.163 3.646 0 8 255
-21.053 -45.832 4.702 0 0 255
-22.047 -45.154 3.441 0 8 255
-19.712 -46.006 3.619 0 51 255
-19.880 -46.039 3.873 0 17 255
-19.634 -46.686 2.774 0 0 255
-19.432 -46.633 2.882 0 0 255
-19.614 -46.602 2.780 0 0 255
-19.908 -45.832 3.516 0 42 255
-19.537 -46.571 2.798 0 0 255
-19.538 -46.592 2.838 0 0 255
-19.497 -46.538 2.833 0 0 255
-19.513 -46.563 2.852 0 0 255
-19.464 -46.619 2.859 0 0 255
-19.236 -46.495 3.008 0 0 255
-19.361 -46.426 2.990 0 0 255
-19.386 -46.369 3.001 0 25 255
-21.764 -44.772 2.392 0 0 255
-22.147 -45.034 1.822 0 0 255
-22.386 -45.554 2.449 0 25 255
-19.201 -45.760 2.412 0 0 255
-22.387 -44.320 2.909 0 8 255
-21.385 -45.900 1.556 0 170 255
-22.008 -45.210 2.171 0 0 255
-21.007 -44.640 2.089 0 0 255
-21.464 -45.014 3.782 0 17 255
-20.895 -45.038 2.063 0 25 255
-20.863 -44.817 2.439 0 0 255
-22.866 -45.753 2.199 0 0 255
-21.352 -44.527 2.496 0 17 255
-19.215 -45.752 2.339 0 51 255
-21.490 -45.488 1.955 0 0 255
-22.099 -45.708 2.295 0 59 255
-20.936 -45.442 2.952 0 255 157
-21.670 -45.603 1.494 0 255 157
-21.892 -45.771 3.243 0 0 255
-22.314 -44.590 1.676 0 17 255
-20.026 -45.473 3.386 0 8 255
-20.883 -45.807 2.194 0 255 182
-21.758 -44.729 2.439 0 8 255
-20.211 -45.803 3.636 0 8 255
-21.383 -44.840 1.898 0 8 255
-20.954 -45.842 2.208 0 255 165
-19.132 -45.778 2.421 0 0 255
-20.298 -45.764 4.332 0 204 255
-22.165 -44.827 2.217 0 0 255
-22.014 -44.835 2.698 0 127 255
-23.031 -44.600 1.743 0 59 255
-19.864 -45.878 3.320 0 8 255
-22.528 -45.535 2.490 0 0 255
-20.502 -44.755 2.308 0 0 255
-21.695 -45.107 1.799 0 0 255
-21.625 -44.213 3.516 0 102 255
-20.296 -45.154 3.291 0 127 255
-21.093 -44.017 2.046 0 0 255
-19.975 -45.082 2.852 0 0 255
-22.170 -45.291 2.184 0 8 255
-22.171 -44.998 1.712 0 8 255
-21.758 -45.525 2.637 0 0 255
-19.538 -45.864 2.756 0 8 255
-22.110 -44.835 2.239 0 0 255
-22.359 -45.424 3.721 0 0 255
-21.941 -44.872 2.055 0 0 255
-20.126 -45.769 3.645 0 8 255
-19.516 -45.598 2.750 0 8 255
-21.796 -45.659 2.190 0 0 255
-21.524 -45.329 3.193 0 255 191
-20.811 -44.942 2.388 0 0 255
-21.842 -45.550 2.817 0 76 255
-21.497 -44.871 2.665 0 42 255
-23.357 -45.903 3.570 0 0 255
-22.220 -45.703 2.082 0 0 255
-22.147 -45.801 2.263 0 255 246
-20.984 -44.562 1.994 0 0 255
-21.779 -45.558 2.439 0 0 255
-21.959 -45.445 1.399 0 0 255
-22.291 -45.816 2.158 0 8 255
-20.504 -45.764 3.261 0 0 255
-20.611 -44.726 3.296 0 51 255
-21.164 -45.780 2.331 0 8 255
-21.632 -44.180 2.373 0 17 255
-22.192 -45.145 3.272 0 51 255
-21.567 -44.114 3.874 0 0 255
-21.907 -45.120 2.713 0 8 255
-22.005 -45.234 3.300 0 51 255
-19.927 -45.164 2.870 0 0 255
-22.346 -45.279 3.318 0 17 255
-19.910 -45.618 3.298 0 8 255
-20.971 -45.841 2.484 0 255 195
-20.909 -45.895 2.596 0 187 255
-22.042 -45.089 1.819 0 0 255
-22.277 -45.123 1.804 0 0 255
-22.081 -45.823 2.374 0 144 255
-21.442 -45.118 3.649 0 0 255
-20.150 -45.804 3.625 0 42 255
-21.734 -45.745 3.302 0 0 255
-20.239 -45.767 4.330 0 0 255
-20.269 -45.706 4.559 0 0 255
-21.311 -45.800 2.022 0 17 255
-20.696 -45.319 3.155 0 8 255
-22.285 -44.862 3.352 0 8 255
-20.558 -44.922 3.622 0 0 255
-21.733 -45.630 1.326 0 255 195
-20.010 -45.651 3.582 0 204 255
-21.847 -45.748 3.281 0 0 255
-20.487 -45.724 3.255 0 0 255
-19.439 -45.778 2.509 0 0 255
-21.482 -45.238 3.328 0 0 255
-20.935 -44.614 2.014 0 0 255
-21.910 -44.957 2.915 0 0 255
-22.199 -44.253 2.121 0 8 255
-22.703 -45.185 1.722 0 17 255
-22.046 -44.471 2.235 0 0 255
-21.170 -45.682 3.192 0 0 255
-21.538 -44.179 3.565 0 0 255
-20.286 -45.746 4.515 0 0 255
-21.868 -45.690 2.909 0 0 255
-22.841 -44.760 1.866 0 8 255
-21.681 -44.249 3.437 0 0 255
-20.856 -45.656 4.730 0 25 255
-19.870 -45.443 3.117 0 25 255
-22.299 -44.446 1.634 0 0 255
-20.419 -45.704 3.336 0 85 255
-21.644 -44.583 2.570 0 255 212
-23.171 -44.974 1.582 0 59 255
-20.988 -43.986 2.189 0 25 255
-21.955 -45.362 1.437 0 59 255
-22.201 -44.852 1.911 0 25 255
-21.427 -45.765 2.571 0 42 255
-19.872 -45.566 3.312 0 34 255
-21.995 -44.483 2.226 0 51 255
-21.445 -45.578 1.771 0 255 212
-21.821 -44.611 2.696 0 0 255
-21.508 -44.133 3.875 0 0 255
-22.816 -45.746 2.182 0 59 255
-23.160 -44.950 1.616 0 68 255
-21.080 -45.643 2.701 0 255 242
-22.930 -44.805 1.673 0 0 255
-22.006 -44.704 3.182 0 25 255
-21.902 -44.457 2.916 0 8 255
-21.677 -45.359 1.685 0 17 255
-21.389 -45.731 2.209 0 0 255
-22.138 -45.069 1.841 0 0 255
-22.054 -44.837 2.433 0 8 255
-21.652 -44.481 2.566 0 0 255
-21.979 -45.264 3.640 0 102 255
-22.027 -44.898 3.582 0 144 255
-19.513 -45.743 2.629 0 0 255
-22.050 -45.202 3.318 0 0 255
-21.054 -45.787 1.775 0 8 255
-21.862 -45.115 2.228 0 255 136
-21.525 -45.244 2.434 0 0 255
-22.114 -44.731 3.559 0 76 255
-21.118 -45.695 2.659 0 255 148
-21.722 -44.645 2.463 0 255 255
-20.631 -45.422 3.249 0 0 255
-21.169 -45.699 1.919 0 8 255
-21.568 -45.071 3.648 0 8 255
-21.310 -44.598 1.906 0 0 255
-21.254 -45.750 2.064 0 8 255
-20.908 -45.912 1.824 0 187 255
-21.400 -45.885 1.900 0 0 255
-19.174 -45.785 2.333 0 0 255
-22.942 -44.311 1.843 0 25 255
-21.813 -44.599 2.628 0 0 255
-22.061 -45.146 1.610 0 255 212
-21.769 -45.638 1.551 0 0 255
-19.973 -45.845 3.252 0 8 255
-19.457 -45.775 2.441 0 17 255
-20.200 -45.145 3.309 0 0 255
-22.065 -45.248 3.659 0 0 255
-20.466 -45.578 3.498 0 8 255
-19.198 -45.676 2.338 0 34 255
-22.202 -44.551 1.729 0 59 255
-20.522 -44.959 3.316 0 51 255
-20.883 -45.851 2.013 0 255 182
-21.682 -45.770 2.578 0 246 255
-19.840 -45.838 3.122 0 0 255
-21.809 -45.160 1.812 0 0 255
-21.331 -45.349 2.787 0 0 255
-22.280 -44.845 3.289 0 0 255
-20.508 -44.779 2.288 0 0 255
-21.828 -44.363 2.848 0 0 255
-21.082 -45.066 2.189 0 255 238
-20.434 -44.495 3.355 0 8 255
-21.903 -45.300 1.387 0 0 255
-22.201 -45.007 1.765 0 0 255
-22.191 -45.023 3.295 0 8 255
-21.538 -44.165 3.645 0 0 255
-22.891 -45.649 3.369 0 8 255
-21.423 -43.943 3.812 0 17 255
-21.722 -44.536 2.526 0 17 255
-23.123 -44.345 1.779 0 0 255
-21.130 -45.023 1.765 0 0 255
-21.537 -45.294 3.332 0 17 255
-20.591 -45.133 3.560 0 0 255
-22.414 -45.248 3.343 0 8 255
-21.472 -45.142 1.860 0 0 255
-21.594 -45.533 1.451 0 34 255
-21.835 -44.746 2.652 0 144 255
-20.374 -45.903 4.446 0 34 255
-22.346 -45.574 2.370 0 127 255
-21.442 -45.054 3.643 0 0 255
-21.435 -44.902 1.847 0 255 165
-21.842 -45.757 3.314 0 119 255
-21.975 -44.653 3.369 0 68 255
-21.679 -45.801 1.505 0 51 255
-21.636 -45.682 1.378 0 93 255
-21.874 -45.298 1.400 0 17 255
-21.111 -45.610 2.886 0 25 255
-20.894 -45.870 2.473 0 255 199
-22.632 -45.817 2.026 0 8 255
-20.150 -45.618 3.114 0 0 255
-21.822 -45.526 1.980 0 0 255
-21.278 -44.512 2.530 0 0 255
-21.922 -44.833 2.642 0 255 238
-20.932 -45.759 2.158 0 255 212
-19.853 -45.750 2.938 0 59 255
-22.158 -44.978 1.774 0 0 255
-22.166 -44.257 2.201 0 0 255
-22.004 -45.028 1.768 0 0 255
-21.816 -44.834 2.224 0 0 255
-21.692 -44.725 2.935 0 8 255
-23.053 -44.890 1.391 0 0 255
-20.563 -45.441 3.242 0 51 255
-21.267 -44.902 1.841 0 0 255
-21.911 -44.658 3.012 0 119 255
-19.912 -45.728 3.049 0 153 255
-21.988 -45.180 2.076 0 17 255
-22.044 -44.808 2.340 0 68 255
-21.216 -45.764 2.526 0 17 255
-21.662 -45.154 1.735 0 127 255
-21.910 -45.683 3.253 0 119 255
-22.731 -45.268 1.600 0 0 255
-21.360 -45.560 1.928 0 127 255
-22.003 -45.025 2.463 0 25 255
-21.723 -45.201 1.681 0 255 136
-22.077 -45.687 2.861 0 255 148
-22.384 -45.868 2.504 0 0 255
-22.229 -45.311 3.440 0 0 255
-22.437 -44.850 1.776 0 144 255
-21.128 -45.853 3.801 0 0 255
-21.313 -45.218 2.046 0 76 255
-21.420 -45.619 2.752 0 17 255
-22.334 -45.372 2.789 0 0 255
-21.418 -45.160 2.447 0 0 255
-20.649 -45.184 2.618 0 8 255
-21.785 -45.445 2.864 0 0 255
-20.564 -45.056 3.504 0 0 255
-22.203 -44.230 2.114 0 0 255
-21.518 -45.026 3.686 0 0 255
-20.128 -45.691 3.509 0 17 255
-20.927 -44.924 2.286 0 0 255
-21.724 -45.282 1.590 0 34 255
-20.951 -45.898 2.549 0 255 170
-22.387 -45.816 2.268 0 34 255
-21.426 -45.649 1.618 0 59 255
-20.650 -44.712 3.284 0 76 255
-22.659 -45.273 2.434 0 0 255
-21.510 -45.620 2.626 0 255 127
-22.546 -45.419 2.756 0 8 255
-21.455 -45.722 2.845 0 102 255
-21.128 -44.676 1.943 0 0 255
-21.365 -45.096 3.765 0 0 255
-22.004 -45.605 1.342 0 0 255
-22.018 -44.833 2.173 0 0 255
-20.088 -45.733 3.666 0 34 255
-20.442 -44.342 3.408 0 93 255
-19.877 -45.696 3.124 0 0 255
-21.722 -45.592 1.275 0 178 255
-21.731 -45.261 1.783 0 34 255
-21.717 -45.377 1.526 0 59 255
-22.395 -45.186 1.927 0 8 255
-22.233 -44.873 1.821 0 42 255
-21.830 -45.505 1.833 0 68 255
-20.382 -45.566 3.205 0 0 255
-21.796 -44.882 2.001 0 51 255
-21.945 -45.352 1.693 0 0 255
-21.891 -45.195 1.987 0 0 255
-21.570 -45.164 3.585 0 0 255
-21.488 -45.370 2.388 0 8 255
-21.970 -45.062 2.159 0 25 255
-22.415 -45.219 3.246 0 42 255
-21.526 -45.673 2.962 0 51 255
-22.272 -44.927 1.829 0 8 255
-22.028 -44.618 2.362 0 0 255
-21.951 -44.715 3.511 0 102 255
-21.090 -45.918 1.526 0 255 110
-21.709 -44.799 1.860 0 0 255
-21.321 -45.442 2.365 0 0 255
-22.120 -45.072 2.710 0 34 255
-22.037 -44.607 2.981 0 0 255
-21.424 -45.439 2.651 0 25 255
-22.202 -44.441 2.958 0 25 255
-20.001 -45.791 3.269 0 0 255
-21.760 -45.323 1.342 0 17 255
-20.173 -45.496 3.597 0 0 255
-23.305 -45.730 2.255 0 8 255
-21.879 -45.772 3.435 0 0 255
-20.052 -45.692 3.510 0 127 255
-21.769 -44.658 2.538 0 0 255
-21.993 -44.674 2.122 0 0 255
-21.882 -45.026 2.184 0 25 255
-21.256 -45.243 2.709 0 0 255
-22.706 -45.291 1.528 0 0 255
-21.544 -45.650 1.345 0 255 229
-20.356 -44.949 3.489 0 34 255
-20.498 -44.815 3.342 0 0 255
-21.472 -45.577 1.500 0 161 255
-21.471 -45.493 2.059 0 0 255
-22.306 -44.647 1.668 0 8 255
-20.041 -45.272 3.244 0 0 255
-23.031 -44.567 1.801 0 0 255
-21.507 -45.189 1.935 0 0 255
-20.961 -44.088 2.162 0 0 255
-20.928 -45.738 3.362 0 17 255
-20.141 -45.477 3.455 0 93 255
-21.012 -45.720 3.386 0 0 255
-21.354 -45.216 3.409 0 51 255
-22.600 -45.408 2.845 0 0 255
-22.025 -45.695 2.806 0 25 255
-21.925 -44.923 2.287 0 8 255
-22.480 -44.898 1.764 0 85 255
-19.884 -45.296 2.910 0 0 255
-22.357 -45.750 2.294 0 17 255
-22.009 -45.217 3.569 0 0 255
-21.042 -44.037 2.051 0 25 255
-20.943 -44.389 1.832 0 85 255
-21.042 -45.564 2.715 0 25 255
-21.845 -45.580 1.970 0 255 170
-22.434 -45.627 2.505 0 229 255
-22.269 -44.887 1.651 0 255 242
-20.168 -45.032 3.569 0 255 208
-21.397 -45.918 1.713 0 0 255
-23.144 -44.327 1.797 0 0 255
-22.080 -45.660 2.857 0 34 255
-19.819 -45.912 4.259 0 0 255
-22.153 -45.665 3.232 0 0 255
-21.998 -45.195 1.542 0 0 255
-21.466 -45.659 1.397 0 153 255
-22.302 -44.727 3.775 0 102 255
-22.811 -44.755 1.871 0 0 255
-21.283 -45.629 3.292 0 17 255
-19.471 -45.532 2.739 0 8 255
-22.186 -45.493 2.749 0 0 255
-21.121 -44.409 1.994 0 42 255
-21.933 -45.338 1.946 0 255 153
-21.587 -44.560 2.546 0 255 4
-21.265 -45.776 2.556 0 144 255
-23.075 -44.293 1.773 0 17 255
-21.300 -45.174 2.595 0 0 255
-20.981 -44.087 2.055 0 85 255
-21.552 -45.585 1.643 0 0 255
-21.897 -45.116 1.340 0 0 255
-22.645 -45.312 1.538 0 0 255
-22.098 -45.716 2.934 0 51 255
-22.220 -45.471 2.765 0 0 255
-22.132 -45.610 2.179 0 8 255
-20.162 -45.817 4.393 0 0 255
-21.362 -45.716 2.308 0 25 255
-20.960 -45.701 3.155 0 59 255
-19.713 -45.775 2.841 0 59 255
-22.007 -45.785 2.913 0 0 255
-22.843 -45.704 3.222 0 0 255
-19.619 -45.852 2.900 0 8 255
-21.192 -45.287 1.944 0 255 229
-21.932 -44.479 2.115 0 127 255
-23.205 -44.946 1.565 0 8 255
-21.373 -45.129 2.038 0 144 255
-20.847 -45.796 3.363 0 0 255
-20.231 -45.900 3.745 0 0 255
-21.795 -45.632 2.234 0 0 255
-21.293 -45.314 1.867 0 8 255
-22.123 -45.884 2.166 0 42 255
-20.247 -45.390 3.504 0 34 255
-21.588 -44.854 2.642 0 59 255
-22.628 -44.819 2.037 0 34 255
-20.167 -45.033 2.920 0 0 255
-22.876 -44.866 1.640 0 0 255
-21.765 -45.504 1.443 0 255 187
-21.349 -44.572 1.949 0 0 255
-22.181 -45.156 3.281 0 153 255
-21.385 -45.693 2.321 0 25 255
-21.981 -44.691 3.205 0 59 255
-22.064 -45.207 2.150 0 8 255
-22.886 -44.846 1.661 0 76 255
-22.580 -44.931 2.033 0 0 255
-21.857 -45.133 1.398 0 0 255
-22.186 -45.704 2.042 0 25 255
-22.368 -44.972 1.643 0 68 255
-21.865 -45.471 1.365 0 255 174
-21.962 -44.834 2.560 0 51 255
-21.992 -45.188 2.598 0 0 255
-23.339 -45.778 2.818 0 0 255
-19.131 -45.815 2.384 0 0 255
-21.611 -45.215 1.459 0 42 255
-20.452 -45.526 3.233 0 34 255
-21.971 -44.686 3.293 0 0 255
-20.900 -45.755 4.718 0 8 255
-22.253 -44.930 1.770 0 0 255
-22.028 -45.183 3.320 0 0 255
-21.960 -44.967 1.484 0 0 255
-21.456 -45.033 3.763 0 0 255
-21.165 -44.989 1.777 0 0 255
-21.513 -45.190 2.452 0 0 255
-21.546 -45.214 3.357 0 255 204
-20.490 -44.933 3.409 0 51 255
-20.068 -45.764 4.360 0 17 255
-21.700 -44.835 1.890 0 119 255
-22.458 -44.852 1.790 0 8 255
-21.314 -45.599 1.975 0 34 255
-21.726 -44.352 2.515 0 136 255
-20.919 -45.862 1.696 0 255 123
-21.862 -44.245 2.855 0 8 255
-21.521 -45.363 3.108 0 119 255
-19.875 -45.889 4.227 0 0 255
-21.536 -45.063 3.715 0 8 255
-20.596 -44.762 3.319 0 51 255
-23.299 -44.911 1.558 0 0 255
-20.967 -45.882 2.458 0 255 195
-20.807 -45.563 3.213 0 17 255
-20.920 -45.742 3.749 0 0 255
-22.295 -45.812 2.163 0 8 255
-20.240 -45.748 4.370 0 59 255
-21.628 -45.696 2.567 0 59 255
-19.304 -45.723 2.374 0 76 255
-20.886 -44.945 2.372 0 102 255
-21.542 -44.170 3.522 0 51 255
-21.704 -45.532 2.989 0 34 255
-21.901 -45.306 1.528 0 178 255
-21.753 -44.853 1.951 0 0 255
-23.251 -44.362 1.699 0 17 255
-21.458 -45.066 3.794 0 51 255
-21.133 -45.662 2.535 0 229 255
-21.867 -44.846 2.521 0 17 255
-21.511 -45.877 3.167 0 51 255
-22.959 -44.943 1.430 0 195 255
-20.659 -44.686 3.275 0 59 255
-23.277 -45.726 2.220 0 8 255
-20.339 -45.375 3.619 0 0 255
-20.756 -45.292 3.210 0 255 229
-21.853 -45.462 2.711 0 144 255
-21.517 -44.055 3.886 0 0 255
-21.763 -45.246 1.615 0 51 255
-22.359 -45.197 3.244 0 0 255
-21.414 -45.845 2.476 0 34 255
-21.851 -45.402 1.430 0 255 225
-22.282 -44.845 3.173 0 0 255
-20.950 -44.332 2.033 0 0 255
-23.146 -44.313 1.713 0 17 255
-19.546 -45.371 2.739 0 0 255
-21.080 -44.761 2.264 0 0 255
-21.524 -45.171 3.443 0 136 255
-21.835 -45.461 2.746 0 17 255
-22.106 -45.645 3.248 0 0 255
-21.910 -44.714 3.244 0 0 255
-21.768 -44.473 2.384 0 0 255
-21.407 -45.115 2.036 0 85 255
-21.099 -45.623 2.581 0 255 161
-21.666 -44.966 2.452 0 0 255
-21.559 -45.374 3.083 0 8 255
-21.119 -44.412 1.967 0 0 255
-20.193 -45.480 3.523 0 85 255
-21.649 -45.159 1.766 0 0 255
-21.306 -44.098 3.808 0 0 255
-22.257 -44.450 1.609 0 0 255
-22.314 -44.331 2.860 0 0 255
-20.127 -44.986 3.652 0 25 255
-21.398 -45.539 1.937 0 0 255
-21.945 -45.190 1.969 0 51 255
-21.381 -44.433 2.406 0 8 255
-19.502 -45.447 2.753 0 0 255
-21.509 -45.617 1.380 0 42 255
-19.648 -45.782 2.809 0 0 255
-21.675 -45.609 1.522 0 0 255
-20.597 -45.896 4.668 0 0 255
-20.005 -45.487 3.381 0 0 255
-20.926 -45.868 2.369 0 25 255
-22.148 -45.160 3.385 0 17 255
-21.426 -45.785 2.590 0 0 255
-22.107 -45.083 2.761 0 25 255
-21.342 -44.518 2.461 0 0 255
-20.646 -45.398 2.636 0 0 255
-21.502 -44.098 3.341 0 0 255
-19.771 -45.647 3.309 0 0 255
-21.755 -45.499 1.427 0 59 255
-21.432 -45.523 2.651 0 8 255
-21.690 -45.410 1.945 0 17 255
-21.697 -45.530 1.315 0 255 140
-21.239 -45.621 2.411 0 153 255
-21.752 -45.683 1.274 0 0 255
-20.334 -45.456 3.485 0 42 255
-22.073 -44.788 2.033 0 42 255
-21.453 -44.141 3.623 0 0 255
-21.483 -44.093 3.358 0 8 255
-21.726 -45.011 2.276 0 68 255
-21.811 -45.395 1.356 0 25 255
-21.459 -45.434 2.494 0 238 255
-20.932 -44.415 1.830 0 0 255
-21.500 -45.001 2.277 0 8 255
-21.999 -45.133 2.109 0 93 255
-21.270 -44.123 3.780 0 170 255
-21.156 -44.659 1.939 0 76 255
-20.672 -45.913 4.656 0 0 255
-21.291 -45.741 2.058 0 0 255
-20.979 -45.877 1.685 0 255 136
-22.210 -45.755 3.124 0 0 255
-21.428 -43.888 3.855 0 0 255
-20.174 -45.828 4.304 0 25 255
-22.042 -44.959 2.469 0 212 255
-21.799 -44.280 2.329 0 0 255
-23.311 -45.763 2.784 0 0 255
-21.481 -45.596 2.831 0 17 255
-21.845 -45.027 2.049 0 51 255
-21.809 -45.407 1.473 0 0 255
-21.290 -45.523 3.403 0 8 255
-21.159 -45.723 2.560 0 59 255
-21.986 -44.719 3.544 0 17 255
-22.232 -44.925 1.798 0 0 255
-20.965 -44.406 1.846 0 25 255
-20.180 -45.194 3.284 0 255 123
-21.074 -45.624 2.668 0 127 255
-22.316 -45.624 2.357 0 255 255
-20.696 -45.323 3.256 0 255 255
-21.811 -45.449 1.397 0 17 255
-20.996 -44.228 2.024 0 119 255
-21.834 -44.589 2.658 0 0 255
-19.740 -45.660 3.146 0 0 255
-22.383 -45.187 3.341 0 0 255
-20.800 -45.348 2.722 0 0 255
-21.616 -45.109 3.489 0 51 255
-21.709 -45.514 1.509 0 0 255
-21.559 -45.257 1.985 0 17 255
-22.161 -44.974 1.689 0 8 255
-19.945 -45.522 3.201 0 255 165
-21.900 -44.672 3.035 0 8 255
-20.039 -45.813 3.556 0 0 255
-22.703 -44.708 2.014 0 25 255
-20.912 -45.889 2.290 0 255 250
-22.189 -45.080 1.660 0 246 255
-22.694 -45.167 1.607 0 8 255
-21.838 -44.719 3.086 0 8 255
-20.578 -45.109 3.524 0 0 255
-20.575 -45.417 3.247 0 187 255
-20.988 -44.108 2.008 0 0 255
-21.524 -45.512 2.913 0 76 255
-22.404 -45.505 2.556 0 8 255
-21.184 -45.853 4.752 0 0 255
-21.426 -43.985 3.931 0 0 255
-19.433 -45.743 2.455 0 153 255
-20.969 -44.495 1.968 0 0 255
-21.583 -45.739 1.387 0 153 255
-21.129 -45.712 1.828 0 127 255
-22.802 -44.824 1.874 0 0 255
-21.226 -44.795 1.894 0 255 233
-20.890 -44.924 2.397 0 8 255
-21.213 -45.000 1.797 0 8 255
-22.215 -44.475 1.714 0 8 255
-21.992 -44.867 2.700 0 255 204
-20.887 -45.719 2.580 0 51 255
-22.436 -45.545 2.527 0 0 255
-21.915 -44.670 2.972 0 8 255
-21.952 -44.710 3.213 0 0 255
-20.274 -45.349 3.528 0 0 255
-22.174 -45.147 3.375 0 127 255
-23.144 -44.382 1.869 0 0 255
-21.800 -45.652 1.972 0 0 255
-20.971 -44.071 2.024 0 51 255
-20.833 -45.405 3.548 0 119 255
-21.547 -45.176 3.450 0 25 255
-21.479 -44.352 2.525 0 34 255
-19.450 -45.796 2.543 0 0 255
-22.308 -45.096 1.724 0 0 255
-21.748 -45.602 1.796 0 255 38
-22.874 -44.322 1.834 0 0 255
-21.440 -45.561 1.938 0 0 255
-21.456 -45.681 2.350 0 187 255
-20.055 -44.773 3.310 0 255 97
-22.325 -45.167 3.019 0 42 255
-20.125 -45.695 3.364 0 0 255
-22.404 -44.917 1.681 0 76 255
-22.447 -45.801 2.166 0 0 255
-19.786 -45.770 3.195 0 0 255
-22.475 -44.944 2.100 0 17 255
-22.729 -44.661 1.988 0 0 255
-21.952 -45.251 1.998 0 255 221
-21.203 -45.777 2.555 0 51 255
-20.128 -45.739 3.365 0 238 255
-22.356 -45.326 3.651 0 0 255
-21.201 -45.676 1.827 0 0 255
-21.486 -44.990 3.707 0 34 255
-21.488 -44.816 2.631 0 0 255
-19.906 -45.614 3.187 0 0 255
-20.450 -44.404 3.377 0 144 255
-21.991 -45.279 3.619 0 0 255
-21.070 -44.020 2.035 0 0 255
-19.882 -45.737 3.029 0 255 229
-21.176 -45.700 3.814 0 136 255
-20.905 -44.718 2.312 0 8 255
-22.844 -44.745 1.755 0 212 255
-21.601 -45.003 3.697 0 0 255
-21.869 -44.448 2.314 0 255 119
-21.930 -44.856 2.287 0 0 255
-19.443 -45.742 2.627 0 0 255
-22.101 -45.638 2.817 0 0 255
-20.429 -44.343 3.443 0 0 255
-21.014 -45.529 2.805 0 51 255
-21.722 -45.624 1.560 0 0 255
-21.241 -45.784 1.952 0 255 208
-22.096 -45.763 2.462 0 161 255
-20.970 -44.471 2.036 0 93 255
-21.481 -45.053 3.769 0 25 255
-21.756 -45.712 1.488 0 255 170
-21.485 -44.677 2.372 0 8 255
-22.272 -44.618 1.684 0 255 102
-22.444 -45.335 3.461 0 25 255
-22.388 -45.631 2.392 0 0 255
-21.960 -45.228 1.590 0 102 255
-21.659 -44.271 3.407 0 119 255
-21.709 -45.468 1.650 0 0 255
-23.061 -44.345 1.793 0 0 255
-20.181 -45.484 3.442 0 17 255
-21.818 -44.737 2.531 0 0 255
-21.642 -44.988 2.424 0 8 255
-20.949 -45.882 2.475 0 204 255
-21.753 -45.026 2.207 0 59 255
-21.150 -45.766 1.842 0 0 255
-20.202 -45.616 3.562 0 8 255
-22.245 -44.905 1.664 0 93 255
-21.415 -44.602 2.365 0 0 255
-21.988 -45.034 1.782 0 8 255
-21.014 -45.832 2.402 0 25 255
-21.870 -45.797 2.992 0 85 255
-21.520 -45.717 1.492 0 42 255
-22.921 -45.742 2.228 0 0 255
-21.571 -45.253 1.777 0 8 255
-21.179 -45.872 1.996 0 0 255
-19.915 -45.875 4.262 0 0 255
-21.104 -45.632 2.681 0 255 170
-20.681 -45.266 3.493 0 255 255
-21.707 -45.581 1.645 0 8 255
-22.229 -45.669 1.900 0 0 255
-20.043 -45.670 3.482 0 42 255
-22.326 -44.959 1.688 0 246 255
-19.828 -45.786 2.957 0 42 255
-21.478 -45.139 3.558 0 0 255
-21.523 -45.038 1.828 0 255 221
-21.105 -45.672 3.060 0 119 255
-21.266 -45.270 1.826 0 85 255
-21.941 -45.121 2.287 0 85 255
-21.581 -45.362 3.075 0 0 255
-21.770 -45.299 1.770 0 255 165
-21.865 -45.526 2.921 0 85 255
-19.918 -45.298 2.923 0 0 255
-20.115 -45.097 2.982 0 0 255
-21.744 -45.460 1.390 0 255 238
-21.848 -44.735 3.556 0 0 255
-22.704 -44.727 2.001 0 17 255
-21.283 -45.287 1.865 0 0 255
-22.078 -45.664 3.211 0 8 255
-21.752 -44.267 3.578 0 0 255
-21.873 -45.020 2.336 0 68 255
-21.194 -45.807 1.965 0 0 255
-20.409 -45.576 3.244 0 17 255
-22.664 -45.265 1.577 0 0 255
-21.788 -44.971 2.198 0 0 255
-22.254 -44.921 1.793 0 25 255
-21.554 -44.177 3.587 0 0 255
-21.972 -45.272 1.870 0 255 148
-22.903 -45.646 3.345 0 0 255
-19.868 -45.545 3.361 0 0 255
-21.508 -45.712 3.030 0 238 255
-21.061 -45.831 3.377 0 68 255
-21.964 -45.707 3.176 0 204 255
-21.767 -44.463 2.607 0 0 255
-21.394 -45.448 2.261 0 0 255
-19.971 -45.743 3.553 0 8 255
-21.032 -44.979 2.253 0 238 255
-21.548 -45.061 3.712 0 8 255
-20.963 -44.102 2.053 0 34 255
-21.729 -45.616 1.566 0 246 255
-21.204 -45.777 2.265 0 0 255
-20.716 -44.831 2.336 0 161 255
-21.001 -45.780 3.385 0 212 255
-22.150 -45.041 1.657 0 0 255
-22.474 -45.288 3.373 0 0 255
-21.768 -44.826 2.349 0 17 255
-22.366 -45.165 1.828 0 17 255
-20.007 -45.835 3.568 0 34 255
-21.152 -45.380 1.724 0 51 255
-21.513 -45.290 3.348 0 8 255
-22.941 -45.015 1.406 0 0 255
-22.212 -44.251 2.069 0 0 255
-19.821 -45.475 3.017 0 0 255
-22.203 -45.870 2.182 0 119 255
-20.982 -45.739 1.746 0 255 153
-21.552 -44.096 3.841 0 0 255
-21.945 -45.077 1.811 0 0 255
-21.742 -45.229 1.781 0 127 255
-20.321 -45.786 3.476 0 17 255
-20.395 -44.981 3.442 0 255 153
-21.508 -45.201 3.379 0 255 246
-21.845 -45.026 1.673 0 0 255
-22.207 -44.905 3.138 0 0 255
-23.048 -44.495 1.715 0 59 255
-22.454 -45.078 1.695 0 0 255
-21.556 -44.336 2.583 0 0 255
-21.618 -45.590 2.422 0 42 255
-22.936 -45.021 1.426 0 0 255
-20.073 -45.798 3.324 0 42 255
-21.823 -44.707 2.389 0 0 255
-21.111 -45.651 2.877 0 42 255
-20.397 -45.859 4.280 0 0 255
-21.884 -45.258 1.587 0 8 255
-21.018 -45.754 1.945 0 25 255
-21.810 -44.942 2.147 0 0 255
-21.106 -45.668 2.959 0 0 255
-22.360 -45.002 1.660 0 0 255
-22.684 -44.797 1.736 0 8 255
-21.876 -45.254 1.837 0 255 182
-21.454 -45.681 1.773 0 0 255
-21.477 -45.049 3.684 0 17 255
-21.057 -44.423 1.848 0 0 255
-20.531 -44.835 3.322 0 110 255
-20.913 -44.671 2.280 0 0 255
-21.142 -45.638 1.794 0 255 63
-22.255 -44.449 1.690 0 153 255
-21.839 -44.755 2.129 0 0 255
-22.232 -44.820 3.204 0 42 255
-19.440 -45.784 2.445 0 0 255
-22.104 -44.363 2.258 0 51 255
-22.059 -45.134 2.899 0 34 255
-22.021 -44.757 2.392 0 0 255
-22.081 -45.072 2.644 0 0 255
-21.772 -44.501 2.371 0 34 255
-21.440 -45.535 2.757 0 255 153
-19.547 -45.785 2.522 0 110 255
-19.194 -45.669 2.305 0 8 255
-21.739 -45.248 1.685 0 0 255
-22.037 -45.813 2.810 0 17 255
-21.480 -44.776 2.381 0 0 255
-20.876 -45.091 2.062 0 42 255
-21.639 -44.242 3.388 0 51 255
-21.139 -44.389 1.968 0 17 255
-21.870 -44.944 1.709 0 76 255
-23.270 -44.375 1.691 0 25 255
-21.844 -44.420 2.417 0 0 255
-22.886 -45.689 3.328 0 8 255
-20.949 -45.800 2.227 0 255 165
-21.610 -44.217 3.494 0 0 255
-22.201 -44.706 3.694 0 0 255
-20.356 -45.187 3.290 0 255 255
-21.535 -45.072 3.593 0 8 255
-20.605 -45.218 2.598 0 0 255
-22.777 -44.812 1.941 0 0 255
-20.886 -44.633 2.328 0 17 255
-21.472 -45.041 3.659 0 195 255
-21.695 -45.780 1.370 0 68 255
-21.560 -45.655 1.746 0 0 255
-20.561 -44.841 3.405 0 255 136
-22.115 -45.093 2.874 0 0 255
-20.178 -45.839 4.309 0 25 255
-20.141 -45.342 3.292 0 0 255
-21.404 -45.429 2.624 0 25 255
-19.422 -45.427 2.632 0 0 255
-20.359 -45.654 3.239 0 0 255
-21.488 -44.944 2.556 0 0 255
-20.872 -44.501 2.358 0 0 255
-20.507 -44.771 2.327 0 0 255
-22.130 -44.735 2.066 0 34 255
-21.859 -45.301 1.343 0 0 255
-21.722 -45.548 1.296 0 85 255
-22.193 -44.648 2.345 0 51 255
-22.470 -45.359 3.040 0 0 255
-21.886 -45.350 1.345 0 0 255
-21.784 -45.621 2.176 0 8 255
-22.801 -44.589 1.979 0 8 255
-21.262 -45.281 1.839 0 187 255
-22.119 -45.860 2.286 0 229 255
-22.453 -45.317 3.434 0 0 255
-22.144 -45.913 2.327 0 0 255
-21.599 -44.328 2.496 0 0 255
-22.027 -44.809 2.114 0 0 255
-20.914 -45.491 2.943 0 0 255
-21.988 -45.023 2.555 0 8 255
-21.944 -45.012 2.517 0 8 255
-19.766 -45.799 2.944 0 17 255
-19.363 -45.468 2.734 0 85 255
-19.855 -45.887 4.366 0 8 255
-21.807 -45.585 1.927 0 51 255
-22.014 -45.222 3.528 0 204 255
-21.811 -44.531 3.175 0 136 255
-21.427 -45.061 2.225 0 0 255
-21.010 -45.875 2.616 0 204 255
-21.610 -44.904 3.153 0 0 255
-21.502 -45.530 1.475 0 0 255
-20.954 -45.520 2.817 0 0 255
-22.164 -44.684 3.720 0 0 255
-20.337 -45.526 3.368 0 68 255
-21.893 -45.703 3.376 0 0 255
-21.435 -45.073 2.382 0 0 255
-22.424 -45.327 3.482 0 85 255
-19.518 -45.760 2.611 0 8 255
-21.198 -45.706 2.269 0 255 246
-21.864 -44.698 3.058 0 0 255
-21.835 -45.737 3.353 0 0 255
-21.763 -45.060 1.776 0 0 255
-21.977 -44.687 3.398 0 246 255
-21.725 -44.633 2.982 0 0 255
-21.279 -44.844 1.924 0 0 255
-20.743 -45.297 3.306 0 0 255
-21.440 -45.831 2.534 0 0 255
-19.880 -45.666 3.204 0 153 255
-22.134 -45.102 3.297 0 17 255
-21.442 -45.757 2.833 0 17 255
-19.788 -45.608 3.284 0 8 255
-21.478 -44.901 2.624 0 0 255
-21.056 -45.071 2.219 0 17 255
-22.441 -44.911 1.743 0 8 255
-23.115 -44.367 1.890 0 0 255
-19.932 -45.398 3.165 0 0 255
-21.958 -45.755 3.147 0 34 255
-22.307 -45.675 2.321 0 0 255
-21.949 -44.751 3.035 0 0 255
-21.935 -45.273 2.109 0 0 255
-19.462 -45.481 2.756 0 0 255
-22.479 -45.197 3.473 0 0 255
-21.601 -44.237 3.391 0 255 250
-21.848 -45.662 3.063 0 0 255
-19.157 -45.779 2.372 0 17 255
-20.899 -45.893 2.475 0 127 255
-21.667 -44.661 2.963 0 17 255
-23.149 -44.955 1.576 0 0 255
-22.689 -44.702 2.034 0 0 255
-22.828 -44.677 1.728 0 42 255
-21.788 -45.293 1.655 0 68 255
-19.834 -45.885 4.363 0 0 255
-20.899 -45.845 2.478 0 255 242
-19.187 -45.794 2.350 0 85 255
-21.861 -45.059 2.016 0 0 255
-21.540 -44.128 3.598 0 153 255
-21.966 -45.106 2.359 0 0 255
-22.243 -45.146 3.093 0 255 157
-19.878 -45.759 3.639 0 8 255
-22.519 -45.344 2.919 0 0 255
-21.984 -44.986 1.490 0 0 255
-21.512 -45.200 3.315 0 255 229
-19.127 -45.801 2.533 0 25 255
-21.398 -44.203 3.799 0 0 255
-22.288 -44.718 3.258 0 0 255
-23.283 -44.311 1.873 0 8 255
-21.747 -45.742 1.472 0 255 136
-21.983 -45.626 2.928 0 34 255
-20.904 -45.830 2.415 0 25 255
-21.984 -45.050 1.780 0 25 255
-21.653 -44.317 3.296 0 59 255
-21.784 -45.596 2.267 0 255 233
-21.481 -45.633 2.673 0 255 225
-21.295 -44.579 1.920 0 0 255
-20.093 -45.644 3.124 0 8 255
-21.609 -45.018 2.327 0 0 255
-22.403 -45.258 3.277 0 0 255
-22.007 -44.742 3.061 0 17 255
-21.988 -44.854 2.132 0 85 255
-20.180 -45.220 3.299 0 0 255
-22.350 -45.300 3.365 0 25 255
-20.680 -44.955 3.326 0 0 255
-20.651 -45.055 3.247 0 8 255
-22.020 -44.984 2.251 0 85 255
-21.676 -45.626 1.658 0 255 8
-21.433 -45.924 3.304 0 0 255
-20.940 -45.731 3.363 0 25 255
-21.242 -44.887 1.796 0 119 255
-21.626 -45.306 3.322 0 0 255
-20.853 -45.346 2.739 0 17 255
-22.053 -45.065 2.670 0 68 255
-21.457 -45.076 3.817 0 42 255
-21.504 -45.031 2.371 0 76 255
-22.530 -44.951 2.055 0 0 255
-21.844 -45.366 2.915 0 0 255
-22.088 -45.729 2.552 0 170 255
-21.655 -45.109 2.326 0 8 255
-20.569 -45.010 3.316 0 0 255
-22.262 -44.885 1.659 0 8 255
-22.430 -45.501 2.548 0 8 255
-21.645 -44.341 2.426 0 119 255
-22.154 -45.625 2.238 0 8 255
-19.920 -45.873 3.259 0 42 255
-22.071 -45.196 3.481 0 110 255
-21.693 -44.368 2.538 0 0 255
-21.876 -44.732 2.562 0 8 255
-21.505 -45.610 2.585 0 255 165
-21.191 -45.592 2.357 0 25 255
-22.292 -44.851 1.667 0 0 255
-23.350 -45.922 2.664 0 0 255
-22.324 -45.739 2.315 0 25 255
-21.962 -44.874 2.507 0 0 255
-21.725 -45.685 1.324 0 255 204
-21.966 -44.654 3.545 0 8 255
-20.736 -44.602 3.310 0 0 255
-21.511 -45.166 3.310 0 0 255
-21.004 -45.870 3.478 0 0 255
-22.210 -45.740 3.141 0 8 255
-23.225 -44.367 1.854 0 0 255
-20.098 -45.788 3.449 0 127 255
-21.489 -45.602 2.965 0 0 255
-21.433 -44.031 3.892 0 8 255
-22.806 -45.774 3.245 0 0 255
-21.116 -44.690 2.051 0 0 255
-21.960 -44.663 3.020 0 0 255
-22.146 -44.846 1.966 0 0 255
-21.445 -45.119 3.709 0 34 255
-22.287 -44.567 1.709 0 0 255
-21.284 -45.571 2.021 0 25 255
-21.647 -45.609 2.516 0 8 255
-23.128 -44.402 1.977 0 0 255
-19.943 -45.926 4.330 0 17 255
-21.878 -45.689 2.536 0 0 255
-20.999 -45.894 2.408 0 195 255
-22.027 -44.632 2.324 0 8 255
-21.863 -45.081 2.044 0 0 255
-21.642 -45.222 1.675 0 255 212
-20.800 -45.326 3.181 0 255 225
-20.452 -44.310 3.390 0 34 255
-19.882 -45.080 2.808 0 0 255
-21.550 -45.590 1.762 0 17 255
-22.236 -44.739 1.635 0 0 255
-21.547 -45.397 3.050 0 0 255
-21.856 -44.313 2.806 0 8 255
-21.806 -44.356 2.651 0 76 255
-21.974 -44.977 2.159 0 8 255
-19.826 -45.510 2.960 0 0 255
-21.890 -44.782 2.543 0 17 255
-22.060 -45.715 2.709 0 170 255
-20.467 -45.482 3.227 0 8 255
-19.972 -45.534 3.574 0 17 255
-21.965 -45.373 1.906 0 0 255
-23.193 -44.957 1.687 0 0 255
-21.453 -45.568 2.878 0 204 255
-21.648 -45.458 1.521 0 187 255
-20.402 -45.830 3.537 0 8 255
-21.418 -44.058 3.870 0 110 255
-22.746 -44.663 2.026 0 0 255
-20.976 -45.827 2.270 0 119 255
-21.556 -45.119 1.801 0 51 255
-21.861 -45.131 1.967 0 85 255
-20.780 -44.762 2.304 0 17 255
-21.854 -44.558 3.110 0 8 255
-21.960 -44.777 2.777 0 25 255
-21.664 -44.537 2.494 0 178 255
-21.534 -45.067 2.335 0 8 255
-19.717 -45.745 2.863 0 34 255
-22.625 -44.819 2.025 0 136 255
-22.651 -44.808 2.026 0 42 255
-19.897 -45.315 2.910 0 76 255
-21.951 -44.852 2.893 0 0 255
-22.670 -45.298 1.560 0 0 255
-20.606 -44.779 2.314 0 51 255
-21.365 -44.052 3.773 0 25 255
-21.691 -44.322 3.273 0 187 255
-21.858 -44.600 3.182 0 255 216
-21.228 -44.624 1.958 0 0 255
-21.607 -45.643 1.350 0 255 123
-21.521 -45.124 3.444 0 68 255
-22.034 -44.773 2.440 0 8 255
-21.401 -45.399 1.857 0 102 255
-21.761 -44.392 2.765 0 25 255
-22.124 -45.148 2.196 0 0 255
-22.268 -45.020 1.812 0 0 255
-21.546 -45.584 2.943 0 255 80
-22.092 -45.172 1.623 0 0 255
-21.487 -45.153 1.875 0 8 255
-19.981 -45.872 3.604 0 25 255
-19.951 -45.373 3.157 0 0 255
-21.607 -45.388 3.126 0 0 255
-23.365 -45.788 2.835 0 0 255
-23.086 -44.440 1.718 0 0 255
-22.081 -45.049 1.815 0 42 255
-21.470 -45.097 3.695 0 17 255
-21.910 -44.512 2.137 0 17 255
-21.965 -45.145 2.121 0 17 255
-21.496 -45.515 1.912 0 255 148
-19.745 -45.790 2.992 0 0 255
-22.345 -45.144 3.469 0 25 255
-21.071 -44.362 2.030 0 0 255
-21.140 -45.612 2.743 0 255 191
-21.712 -44.228 3.451 0 34 255
-20.912 -45.901 2.706 0 59 255
-22.085 -44.504 2.304 0 0 255
-21.767 -44.924 2.425 0 110 255
-21.733 -45.460 1.565 0 59 255
-20.917 -45.430 2.839 0 0 255
-22.443 -45.299 3.429 0 153 255
-21.518 -45.910 3.294 0 0 255
-20.720 -44.901 2.305 21 255 0
-20.749 -44.592 3.236 0 0 255
-22.277 -44.785 3.232 0 25 255
-20.487 -44.705 3.457 0 59 255
-21.518 -45.612 2.838 0 25 255
-21.940 -45.441 1.566 0 25 255
-20.936 -45.006 2.082 0 25 255
-20.957 -44.452 1.999 0 59 255
-21.812 -44.353 2.839 0 17 255
-22.299 -44.455 1.681 0 34 255
-21.956 -45.311 1.681 0 0 255
-21.947 -45.271 3.675 0 0 255
-20.574 -45.775 3.288 0 34 255
-21.523 -45.150 3.546 0 0 255
-22.254 -44.326 2.915 0 0 255
-20.920 -43.960 2.214 0 0 255
-20.974 -45.835 2.360 0 102 255
-20.654 -45.909 4.669 0 0 255
-21.698 -44.943 1.755 0 0 255
-21.276 -45.395 2.832 0 0 255
-22.461 -45.037 1.688 0 85 255
-21.763 -44.699 2.469 0 0 255
-20.884 -44.736 2.109 0 17 255
-22.899 -44.673 1.679 0 0 255
-21.304 -44.753 1.959 0 0 255
-21.528 -45.613 2.643 0 187 255
-21.977 -44.686 3.555 0 34 255
-21.095 -45.781 2.367 0 0 255
-19.151 -45.822 2.334 0 51 255
-22.497 -45.753 2.136 0 0 255
-23.292 -45.833 2.807 0 0 255
-20.892 -45.437 3.076 0 0 255
-21.077 -43.994 2.037 0 8 255
-20.176 -44.740 3.309 0 8 255
-21.677 -44.373 3.290 0 0 255
-19.927 -45.649 3.240 0 25 255
-20.914 -45.887 2.641 0 238 255
-21.253 -44.820 1.858 0 119 255
-21.053 -45.801 1.952 0 255 153
-21.592 -45.174 1.768 0 102 255
-21.591 -45.488 1.504 0 0 255
-21.265 -44.946 1.798 0 0 255
-21.448 -44.318 2.575 0 0 255
-20.225 -45.629 3.309 0 8 255
-20.653 -44.940 3.317 0 51 255
-20.986 -45.735 2.016 0 0 255
-21.836 -44.255 2.683 0 0 255
-20.979 -45.621 2.790 0 34 255
-21.483 -45.610 2.365 0 8 255
-21.763 -45.363 1.674 0 144 255
-21.206 -45.105 2.022 0 102 255
-19.870 -45.462 3.057 0 0 255
-20.157 -45.887 3.718 0 0 255
-20.972 -44.370 2.012 0 76 255
-22.732 -45.244 1.606 0 0 255
-22.983 -44.905 1.472 0 17 255
-20.921 -45.860 3.272 0 0 255
-21.888 -45.327 1.490 0 255 140
-21.640 -45.503 1.551 0 51 255
-21.125 -44.014 2.057 0 0 255
-21.042 -45.766 1.679 0 17 255
-20.096 -44.912 3.286 0 0 255
-20.880 -45.828 1.900 0 229 255
-21.144 -45.177 2.267 0 0 255
-21.475 -44.142 3.655 0 0 255
-21.322 -44.492 2.501 0 0 255
-20.923 -43.990 2.166 0 0 255
-20.872 -45.494 3.186 0 8 255
-21.668 -44.773 1.780 0 17 255
-21.517 -45.537 2.933 0 0 255
-21.000 -45.762 3.427 0 229 255
-20.136 -45.793 3.551 0 170 255
-21.849 -45.022 2.064 0 0 255
-22.731 -44.683 1.987 0 144 255
-23.157 -45.084 1.576 0 0 255
-22.377 -44.906 1.691 0 255 161
-21.250 -44.658 1.939 0 0 255
-21.995 -45.047 1.816 0 0 255
-21.999 -44.567 2.982 0 8 255
-20.036 -45.917 4.315 0 8 255
-22.300 -45.286 3.411 0 0 255
-22.950 -44.763 1.975 0 0 255
-22.971 -44.968 1.389 0 0 255
-21.917 -44.824 2.098 0 0 255
-22.608 -45.401 2.903 0 0 255
-21.479 -44.132 3.632 0 51 255
-22.349 -45.189 1.930 0 25 255
-20.008 -45.450 3.390 0 0 255
-19.170 -45.746 2.558 0 0 255
-21.664 -45.671 1.564 0 0 255
-21.742 -44.932 2.428 0 25 255
-21.331 -45.704 1.724 0 42 255
-22.105 -44.741 2.373 0 34 255
-20.889 -45.885 2.618 0 25 255
-21.408 -45.716 2.133 0 25 255
-21.920 -45.110 1.653 0 0 255
-21.427 -44.914 3.762 0 0 255
-21.987 -45.090 1.657 0 0 255
-22.172 -44.795 3.167 0 34 255
-19.102 -45.814 2.333 0 17 255
-22.913 -45.083 1.913 0 0 255
-21.741 -45.658 3.050 0 0 255
-21.492 -45.602 2.841 0 255 229
-21.166 -45.777 2.534 0 0 255
-22.300 -44.969 1.687 0 76 255
-20.913 -44.969 2.260 0 0 255
-22.793 -44.708 1.762 0 0 255
-21.861 -44.729 2.682 0 0 255
-20.553 -45.855 4.659 0 8 255
-19.416 -45.528 2.704 0 0 255
-21.086 -45.801 1.893 0 17 255
-21.643 -45.639 1.311 0 161 255
-22.401 -44.866 3.430 0 17 255
-21.746 -45.509 1.313 0 0 255
-21.686 -45.648 1.388 0 255 246
-20.828 -44.741 2.417 0 25 255
-21.851 -45.189 1.903 0 25 255
-21.958 -45.703 3.161 0 0 255
-21.749 -45.576 2.557 0 127 255
-21.805 -44.538 2.452 0 76 255
-21.572 -45.674 1.398 0 68 255
-20.974 -45.875 2.453 0 255 170
-20.445 -44.478 3.396 0 17 255
-21.738 -45.452 1.397 0 255 165
-21.530 -45.559 2.385 0 8 255
-21.921 -45.425 1.394 0 93 255
-21.553 -45.383 2.402 0 85 255
-22.030 -44.758 3.556 0 17 255
-20.953 -45.836 1.748 0 255 148
-22.386 -45.259 3.399 0 0 255
-22.105 -45.135 1.614 0 0 255
-23.027 -45.413 1.739 0 8 255
-21.751 -45.137 1.657 0 42 255
-21.230 -44.102 3.776 0 0 255
-21.814 -45.094 1.626 0 42 255
-20.439 -44.378 3.396 0 0 255
-19.817 -45.631 3.313 0 42 255
-22.154 -44.256 2.093 0 42 255
-21.967 -44.937 2.487 0 238 255
-20.835 -45.887 2.029 0 0 255
-20.229 -45.830 4.396 0 102 255
-21.340 -45.779 2.567 0 51 255
-22.315 -44.973 1.678 0 85 255
-21.945 -44.844 2.160 0 8 255
-21.146 -45.893 1.496 0 0 255
-21.545 -45.839 2.714 0 76 255
-21.039 -45.770 1.899 0 255 170
-22.250 -44.878 3.247 0 8 255
-20.617 -44.959 3.269 0 102 255
-20.856 -45.592 2.690 0 0 255
-21.781 -44.288 3.610 0 25 255
-21.356 -45.143 3.803 0 0 255
-21.548 -45.511 2.924 0 102 255
-23.352 -45.875 2.298 0 0 255
-21.591 -45.647 1.325 0 0 255
-22.655 -45.327 1.553 0 0 255
-21.876 -44.315 2.271 0 25 255
-20.644 -45.707 3.348 0 93 255
-19.960 -45.164 2.876 0 8 255
-21.749 -45.452 1.655 0 34 255
-21.412 -45.081 2.042 0 34 255
-21.927 -45.700 2.333 0 0 255
-20.501 -44.759 2.299 0 0 255
-21.646 -44.170 2.345 0 8 255
-20.849 -45.861 2.258 0 255 174
-22.291 -45.312 3.407 0 0 255
-22.157 -45.082 1.659 0 255 225
-21.657 -45.255 1.916 0 0 255
-21.427 -44.580 2.500 0 0 255
-19.426 -45.458 2.747 0 0 255
-21.616 -45.127 3.518 0 0 255
-21.568 -44.267 3.550 0 0 255
-22.885 -44.806 1.690 0 51 255
-22.709 -45.187 1.661 0 0 255
-21.896 -44.864 2.254 0 25 255
-21.829 -45.260 1.780 0 255 191
-22.318 -44.824 3.320 0 34 255
-21.079 -45.742 2.544 0 25 255
-20.522 -44.749 3.424 0 68 255
-20.122 -45.646 3.144 0 0 255
-21.012 -45.754 2.479 0 51 255
-21.046 -45.605 2.872 0 102 255
-21.540 -45.251 1.959 0 34 255
-19.982 -45.885 3.660 0 0 255
-21.229 -45.640 3.267 0 8 255
-19.910 -45.090 2.815 0 0 255
-20.901 -45.402 3.516 0 195 255
-21.719 -44.789 1.920 0 25 255
-21.811 -45.457 2.803 0 25 255
-21.524 -45.081 3.557 0 0 255
-20.952 -44.058 2.112 0 0 255
-22.385 -44.964 1.759 0 51 255
-21.882 -45.447 1.414 0 255 178
-22.391 -44.896 1.713 0 127 255
-21.953 -44.753 2.883 0 255 148
-22.060 -44.583 3.013 0 153 255
-21.925 -45.289 2.874 0 8 255
-21.259 -43.978 3.856 0 17 255
-22.931 -44.670 1.697 0 0 255
-21.293 -44.850 1.846 0 161 255
-21.635 -44.964 3.697 0 0 255
-20.657 -45.182 3.551 0 51 255
-23.192 -44.413 1.815 0 0 255
-21.118 -45.762 2.541 0 0 255
-20.887 -44.851 2.285 0 255 250
-19.299 -45.743 2.394 0 8 255
-22.700 -44.810 1.777 0 42 255
-21.578 -44.183 3.350 0 0 255
-21.948 -44.756 2.896 0 76 255
-22.209 -45.059 1.700 0 0 255
-22.321 -44.718 3.811 0 8 255
-21.481 -45.708 1.573 0 229 255
-20.995 -45.251 2.397 0 0 255
-21.957 -44.613 2.978 0 0 255
-19.643 -45.818 2.784 0 17 255
-21.644 -45.696 1.392 0 0 255
-21.096 -43.893 3.875 0 0 255
-21.913 -45.731 3.264 0 255 161
-21.658 -44.830 3.149 0 0 255
-22.310 -44.421 2.906 0 8 255
-22.344 -45.184 1.941 0 0 255
-22.027 -45.686 3.128 0 8 255
-21.825 -44.732 3.062 0 17 255
-19.991 -45.700 3.191 0 17 255
-19.944 -45.699 3.259 0 0 255
-19.387 -45.741 2.444 0 42 255
-20.126 -45.381 3.558 0 0 255
-21.614 -45.187 3.605 0 0 255
-22.016 -44.994 1.998 0 0 255
-20.497 -45.552 3.537 0 17 255
-19.977 -45.690 3.650 0 8 255
-23.023 -44.563 1.713 0 255 153
-21.599 -44.299 3.392 0 17 255
-20.746 -45.295 3.274 0 17 255
-21.157 -45.685 3.816 0 17 255
-22.293 -44.695 1.661 0 51 255
-21.693 -44.168 2.325 0 0 255
-19.885 -45.910 4.366 0 0 255
-21.992 -44.684 2.969 0 34 255
-21.069 -45.793 4.779 0 0 255
-22.387 -45.286 3.348 0 0 255
-22.719 -45.770 2.155 0 17 255
-21.788 -44.382 2.474 0 0 255
-21.837 -45.209 2.682 0 59 255
-21.991 -45.222 1.612 0 255 148
-20.069 -45.753 3.702 0 0 255
-21.419 -45.631 1.760 0 0 255
-21.372 -44.877 1.851 0 0 255
-20.829 -45.517 2.922 0 8 255
-21.711 -45.419 1.557 0 255 191
-23.336 -44.878 1.527 0 0 255
-21.161 -45.185 2.156 0 0 255
-19.874 -45.425 3.058 0 0 255
-21.270 -45.586 1.895 0 17 255
-21.919 -45.177 2.355 0 0 255
-22.413 -45.254 3.610 0 0 255
-22.026 -44.796 2.090 0 34 255
-21.110 -45.206 1.987 0 187 255
-21.740 -44.776 3.150 0 0 255
-22.265 -44.811 1.678 0 0 255
-21.556 -44.126 3.523 0 255 187
-20.150 -45.393 3.513 0 8 255
-20.954 -45.835 2.466 0 255 174
-21.683 -44.912 1.889 0 0 255
-22.094 -45.046 2.678 0 246 255
-21.934 -45.625 3.418 0 0 255
-22.040 -44.728 2.386 0 0 255
-21.464 -44.693 2.342 0 0 255
-19.514 -45.357 2.832 0 0 255
-20.908 -44.549 2.304 0 212 255
-22.069 -44.578 2.982 0 0 255
-21.055 -45.791 2.542 0 42 255
-22.418 -45.316 3.313 0 0 255
-22.271 -44.711 3.775 0 0 255
-20.925 -45.798 2.072 0 255 153
-21.003 -44.110 2.139 0 0 255
-20.967 -45.851 2.761 0 255 178
-20.261 -45.655 3.592 0 59 255
-20.865 -44.937 2.409 0 0 255
-20.953 -45.874 2.556 0 255 161
-21.071 -45.847 3.729 0 102 255
-21.294 -45.197 3.453 0 42 255
-21.051 -45.771 1.740 0 25 255
-21.359 -44.528 2.481 0 0 255
-22.268 -45.838 2.157 0 0 255
-22.371 -44.912 1.700 0 255 127
-21.459 -44.020 3.916 0 76 255
-21.914 -45.343 1.883 0 255 221
-22.263 -44.908 1.709 0 17 255
-21.401 -45.663 2.285 0 0 255
-22.723 -45.278 1.579 0 0 255
-21.865 -45.593 2.113 0 255 246
-21.652 -45.403 1.486 0 76 255
-20.987 -45.733 4.689 0 0 255
-20.468 -45.906 4.261 0 255 250
-21.476 -44.055 3.863 0 0 255
-21.022 -45.008 2.127 0 85 255
-20.385 -45.187 3.316 0 195 255
-21.013 -45.683 3.217 0 0 255
-22.008 -44.767 2.184 0 0 255
-21.078 -45.651 2.768 0 42 255
-22.072 -45.695 2.872 0 34 255
-20.673 -45.101 3.243 0 25 255
-22.021 -44.811 2.121 0 8 255
-21.552 -45.925 3.333 0 8 255
-20.854 -45.888 2.198 0 0 255
-21.071 -45.558 2.738 0 255 204
-20.199 -45.125 3.486 0 0 255
-21.509 -45.452 2.163 0 136 255
-21.700 -45.431 1.665 0 0 255
-20.271 -45.415 3.521 0 34 255
-20.971 -44.192 2.041 0 0 255
-19.877 -45.541 3.374 0 25 255
-22.016 -44.680 3.205 0 110 255
-20.562 -45.850 4.628 0 8 255
-22.286 -44.296 2.888 0 0 255
-21.264 -45.730 2.081 0 17 255
-19.960 -45.829 4.377 0 0 255
-20.797 -45.367 3.177 0 0 255
-21.068 -45.675 1.960 0 8 255
-20.002 -45.714 3.570 0 0 255
-21.959 -45.231 2.097 0 0 255
-21.906 -45.096 1.857 0 0 255
-22.791 -44.744 1.828 0 0 255
-20.925 -45.925 4.587 0 25 255
-21.992 -45.445 1.405 0 119 255
-21.404 -44.907 1.846 0 34 255
-22.312 -44.996 1.747 0 8 255
-21.839 -44.674 2.564 0 0 255
-22.185 -44.243 2.083 0 0 255
-21.564 -45.570 2.416 0 51 255
-21.849 -44.403 2.333 0 238 255
-21.733 -45.514 1.399 0 255 212
-19.909 -45.704 3.055 0 255 174
-22.081 -44.573 2.334 0 255 255
-21.172 -45.233 2.197 0 51 255
-21.484 -45.259 1.934 0 17 255
-21.535 -45.525 1.775 0 0 255
-19.942 -45.914 4.308 0 17 255
-21.503 -45.127 1.815 0 25 255
-21.662 -44.292 3.316 0 178 255
-21.397 -45.500 2.374 0 17 255
-21.941 -45.426 1.353 0 255 208
-22.252 -44.462 1.662 0 8 255
-21.409 -45.580 2.828 0 8 255
-19.696 -45.785 2.831 0 34 255
-21.309 -45.840 1.827 0 255 208
-21.148 -43.894 3.877 0 0 255
-22.472 -45.298 3.432 0 0 255
-21.609 -44.205 2.380 0 68 255
-20.968 -45.679 3.132 0 255 191
-21.340 -45.178 3.429 0 34 255
-21.984 -45.246 3.313 0 0 255
-21.905 -45.308 2.887 0 0 255
-20.635 -45.303 3.502 0 0 255
-21.866 -44.945 1.682 0 34 255
-21.953 -44.749 3.560 0 34 255
-20.931 -44.063 2.013 0 25 255
-21.490 -45.576 2.783 0 255 255
-20.119 -45.865 3.452 0 8 255
-19.789 -45.895 4.278 0 0 255
-22.410 -45.257 3.284 0 8 255
-20.926 -45.828 3.782 0 0 255
-21.477 -45.582 2.524 0 25 255
-21.684 -45.449 3.008 0 0 255
-22.227 -45.720 1.978 0 0 255
-21.910 -45.299 1.874 0 255 165
-19.182 -45.811 2.429 0 0 255
-21.677 -44.279 3.389 0 0 255
-22.180 -45.505 2.789 0 17 255
-22.169 -45.143 2.799 0 0 255
-22.434 -45.295 3.412 0 0 255
-21.494 -45.114 1.991 0 93 255
-20.182 -45.203 3.268 0 25 255
-23.020 -45.432 1.745 0 8 255
-21.553 -45.112 3.665 0 17 255
-21.209 -45.856 1.832 0 25 255
-20.888 -45.429 3.029 0 0 255
-21.295 -45.484 2.970 0 0 255
-20.189 -45.854 3.685 0 51 255
-21.923 -45.112 2.354 0 255 204
-21.891 -45.716 2.043 0 34 255
-21.665 -44.357 3.282 0 0 255
-20.898 -44.588 2.305 0 25 255
-21.656 -44.997 2.355 0 68 255
-21.704 -44.317 2.359 0 0 255
-19.910 -45.534 3.601 0 8 255
-21.923 -44.682 3.366 0 0 255
-20.526 -44.904 3.429 0 51 255
-20.996 -45.927 2.478 0 0 255
-21.906 -44.689 3.427 0 8 255
-21.278 -45.241 2.050 0 255 161
-20.154 -45.673 3.677 0 0 255
-20.880 -45.716 3.259 0 17 255
-22.909 -44.747 1.793 0 8 255
-21.472 -45.118 3.540 0 25 255
-21.701 -44.775 1.786 0 0 255
-22.312 -45.474 2.695 0 0 255
-22.020 -45.716 2.980 0 68 255
-21.812 -45.547 1.627 0 0 255
-21.751 -45.672 2.378 0 0 255
-21.100 -45.030 2.220 0 255 170
-19.921 -45.312 2.908 0 0 255
-22.545 -45.442 2.519 0 0 255
-21.743 -44.285 3.479 0 0 255
-22.129 -44.791 1.939 0 17 255
-20.431 -44.499 3.343 0 68 255
-21.871 -45.327 1.653 0 93 255
-21.939 -45.147 2.651 0 8 255
-22.100 -44.713 2.375 0 0 255
-22.187 -45.695 3.039 0 42 255
-22.110 -44.595 2.986 0 0 255
-19.164 -45.808 2.364 0 255 212
-22.837 -44.772 1.767 0 255 238
-20.821 -45.840 2.166 0 255 216
-20.936 -45.802 2.296 0 255 182
-23.077 -44.849 1.702 0 0 255
-21.901 -45.518 1.855 0 25 255
-22.662 -45.309 2.417 0 8 255
-21.934 -44.622 2.976 0 119 255
-21.090 -45.809 3.804 0 0 255
-20.134 -45.009 2.919 0 25 255
-21.497 -45.324 3.209 0 59 255
-21.869 -45.652 3.085 0 0 255
-21.742 -44.417 3.235 0 0 255
-21.370 -44.145 3.754 0 17 255
-22.125 -45.176 3.373 0 238 255
-22.525 -44.796 1.774 0 255 174
-21.867 -44.562 2.020 0 25 255
-21.148 -45.795 2.446 0 212 255
-21.701 -45.615 1.289 0 42 255
-21.000 -45.764 1.819 0 0 255
-21.673 -44.852 2.366 0 144 255
-21.617 -44.178 2.360 0 8 255
-20.171 -45.643 3.272 0 0 255
-21.809 -45.842 1.535 0 255 144
-21.874 -45.670 2.822 0 0 255
-21.020 -45.811 4.659 0 17 255
-22.477 -45.551 2.626 0 34 255
-21.826 -45.603 2.170 0 212 255
-22.296 -45.842 2.732 0 0 255
-21.130 -45.712 3.802 0 42 255
-20.215 -45.504 3.530 0 0 255
-21.478 -44.987 1.845 0 17 255
-19.921 -45.414 3.035 0 0 255
-23.328 -45.914 2.612 0 17 255
-21.808 -45.602 1.454 0 255 238
-21.763 -45.636 1.356 0 127 255
-21.498 -45.318 2.462 0 8 255
-21.520 -45.319 2.382 0 0 255
-22.348 -45.160 3.485 0 0 255
-20.423 -45.618 3.223 0 8 255
-21.507 -45.652 2.425 0 178 255
-22.099 -45.237 2.242 0 0 255
-22.888 -45.768 2.245 0 0 255
-19.976 -45.849 3.490 0 8 255
-21.440 -45.036 2.238 0 17 255
-19.538 -45.397 2.778 0 0 255
-20.324 -45.611 4.407 0 17 255
-21.558 -44.971 2.489 0 153 255
-21.038 -45.831 4.712 0 25 255
-22.015 -44.844 2.121 0 0 255
-21.599 -45.482 2.888 0 0 255
-22.031 -45.229 3.577 0 59 255
-22.188 -45.073 2.954 0 255 246
-21.181 -44.583 1.931 0 0 255
-22.116 -44.601 2.344 0 0 255
-23.002 -44.901 1.377 0 0 255
-20.630 -44.890 2.402 0 0 255
-22.366 -44.853 3.423 0 25 255
-19.092 -45.815 2.543 0 17 255
-21.253 -45.536 1.937 0 59 255
-19.570 -45.801 2.650 0 0 255
-22.165 -45.073 2.964 0 195 255
-21.808 -45.432 1.511 0 0 255
-21.121 -45.689 1.909 0 93 255
-20.944 -44.414 2.068 0 8 255
-21.745 -45.412 1.702 0 0 255
-21.027 -44.399 1.875 0 8 255
-20.932 -45.050 2.051 0 17 255
-21.281 -45.823 1.063 0 119 255
-21.980 -45.903 0.454 0 255 127
-21.928 -46.015 0.438 0 255 148
-22.019 -45.953 0.439 0 255 140
-21.880 -46.002 0.409 0 255 148
-21.853 -45.700 1.008 0 255 161
-21.964 -45.402 0.251 0 255 136
-21.743 -45.832 0.866 0 255 170
-21.915 -45.599 1.076 0 42 255
-21.557 -46.211 0.731 0 255 161
-21.782 -46.086 0.536 0 238 255
-21.846 -46.207 0.880 0 8 255
-21.784 -45.947 0.719 0 51 255
-21.796 -45.954 0.728 0 0 255
-21.759 -45.985 0.674 0 255 182
-21.572 -46.269 0.885 0 102 255
-21.568 -46.225 0.898 0 255 199
-21.811 -46.183 0.918 0 0 255
-21.721 -46.184 0.813 0 255 153
-21.643 -46.208 0.924 0 136 255
-21.802 -46.164 0.912 0 0 255
-21.812 -46.187 0.942 0 0 255
-21.609 -46.194 0.798 0 255 174
-21.556 -46.168 0.922 0 255 250
-21.519 -46.363 1.016 0 255 191
-21.705 -46.180 0.929 0 178 255
-21.369 -46.528 1.196 0 8 255
-21.457 -46.487 1.160 0 17 255
-21.413 -46.373 1.211 0 0 255
-21.861 -45.940 1.169 0 0 255
-21.503 -46.167 1.166 0 76 255
-21.814 -46.152 1.093 0 221 255
-21.571 -46.122 1.247 0 25 255
-21.529 -46.117 1.213 0 255 165
-21.518 -46.110 1.250 0 178 255
-21.420 -46.144 1.254 0 17 255
-21.273 -46.019 1.298 0 0 255
-21.242 -46.022 1.322 0 42 255
-21.198 -46.066 1.267 0 8 255
-21.265 -45.965 1.378 0 8 255
-21.560 -46.162 1.111 0 255 182
-21.132 -46.013 1.367 0 119 255
-21.609 -46.116 1.108 0 25 255
-21.200 -45.953 1.385 0 255 212
-21.342 -46.187 1.275 0 153 255
-21.159 -46.040 1.464 0 0 255
-21.344 -46.111 1.270 0 8 255
-21.808 -46.401 1.079 0 0 255
-21.702 -46.347 1.199 0 0 255
-21.813 -46.267 1.162 0 8 255
-21.220 -45.866 0.883 0 255 144
-21.967 -45.355 1.093 0 8 255
-21.938 -45.334 1.186 0 8 255
-22.212 -45.631 0.292 0 255 178
-21.565 -45.631 1.212 0 255 161
-21.728 -45.839 0.987 0 85 255
-21.389 -45.806 0.766 0 255 123
-21.301 -45.866 0.835 0 255 144
-21.893 -45.433 1.223 0 0 255
-21.724 -45.919 0.761 0 42 255
-21.739 -45.714 1.167 0 195 255
-21.847 -45.712 0.474 0 255 110
-21.956 -45.330 1.188 0 255 131
-21.309 -45.801 0.847 0 255 114
-21.949 -45.235 1.047 0 0 255
-21.501 -45.781 0.665 0 255 170
-21.843 -45.725 0.973 0 8 255
-21.733 -45.798 0.318 0 255 140
-21.784 -45.697 1.125 0 59 255
-21.892 -45.445 1.120 0 0 255
-21.776 -45.749 1.060 0 255 178
-21.589 -45.866 0.383 0 255 170
-21.510 -45.876 0.517 0 255 140
-21.333 -45.817 0.893 0 170 255
-21.534 -45.762 1.162 0 8 255
-21.941 -45.510 1.158 0 255 182
-21.614 -45.716 1.098 0 136 255
-21.941 -45.296 1.255 0 8 255
-22.093 -45.675 0.392 0 255 144
-21.863 -45.455 1.222 0 8 255
-21.625 -45.677 1.268 0 0 255
-21.573 -45.542 1.154 0 255 144
-21.478 -45.479 1.186 0 25 255
-21.948 -45.486 1.184 0 255 178
-21.731 -45.784 1.241 0 0 255
-21.785 -45.842 0.318 0 255 170
-21.333 -45.830 0.691 0 8 255
-21.962 -45.854 0.318 0 255 170
-22.036 -45.304 0.172 0 255 182
-21.777 -44.797 0.191 0 255 140
-21.827 -45.768 1.136 0 255 199
-21.955 -45.383 1.262 0 51 255
-21.925 -45.386 1.248 0 0 255
-21.754 -45.492 0.227 0 255 144
-21.667 -45.811 0.966 0 187 255
-21.551 -45.813 0.525 0 255 153
-21.761 -45.739 1.092 0 255 208
-21.753 -45.772 1.129 0 76 255
-21.774 -45.660 1.201 0 255 161
-22.025 -45.250 0.992 0 0 255
-22.080 -45.054 0.223 0 255 136
-21.657 -45.865 0.545 0 0 255
-21.704 -45.779 1.067 0 51 255
-22.255 -45.009 0.191 0 255 161
-21.277 -45.828 0.929 0 102 255
-22.013 -45.253 1.032 0 34 255
-21.499 -45.794 0.673 0 255 170
-21.929 -45.276 1.229 0 68 255
-21.284 -45.759 0.885 0 255 212
-21.934 -45.364 1.178 0 255 208
-21.231 -45.817 0.982 0 255 127
-21.769 -45.846 0.874 0 170 255
-21.631 -45.594 1.209 0 255 221
-21.274 -45.804 0.890 0 255 153
-21.726 -45.780 1.069 0 59 255
-21.768 -45.453 1.081 0 0 255
-21.670 -45.924 0.800 0 255 182
-21.694 -45.649 0.934 0 8 255
-21.750 -45.795 1.132 0 34 255
-21.194 -45.909 1.241 0 255 199
-22.204 -45.356 0.252 0 255 140
-21.749 -45.860 0.932 0 255 157
-21.840 -45.628 1.188 0 0 255
-22.205 -45.485 0.279 0 255 140
-21.802 -45.828 0.916 0 0 255
-21.873 -45.760 0.450 0 255 131
-21.264 -45.853 0.823 0 255 119
-21.771 -45.732 1.197 0 255 123
-21.885 -45.656 1.156 0 17 255
-21.903 -45.292 1.006 0 0 255
-22.224 -45.272 0.272 0 255 144
-21.403 -45.790 0.850 0 0 255
-21.913 -45.708 0.329 0 255 114
-21.827 -45.122 0.175 0 255 127
-21.740 -44.919 0.246 0 255 136
-21.234 -45.842 1.083 0 170 255
-21.985 -45.375 1.156 0 255 182
-21.509 -45.896 0.751 0 0 255
-21.719 -45.775 1.123 0 255 178
-21.940 -45.255 1.105 0 59 255
-21.797 -45.483 1.074 0 8 255
-21.538 -45.573 0.280 0 255 114
-21.969 -45.283 1.088 0 0 255
-21.730 -45.843 0.957 0 42 255
-21.810 -45.679 1.206 0 8 255
-21.945 -45.378 1.172 0 59 255
-21.305 -45.803 0.699 0 221 255
-21.646 -45.693 1.236 0 255 191
-21.833 -45.784 0.939 0 0 255
-21.804 -45.767 1.001 0 170 255
-21.896 -45.590 1.067 0 136 255
-21.850 -45.428 0.261 0 255 148
-21.784 -45.795 0.946 0 68 255
-21.695 -45.459 0.201 0 255 136
-21.756 -45.524 0.237 0 255 161
-21.647 -45.835 0.405 0 255 119
-21.843 -45.698 1.143 0 0 255
-21.665 -45.880 0.838 0 0 255
-21.348 -45.764 0.897 0 255 225
-21.926 -45.336 1.262 0 0 255
-21.617 -45.707 1.166 0 68 255
-21.858 -45.706 1.027 0 161 255
-21.432 -45.825 0.757 0 153 255
-21.794 -45.873 0.281 0 255 136
-21.982 -45.257 0.987 0 0 255
-21.349 -45.813 0.957 0 0 255
-21.877 -45.870 0.363 0 255 153
-21.878 -45.848 0.877 0 110 255
-21.790 -45.866 1.004 0 0 255
