-1.472 -38.344 0.758 0 255 229
-1.558 -38.851 1.161 0 255 174
-1.442 -38.301 1.231 0 255 170
-0.256 -35.888 0.944 0 255 238
-0.298 -35.965 1.015 0 255 195
-1.179 -36.556 2.078 0 102 255
-1.271 -36.544 1.295 0 255 204
-1.440 -38.243 1.356 0 255 221
-0.904 -35.881 1.734 0 255 225
-0.290 -35.789 0.834 0 246 255
-1.327 -36.830 1.407 0 255 136
-1.353 -37.800 1.552 0 255 191
-1.162 -35.598 0.888 0 255 165
-1.343 -37.740 1.892 0 0 255
-1.390 -38.051 1.472 0 255 255
-0.456 -35.816 0.994 0 255 250
-1.337 -37.302 1.388 0 204 255
-1.612 -39.153 0.817 0 0 255
-1.342 -37.476 1.028 0 255 212
-1.334 -37.483 1.869 0 68 255
-1.331 -37.171 1.404 0 178 255
-1.178 -36.237 1.660 0 255 110
-1.604 -38.981 0.511 0 0 255
-1.234 -35.589 0.481 0 255 161
-1.167 -35.751 1.279 0 255 157
-1.372 -37.516 1.217 0 255 153
-1.218 -36.959 2.074 0 255 250
-0.108 -35.803 0.848 0 17 255
-1.321 -36.915 0.968 0 119 255
-0.867 -35.680 0.736 0 170 255
-1.245 -35.730 0.879 0 255 233
-1.386 -37.068 1.070 0 221 255
-1.204 -35.593 0.917 0 255 174
-1.390 -37.111 1.120 0 255 250
-1.660 -39.492 0.670 0 255 233
-1.225 -36.608 1.710 0 255 157
-0.387 -35.427 0.583 0 255 221
-1.379 -36.003 0.386 0 255 102
-1.305 -36.813 1.368 0 255 225
-0.590 -35.741 1.215 0 255 178
-1.300 -36.520 0.701 0 187 255
-0.317 -35.888 0.939 0 255 246
-1.221 -36.456 1.739 0 0 255
-0.642 -35.761 1.395 0 255 204
-1.422 -37.842 0.673 0 153 255
-1.078 -35.501 0.676 0 229 255
-0.674 -36.552 1.938 0 51 255
-1.146 -36.601 2.191 0 255 221
-1.355 -37.916 1.629 0 255 187
-1.066 -35.654 1.471 0 255 212
-1.287 -36.906 1.512 0 255 153
-1.433 -36.984 0.159 0 255 216
-1.203 -35.949 1.047 0 246 255
-0.455 -36.183 1.482 0 17 255
-1.156 -36.143 1.581 0 255 161
-1.180 -35.843 1.344 0 255 195
-0.797 -35.431 0.586 0 127 255
-1.440 -38.281 1.773 0 238 255
-0.360 -36.119 1.160 0 195 255
-1.488 -38.205 1.063 0 238 255
-1.222 -36.617 1.755 0 255 157
-1.334 -35.884 0.481 0 255 199
-1.588 -39.283 0.979 0 255 242
-1.624 -38.962 0.337 0 255 212
-0.903 -35.677 1.459 0 255 221
-0.929 -35.386 0.328 0 255 208
-1.190 -36.344 1.689 0 255 144
-1.301 -36.099 0.606 0 255 174
-1.497 -38.559 1.243 0 0 255
-1.473 -38.496 1.152 0 255 131
-0.842 -35.998 1.773 0 255 229
-1.427 -38.338 1.576 0 255 255
-1.628 -37.186 0.234 0 255 131
-1.206 -36.158 1.021 0 161 255
-1.399 -37.000 1.048 0 187 255
-1.014 -36.166 1.975 0 255 182
-1.255 -35.811 0.768 0 255 199
-1.337 -37.105 1.437 0 229 255
-0.477 -35.844 1.004 0 255 221
-1.284 -36.265 0.892 0 178 255
-1.223 -36.802 1.977 0 255 110
-0.434 -35.462 0.609 0 170 255
-1.426 -37.417 0.198 0 255 191
-0.303 -35.985 1.040 0 255 216
-0.210 -36.151 1.143 0 212 255
-1.593 -39.074 0.793 0 255 191
-1.427 -36.773 0.566 0 255 157
-0.707 -35.734 0.892 0 255 131
-1.395 -36.557 0.574 0 255 182
-0.488 -35.818 1.017 0 255 216
-1.200 -36.184 1.284 0 238 255
-1.350 -37.404 1.822 0 255 191
-1.677 -37.194 0.165 0 255 157
-1.021 -35.373 0.556 0 255 199
-1.308 -36.971 1.513 0 255 161
-1.550 -38.389 0.636 0 0 255
-1.305 -36.755 1.082 0 255 170
-0.954 -35.683 1.535 0 255 182
-0.932 -35.822 1.684 0 255 212
-1.419 -38.106 1.121 0 255 187
-1.594 -39.385 1.199 0 17 255
-1.319 -37.170 1.765 0 255 250
-0.172 -35.592 0.447 0 255 131
-1.527 -38.854 1.186 0 255 212
-1.542 -39.209 1.222 0 255 242
-1.239 -37.279 2.008 0 0 255
-1.395 -37.237 0.987 0 144 255
-0.823 -35.724 0.787 0 255 182
-1.179 -35.440 0.416 0 255 165
-1.722 -39.751 0.289 0 8 255
-1.299 -36.064 0.683 0 255 199
-1.262 -37.512 1.994 0 255 212
-0.835 -36.032 1.794 0 255 199
-1.141 -35.972 1.579 0 212 255
-1.062 -35.622 0.800 0 255 195
-1.526 -38.788 0.963 0 255 204
-1.535 -38.394 0.554 0 255 199
-0.795 -35.876 1.574 0 255 195
-1.315 -36.740 1.186 0 255 165
-1.344 -37.727 1.793 0 255 225
-1.409 -38.057 1.141 0 255 229
-1.332 -37.983 1.937 0 246 255
-0.873 -35.665 1.020 0 255 170
-1.703 -39.367 0.476 0 255 204
-1.451 -38.358 1.299 0 255 157
-1.267 -36.763 1.477 0 255 229
-1.524 -38.680 1.109 0 178 255
-1.364 -37.604 0.963 0 255 178
-1.413 -36.886 0.725 0 255 199
-1.056 -35.635 0.795 0 255 216
-0.610 -36.848 2.025 0 195 255
-0.305 -35.938 0.988 0 255 233
-1.348 -36.728 0.921 0 212 255
-1.657 -39.030 0.340 0 17 255
-1.079 -35.819 1.681 0 255 187
-0.845 -35.700 0.176 0 255 199
-0.354 -35.640 0.386 0 255 204
-0.956 -36.679 2.185 0 255 242
-1.471 -38.330 1.557 0 246 255
-1.304 -36.982 1.842 0 0 255
-1.412 -37.254 0.834 0 255 246
-0.290 -36.070 1.116 0 178 255
-1.591 -38.934 0.565 0 255 225
-0.677 -35.723 1.323 0 255 157
-0.927 -35.810 1.678 0 255 208
-1.116 -35.651 0.165 0 170 255
-1.663 -39.305 0.820 0 255 182
-1.193 -36.167 1.380 0 255 136
-0.873 -35.535 0.220 0 255 148
-0.617 -36.066 1.545 0 255 229
-0.590 -36.827 2.020 0 255 250
-0.337 -35.579 0.675 0 246 255
-1.215 -36.555 1.756 0 255 140
-1.244 -36.505 1.334 0 255 148
-1.426 -37.644 0.373 0 255 212
-1.387 -36.264 0.261 0 255 161
-1.177 -35.587 0.973 0 0 255
-1.439 -38.167 1.661 0 255 255
-1.378 -37.732 1.221 0 255 148
-1.227 -36.323 1.290 0 255 148
-1.524 -38.127 0.314 0 255 250
-1.264 -36.372 0.835 0 255 229
-0.754 -35.286 0.188 0 255 102
-0.981 -35.559 0.702 0 255 229
-1.348 -37.414 1.903 0 204 255
-1.323 -37.390 1.942 0 255 238
-1.384 -36.041 0.274 0 255 131
-1.176 -36.268 1.690 0 255 140
-1.440 -38.503 1.554 0 255 225
-0.326 -35.883 0.933 0 255 255
-1.562 -38.400 0.347 0 255 233
-1.440 -36.887 0.498 0 238 255
-1.318 -36.431 0.611 0 255 212
-0.613 -35.752 1.148 0 255 170
-0.574 -35.751 1.200 0 255 182
-1.225 -35.808 0.904 0 255 229
-1.530 -37.428 0.268 0 195 255
-0.266 -35.461 0.581 0 255 238
-1.293 -36.196 0.804 0 255 216
-1.195 -36.733 2.121 0 255 165
-1.481 -38.414 1.055 0 0 255
-1.315 -35.741 0.468 0 161 255
-1.001 -35.651 0.825 0 246 255
-1.386 -38.011 1.600 0 255 242
-1.544 -39.229 1.395 0 25 255
-1.098 -35.694 1.504 0 255 195
-1.091 -35.626 1.045 0 255 148
-1.674 -39.418 0.835 0 85 255
-0.822 -35.331 0.449 0 110 255
-1.546 -38.724 0.741 0 255 136
-1.406 -37.882 0.779 0 255 140
-1.769 -37.194 0.202 0 255 131
-1.475 -36.190 0.152 0 255 153
-1.385 -37.994 1.454 0 204 255
-1.109 -35.657 1.530 0 255 191
-1.412 -38.013 1.273 0 255 161
-1.066 -35.347 0.369 0 255 221
-1.252 -36.446 1.331 0 246 255
-1.264 -36.263 1.001 0 170 255
-1.498 -38.421 0.849 0 0 255
-1.427 -38.209 1.320 0 255 153
-0.318 -36.178 1.298 0 246 255
-1.120 -35.737 1.524 0 255 161
-1.391 -38.202 1.734 0 255 195
-1.180 -36.134 1.368 0 255 153
-1.038 -35.656 1.370 0 255 161
-1.619 -39.519 0.929 0 255 170
-1.290 -37.128 1.702 0 255 221
-1.086 -35.765 1.605 0 255 161
-0.436 -35.897 1.179 0 255 221
-1.414 -37.045 0.753 0 255 225
-1.058 -35.580 0.729 0 238 255
-0.458 -35.818 1.109 0 255 250
-1.232 -36.543 1.508 0 255 144
-1.534 -38.171 0.374 0 255 250
-1.362 -38.162 1.898 0 255 195
-1.375 -36.920 1.287 0 102 255
-1.745 -37.310 0.267 0 255 187
-1.264 -36.596 1.448 0 255 114
-1.487 -38.546 1.298 0 8 255
-1.455 -38.204 0.889 0 255 140
-1.579 -38.676 0.506 0 255 191
-1.400 -38.174 1.558 0 255 187
-0.249 -35.589 0.685 0 255 255
-1.295 -36.885 1.480 0 255 229
-1.535 -38.584 0.946 0 204 255
-0.633 -35.695 0.759 0 204 255
-1.100 -35.683 1.275 0 255 161
-1.044 -35.626 1.362 0 255 153
-1.348 -37.784 1.667 0 170 255
-1.483 -36.589 0.206 0 255 208
-1.585 -39.004 0.410 0 255 242
-1.285 -36.611 1.112 0 255 208
-1.263 -35.964 0.802 0 255 225
-1.547 -39.036 0.936 0 76 255
-1.580 -38.850 0.388 0 255 255
-0.475 -35.977 1.370 0 238 255
-1.336 -37.582 1.680 0 255 174
-1.023 -36.433 2.139 0 255 208
-1.405 -37.831 1.188 0 255 233
-1.228 -36.723 1.634 0 255 199
-1.376 -38.106 1.785 0 255 238
-1.490 -38.393 0.747 0 255 178
-1.421 -36.600 0.544 0 255 212
-1.373 -37.024 1.113 0 255 199
-0.266 -35.925 0.974 0 255 250
-1.500 -38.334 0.721 0 255 208
-1.210 -35.936 1.050 0 255 255
-1.496 -38.604 1.131 0 229 255
-1.220 -35.616 0.186 0 51 255
-1.736 -39.321 0.331 0 255 195
-0.227 -35.497 0.556 0 255 238
-1.249 -36.636 1.573 0 255 119
-1.626 -38.995 0.436 0 255 199
-1.332 -37.216 1.535 0 68 255
-1.606 -38.835 0.329 0 0 255
-1.554 -39.317 1.345 0 255 216
-1.683 -39.721 0.539 0 34 255
-1.264 -36.556 1.204 0 255 233
-1.444 -38.133 0.837 0 255 153
-1.750 -39.451 0.461 0 255 242
-1.216 -36.443 1.573 0 255 187
-1.403 -38.222 1.767 0 0 255
-1.674 -39.560 0.522 0 255 204
-0.754 -35.708 0.903 0 255 157
-1.201 -36.184 1.234 0 255 119
-1.407 -36.834 0.671 0 255 165
-0.870 -35.681 1.166 0 255 144
-1.268 -36.200 0.814 0 246 255
-1.391 -37.103 1.095 0 255 229
-1.356 -38.090 1.801 0 255 195
-1.277 -36.873 1.647 0 255 178
-1.509 -38.402 1.031 0 255 140
-1.302 -35.950 0.518 0 255 242
-1.653 -39.097 0.268 0 0 255
-1.325 -36.571 0.886 0 246 255
-1.489 -38.493 0.921 0 255 195
-1.146 -36.011 1.502 0 255 170
-1.171 -36.084 1.640 0 212 255
-0.958 -36.158 1.993 0 255 191
-1.406 -36.499 0.434 0 255 204
-1.235 -36.953 1.993 0 255 255
-1.153 -36.456 2.011 0 255 127
-1.377 -37.671 0.896 0 212 255
-0.735 -36.624 2.041 0 255 233
-1.480 -38.377 0.892 0 0 255
-0.578 -35.615 0.688 0 255 250
-1.191 -35.990 1.089 0 255 204
-0.722 -35.887 1.617 0 255 204
-1.576 -38.455 0.475 0 0 255
-1.293 -35.685 0.414 0 255 182
-1.305 -36.501 0.674 0 255 250
-1.038 -35.605 1.203 0 255 229
-1.164 -36.064 1.482 0 255 106
-0.230 -35.944 0.992 0 255 204
-1.306 -37.017 1.620 0 255 136
-0.998 -36.563 2.174 0 255 242
-1.443 -36.925 0.607 0 255 208
-1.586 -38.746 0.248 0 0 255
-1.551 -38.827 0.790 0 255 250
-1.500 -38.104 0.322 0 195 255
-1.576 -39.237 1.190 0 255 204
-1.323 -35.705 0.218 0 255 178
-1.245 -37.913 2.008 0 0 255
-1.215 -36.276 1.280 0 255 161
-1.475 -36.587 0.198 0 255 174
-0.316 -36.055 1.157 0 255 255
-1.485 -38.411 0.815 0 255 144
-1.190 -36.445 1.840 0 238 255
-1.181 -35.718 1.103 0 0 255
-1.316 -36.845 1.314 0 255 165
-0.673 -35.965 1.566 0 255 233
-1.110 -35.451 0.588 0 255 144
-1.344 -35.906 0.200 0 255 148
-1.459 -36.687 0.405 0 255 136
-1.548 -38.843 0.534 0 255 182
-1.663 -39.165 0.463 0 0 255
-1.583 -38.968 0.556 0 255 250
-1.281 -36.568 1.172 0 255 127
-1.182 -36.241 1.626 0 255 131
-1.136 -36.315 2.080 0 255 221
-0.653 -36.165 1.777 0 255 255
-1.389 -38.240 1.854 0 0 255
-1.358 -37.640 1.347 0 255 187
-1.181 -35.785 1.303 0 255 199
-1.347 -37.905 1.933 0 255 161
-1.673 -39.373 0.663 0 187 255
-0.480 -36.142 1.587 0 255 208
-1.306 -36.992 1.566 0 255 127
-1.332 -37.636 1.729 0 255 225
-0.823 -35.740 0.783 0 255 204
-1.409 -37.654 0.572 0 255 221
-0.837 -36.506 2.056 0 255 255
-1.502 -38.743 1.420 0 255 191
-0.641 -35.749 1.219 0 255 182
-1.152 -36.143 1.433 0 195 255
-1.290 -37.101 1.709 0 255 255
-1.370 -37.012 1.045 0 255 199
-0.944 -35.650 1.330 0 255 140
-1.555 -39.122 1.233 0 8 255
-1.305 -36.546 1.066 0 102 255
-1.469 -38.126 0.649 0 255 165
-0.701 -36.122 1.788 0 255 233
-1.082 -35.886 1.670 0 255 233
-1.180 -36.132 1.642 0 255 246
-1.297 -36.872 1.375 0 255 225
-1.319 -36.568 0.703 0 255 195
-1.549 -38.632 0.524 0 255 250
-0.483 -36.350 1.757 0 204 255
-1.392 -38.169 1.739 0 255 161
-0.154 -36.020 0.961 0 0 255
-0.937 -35.644 1.423 0 255 165
-1.436 -36.720 0.474 0 255 250
-1.524 -38.708 0.859 0 255 170
-1.539 -38.367 0.680 0 212 255
-1.338 -37.399 1.579 0 110 255
-1.367 -35.999 0.220 0 255 153
-1.110 -35.652 1.204 0 229 255
-1.292 -36.816 1.364 0 255 140
-1.443 -37.005 0.607 0 255 208
-1.457 -38.554 1.188 0 255 250
-1.633 -39.615 0.868 0 42 255
-0.564 -36.598 1.883 0 187 255
-1.124 -36.619 2.221 0 136 255
-1.660 -39.293 0.699 0 229 255
-1.346 -37.488 1.284 0 221 255
-1.522 -38.805 1.256 0 25 255
-1.637 -39.638 0.774 0 255 208
-1.689 -39.426 0.593 0 34 255
-1.432 -36.807 0.279 0 255 182
-1.462 -36.478 0.180 0 255 161
-1.563 -38.465 0.384 0 255 238
-1.585 -39.417 0.922 0 255 242
-1.161 -36.040 1.504 0 255 119
-0.965 -35.649 0.848 0 255 182
-1.549 -38.375 0.593 0 255 255
-1.148 -35.599 1.092 0 255 204
-0.603 -35.748 0.774 0 255 221
-1.312 -37.270 1.887 0 255 216
-1.453 -37.866 0.430 0 178 255
-1.132 -36.239 1.859 0 246 255
-1.647 -39.411 0.799 0 0 255
-1.397 -36.619 0.626 0 255 238
-1.395 -38.168 1.743 0 255 148
-0.988 -35.991 1.829 0 238 255
-1.107 -35.616 1.284 0 255 191
-1.237 -36.675 1.822 0 238 255
-1.003 -35.371 0.473 0 255 233
-1.369 -37.302 1.115 0 255 255
-1.573 -38.978 0.532 0 229 255
-1.204 -36.867 2.184 0 0 255
-1.171 -36.676 2.248 0 17 255
-1.295 -37.030 1.748 0 255 119
-1.686 -39.643 0.353 0 8 255
-1.593 -38.799 0.645 0 255 165
-1.316 -35.763 0.420 0 255 153
-1.217 -36.281 1.223 0 255 165
-1.340 -37.438 1.269 0 246 255
-1.306 -36.543 0.728 0 255 233
-1.305 -36.692 1.163 0 255 119
-1.217 -36.455 1.693 0 255 255
-1.544 -39.081 0.919 0 255 255
-0.968 -36.475 2.122 0 204 255
-1.108 -36.039 1.883 0 255 212
-1.332 -36.612 0.866 0 255 204
-1.541 -38.764 0.927 0 255 242
-1.546 -38.742 0.942 0 255 119
-1.464 -38.318 1.047 0 0 255
-1.262 -37.112 1.976 0 255 187
-1.404 -37.423 0.506 0 255 212
-1.473 -38.578 1.238 0 255 161
-1.358 -36.592 0.898 0 93 255
-1.197 -36.808 2.182 0 255 178
-1.151 -35.910 1.443 0 212 255
-1.211 -35.501 0.337 0 0 255
-1.250 -36.419 1.178 0 255 153
-1.362 -36.945 1.099 0 255 178
-1.503 -38.596 0.862 0 255 187
-1.406 -37.716 1.147 0 255 144
-1.535 -38.839 0.837 0 255 246
-1.474 -38.280 0.812 0 0 255
-1.060 -36.324 2.119 0 255 187
-1.405 -36.425 0.249 0 255 153
-1.289 -37.044 1.801 0 255 161
-0.877 -35.647 1.235 0 255 157
-0.827 -35.711 1.489 0 255 157
-1.410 -37.206 0.272 0 255 216
-1.230 -36.592 1.743 0 238 255
-1.356 -37.402 1.710 0 255 238
-1.202 -35.883 1.120 0 170 255
-1.244 -35.986 0.815 0 195 255
-0.302 -36.155 1.269 0 255 229
-0.476 -36.252 1.656 0 204 255
-1.401 -37.327 0.770 0 187 255
-0.655 -35.939 1.618 0 255 216
-1.622 -39.476 1.038 0 25 255
-1.678 -39.617 0.555 0 255 170
-1.405 -37.306 0.351 0 255 208
-1.383 -37.232 1.188 0 255 204
-1.369 -36.067 0.361 0 255 153
-0.618 -35.359 0.550 0 255 255
-1.433 -37.807 0.641 0 255 242
-1.200 -36.731 2.096 0 255 140
-1.360 -37.182 1.486 0 59 255
-0.859 -35.708 1.397 0 255 165
-0.932 -35.699 0.876 0 255 161
-1.445 -37.876 0.669 0 238 255
-1.413 -38.038 1.258 0 255 140
-1.175 -36.504 1.909 0 255 136
-1.102 -35.636 1.450 0 255 246
-1.546 -38.259 0.345 0 255 221
-1.447 -36.786 0.426 0 229 255
-1.567 -39.124 0.882 0 255 212
-1.555 -39.171 1.322 0 8 255
-1.613 -38.906 0.346 0 0 255
-0.810 -35.924 1.686 0 255 233
-1.603 -39.259 1.038 0 212 255
-1.542 -39.113 1.082 0 255 212
-1.423 -38.210 1.895 0 110 255
-1.524 -38.992 1.446 0 255 229
-1.523 -38.059 0.227 0 255 195
-1.123 -35.595 1.030 0 255 136
-1.175 -36.140 1.364 0 255 140
-0.751 -35.675 0.730 0 255 250
-1.464 -38.370 1.254 0 0 255
-1.336 -37.696 1.663 0 255 195
-1.343 -37.568 1.520 0 255 191
-1.398 -39.170 1.488 0 246 255
-0.940 -35.702 1.526 0 255 161
-1.312 -36.557 0.998 0 255 191
-1.180 -35.748 1.233 0 255 204
-1.406 -37.142 0.231 0 170 255
-1.103 -35.653 1.317 0 255 174
-1.258 -36.386 0.984 0 255 246
-0.804 -35.694 1.120 0 255 144
-1.332 -37.548 1.683 0 255 178
-1.203 -35.802 1.118 0 212 255
-1.411 -38.155 1.516 0 255 199
-1.216 -36.600 1.989 0 255 250
-1.350 -37.465 0.990 0 255 153
-1.692 -39.592 0.312 0 17 255
-1.227 -36.725 1.867 0 255 153
-0.602 -35.962 1.535 0 255 250
-1.703 -39.315 0.299 0 255 131
-1.068 -35.618 1.039 0 255 144
-1.324 -37.014 1.541 0 255 191
-1.425 -37.036 0.365 0 255 242
-1.422 -37.024 0.750 0 255 204
-0.929 -35.649 1.301 0 255 144
-1.348 -37.769 1.849 0 255 191
-1.229 -35.816 0.770 0 255 204
-1.602 -39.125 0.796 0 178 255
-1.566 -38.952 0.936 0 0 255
-1.432 -38.258 1.286 0 0 255
-1.216 -36.446 1.676 0 255 123
-1.524 -39.036 1.241 0 246 255
-1.263 -35.823 0.726 0 255 204
-1.139 -35.813 1.417 0 255 199
-0.519 -36.036 1.489 0 255 233
-1.514 -38.866 1.308 0 255 216
-1.284 -37.004 1.767 0 255 144
-1.620 -39.181 0.780 0 255 250
-1.391 -37.883 1.214 0 221 255
-1.364 -37.930 1.593 0 255 191
-0.521 -35.979 1.451 0 255 250
-1.280 -36.643 1.306 0 255 148
-0.982 -35.920 1.754 0 255 212
-1.540 -38.660 0.889 0 255 246
-1.155 -36.258 1.833 0 255 127
-1.452 -36.897 0.419 0 0 255
-1.263 -36.433 0.912 0 229 255
-1.568 -38.532 0.349 0 246 255
-1.559 -38.445 0.568 0 153 255
-1.177 -36.328 1.663 0 255 148
-0.593 -35.742 0.895 0 255 153
-1.175 -36.142 1.516 0 255 131
-1.314 -35.806 0.518 0 246 255
-1.373 -37.251 1.343 0 255 187
-1.505 -38.674 1.509 0 255 208
-1.011 -35.662 1.480 0 255 208
-1.232 -35.781 1.152 0 255 250
-1.409 -38.042 1.328 0 0 255
-0.793 -35.703 1.204 0 255 148
-1.061 -35.539 0.245 0 255 233
-1.350 -38.015 1.956 0 255 178
-1.416 -37.307 1.641 0 42 255
-1.616 -39.048 0.574 0 255 229
-1.340 -36.716 0.993 0 221 255
-1.522 -38.036 0.331 0 255 212
-1.174 -36.122 1.606 0 255 229
-1.494 -38.052 0.304 0 204 255
-0.832 -36.076 1.801 0 255 238
-1.641 -39.477 0.728 0 255 225
-1.213 -35.670 0.892 0 255 114
-1.267 -35.648 0.397 0 255 195
-1.133 -36.225 1.887 0 255 140
-1.436 -37.834 0.648 0 59 255
-1.556 -39.067 0.905 0 8 255
-0.891 -36.085 1.880 0 255 216
-1.017 -35.658 1.503 0 255 178
-1.555 -38.733 0.360 0 0 255
-1.443 -38.367 1.036 0 255 110
-1.619 -39.390 0.841 0 255 187
-0.930 -35.686 1.609 0 255 238
-1.311 -35.715 0.217 0 255 250
-1.077 -36.128 1.962 0 255 204
-0.516 -36.099 1.553 0 255 250
-0.440 -36.183 1.487 0 255 242
-1.645 -38.912 0.294 0 255 199
-0.892 -35.681 0.907 0 255 165
-1.350 -36.952 0.979 0 255 250
-1.558 -38.666 0.861 0 246 255
-1.223 -35.573 0.439 0 212 255
-1.403 -37.216 0.992 0 102 255
-0.407 -35.824 0.195 0 255 29
-1.357 -36.963 1.143 0 255 187
-1.337 -36.554 0.760 0 255 204
-1.426 -37.787 0.634 0 42 255
-1.456 -37.812 0.246 0 144 255
-1.625 -38.992 0.737 0 221 255
-1.327 -36.998 1.429 0 255 131
-0.876 -35.940 1.731 0 255 221
-1.538 -38.837 0.345 0 178 255
-1.558 -38.814 0.713 0 0 255
-1.482 -36.642 0.392 0 255 140
-1.360 -37.050 1.073 0 204 255
-1.382 -37.918 1.214 0 255 161
-1.347 -37.694 1.469 0 255 212
-1.364 -37.239 1.566 0 255 255
-1.418 -37.971 0.858 0 255 140
-0.782 -35.706 1.172 0 255 153
-0.976 -36.556 2.208 0 255 255
-1.323 -37.464 1.592 0 110 255
-1.195 -36.597 2.061 0 255 161
-0.873 -36.160 1.933 0 255 187
-1.179 -36.163 1.566 0 255 216
-1.472 -38.573 1.469 0 255 242
-1.266 -36.451 1.048 0 255 212
-1.437 -38.360 1.285 0 255 208
-1.564 -38.386 0.467 0 0 255
-1.329 -37.759 1.614 0 255 250
-1.493 -37.989 0.442 0 255 250
-1.345 -37.499 0.786 0 255 178
-1.567 -38.419 0.440 0 204 255
-1.580 -39.214 1.217 0 153 255
-1.498 -38.198 0.595 0 170 255
-1.315 -35.827 0.465 0 255 242
-1.278 -36.287 0.821 0 170 255
-1.708 -39.453 0.803 0 0 255
-1.195 -36.762 2.070 0 246 255
-0.251 -35.654 0.736 0 255 233
-1.329 -36.817 1.289 0 255 174
-0.511 -36.606 1.870 0 85 255
-1.426 -38.255 1.478 0 255 216
-1.679 -39.803 0.489 0 34 255
-1.212 -35.644 0.851 0 255 216
-1.101 -36.048 1.889 0 255 187
-0.847 -35.676 1.292 0 255 144
-1.311 -36.649 1.238 0 238 255
-1.308 -36.539 0.849 0 255 250
-1.322 -36.848 1.285 0 255 233
-1.533 -39.051 1.176 0 212 255
-1.251 -35.723 0.638 0 255 221
-1.463 -38.685 1.489 0 85 255
-1.447 -37.253 0.463 0 187 255
-1.465 -38.500 1.498 0 0 255
-1.633 -39.464 0.904 0 76 255
-1.391 -37.073 1.177 0 255 221
-0.429 -35.832 0.900 0 255 216
-1.248 -36.288 1.300 0 136 255
-1.694 -39.393 0.581 0 255 191
-1.095 -36.656 2.185 0 161 255
-1.210 -36.793 2.128 0 0 255
-1.224 -36.667 1.630 0 255 216
-1.281 -36.682 1.429 0 255 216
-1.250 -35.703 0.638 0 255 161
-1.596 -39.023 0.728 0 255 250
-0.993 -35.647 1.010 0 255 153
-1.379 -37.566 1.049 0 255 174
-1.468 -38.071 0.915 0 255 148
-1.560 -39.112 1.056 0 255 221
-1.373 -37.486 0.303 0 68 255
-0.790 -36.762 2.151 0 0 255
-0.293 -35.905 0.932 0 255 242
-1.151 -36.120 1.693 0 255 165
-0.938 -35.642 1.441 0 255 148
-1.393 -36.500 0.486 0 255 204
-0.758 -35.466 0.614 0 110 255
-1.154 -36.218 1.784 0 255 127
-1.148 -36.575 2.161 0 255 238
-1.407 -37.687 0.661 0 255 233
-1.660 -38.941 0.213 0 255 246
-1.450 -37.674 0.311 0 187 255
-1.594 -39.263 1.062 0 255 255
-1.431 -38.166 1.335 0 255 191
-1.543 -38.830 1.029 0 0 255
-1.199 -35.544 0.519 0 255 221
-1.443 -38.347 1.798 0 110 255
-1.647 -39.547 0.690 0 0 255
-0.610 -36.069 1.683 0 255 233
-1.622 -39.323 0.939 0 246 255
-1.569 -38.539 0.346 0 0 255
-1.177 -36.205 1.504 0 255 153
-1.266 -36.675 1.364 0 255 136
-1.449 -38.343 1.432 0 0 255
-0.960 -35.674 1.234 0 255 161
-1.136 -36.132 1.738 0 255 153
-1.014 -35.717 1.582 0 255 221
-1.336 -36.614 0.916 0 255 216
-0.892 -35.904 1.741 0 255 174
-0.137 -35.979 0.168 0 255 123
-0.570 -35.748 1.044 0 255 165
-1.423 -37.990 1.101 0 255 208
-0.808 -35.698 1.476 0 255 144
-1.371 -38.072 1.599 0 0 255
-0.855 -35.685 1.464 0 255 131
-0.760 -35.723 1.462 0 255 204
-1.275 -36.764 1.282 0 204 255
-1.506 -38.218 0.791 0 195 255
-1.100 -36.188 1.911 0 255 191
-0.501 -36.168 1.676 0 221 255
-1.173 -36.180 1.493 0 212 255
-1.612 -39.423 0.807 0 255 238
-1.282 -35.771 0.195 0 255 204
-1.216 -36.541 1.971 0 255 225
-1.538 -38.910 0.883 0 255 204
-0.508 -36.105 1.589 0 255 242
-1.145 -36.010 1.700 0 255 225
-1.502 -36.035 0.217 0 255 131
-1.254 -36.255 0.853 0 221 255
-1.154 -36.338 1.729 0 238 255
-0.288 -35.750 0.800 0 255 255
-1.495 -38.068 0.730 0 255 255
-1.387 -36.182 0.381 0 255 106
-1.294 -36.729 1.344 0 255 127
-1.227 -36.449 1.681 0 255 233
-1.305 -36.710 1.202 0 255 127
-1.261 -36.225 0.882 0 144 255
-1.697 -39.621 0.541 0 17 255
-1.475 -38.490 1.078 0 255 191
-1.617 -38.860 0.287 0 0 255
-1.297 -36.911 1.528 0 255 161
-1.253 -36.437 1.143 0 255 106
-1.249 -36.120 0.824 0 255 250
-1.407 -38.131 1.547 0 0 255
-1.650 -39.356 0.453 0 255 216
-1.767 -39.309 0.416 0 255 161
-1.249 -35.950 0.768 0 212 255
-1.320 -37.852 1.952 0 255 178
-1.522 -38.847 1.018 0 255 250
-1.266 -35.788 0.546 0 255 161
-1.230 -36.451 1.446 0 255 157
-1.413 -37.202 0.383 0 246 255
-1.558 -38.416 0.591 0 255 187
-1.703 -39.809 0.435 0 59 255
-1.436 -38.123 0.740 0 255 153
-1.547 -38.454 0.689 0 0 255
-1.073 -35.795 1.637 0 255 212
-1.481 -38.802 1.242 0 144 255
-1.218 -36.427 1.213 0 204 255
-1.702 -39.117 0.148 0 255 182
-1.408 -37.373 0.319 0 255 233
-1.376 -36.348 0.501 0 238 255
-1.223 -36.559 1.702 0 255 119
-1.402 -37.443 0.252 0 255 191
-0.743 -35.673 1.339 0 255 157
-1.434 -36.774 0.633 0 255 212
-1.257 -35.638 0.539 0 255 148
-1.206 -36.781 2.110 0 255 97
-1.130 -35.432 0.323 0 161 255
-0.877 -36.768 2.203 0 0 255
-1.210 -35.596 0.783 0 255 204
-1.633 -39.079 0.547 0 17 255
-1.427 -38.111 1.169 0 255 233
-0.556 -35.748 0.845 0 255 136
-1.355 -37.818 1.673 0 255 229
-1.237 -36.599 1.625 0 255 148
-1.496 -38.502 0.822 0 255 182
-1.150 -35.420 0.381 0 255 199
-0.877 -35.371 0.318 0 255 191
-1.125 -35.916 1.675 0 255 187
-1.355 -37.269 1.769 0 255 246
-0.813 -35.691 1.232 0 255 136
-1.372 -37.145 1.334 0 246 255
-1.524 -38.689 0.734 0 255 182
-1.480 -38.337 1.284 0 255 212
-1.489 -38.679 1.647 0 255 165
-1.570 -38.681 0.417 0 0 255
-1.289 -35.903 0.699 0 255 225
-0.514 -35.756 1.102 0 255 229
-1.438 -38.117 1.238 0 0 255
-1.447 -36.561 0.275 0 255 148
-1.196 -35.631 0.880 0 255 182
-0.989 -35.477 0.616 0 238 255
-1.210 -36.188 1.149 0 255 131
-1.233 -35.712 0.602 0 212 255
-1.545 -38.774 0.937 0 25 255
-1.414 -38.095 1.186 0 255 153
-1.047 -35.483 0.266 0 221 255
-1.418 -37.130 0.502 0 255 208
-1.148 -35.897 1.515 0 255 140
-1.333 -37.756 1.894 0 255 225
-1.342 -37.503 1.351 0 255 153
-1.390 -36.865 1.146 0 110 255
-1.432 -38.213 1.299 0 255 187
-1.381 -37.327 1.147 0 59 255
-1.576 -38.860 0.785 0 246 255
-1.443 -38.310 1.609 0 0 255
-1.213 -35.775 0.933 0 212 255
-1.449 -36.600 0.466 0 204 255
-0.439 -36.198 1.632 0 255 216
-1.539 -38.703 0.920 0 17 255
-1.361 -36.465 0.566 0 255 187
-1.186 -36.686 2.199 0 144 255
-1.278 -36.823 1.543 0 255 170
-1.223 -37.776 2.013 0 255 221
-1.566 -39.102 0.881 0 255 182
-1.382 -38.059 1.454 0 255 238
-1.099 -36.618 2.234 0 255 233
-0.447 -35.872 1.218 0 161 255
-1.411 -38.087 1.407 0 255 170
-0.912 -35.437 0.586 0 170 255
-1.440 -36.439 0.149 0 255 170
-0.894 -36.298 2.013 0 255 250
-1.450 -39.186 1.456 0 255 233
-1.357 -37.693 1.822 0 255 191
-1.278 -37.154 1.820 0 255 216
-1.649 -39.284 0.648 0 17 255
-1.409 -37.365 0.409 0 255 233
-1.273 -36.572 1.289 0 255 165
-1.535 -39.092 0.941 0 221 255
-1.192 -36.413 1.843 0 255 119
-1.280 -36.543 1.075 0 255 140
-1.562 -39.326 1.391 0 0 255
-1.192 -36.564 1.770 0 255 225
-1.405 -37.896 0.943 0 204 255
-1.330 -37.714 1.887 0 255 212
-1.311 -36.868 1.422 0 255 174
-1.320 -36.798 1.094 0 255 246
-1.783 -39.222 0.304 0 255 161
-1.113 -35.612 1.040 0 255 178
-1.708 -39.384 0.579 0 0 255
-0.897 -35.654 0.969 0 255 174
-1.382 -37.406 0.679 0 34 255
-0.878 -35.794 1.650 0 255 195
-1.605 -38.866 0.775 0 93 255
-1.413 -38.102 1.508 0 255 195
-1.434 -36.998 0.788 0 161 255
-0.543 -36.837 1.986 0 255 225
-1.421 -37.964 0.803 0 255 127
-1.393 -37.926 1.262 0 255 165
-1.194 -36.030 1.061 0 255 208
-1.333 -37.452 1.346 0 255 161
-1.139 -35.840 1.404 0 255 195
-1.382 -37.203 1.263 0 102 255
-1.475 -37.800 0.301 0 255 229
-1.256 -36.401 0.977 0 255 225
-1.452 -37.742 0.416 0 255 212
-1.364 -38.049 1.896 0 255 182
-1.056 -36.715 2.235 0 34 255
-1.517 -37.283 0.186 0 255 170
-1.641 -39.106 0.838 0 144 255
-1.195 -36.083 1.064 0 255 225
-1.729 -37.635 0.156 0 255 144
-1.099 -36.073 1.908 0 255 212
-1.458 -38.186 0.628 0 255 246
-1.322 -35.898 0.407 0 255 216
-1.467 -38.033 0.540 0 204 255
-1.256 -36.899 1.712 0 255 191
-1.243 -36.944 2.068 0 255 246
-1.465 -36.782 0.244 0 255 199
-1.651 -39.360 0.729 0 255 225
-1.302 -36.294 0.698 0 255 255
-1.353 -37.970 1.706 0 255 229
-1.213 -35.616 0.914 0 255 208
-0.799 -35.702 1.496 0 255 157
-0.914 -35.679 0.812 0 255 182
-0.572 -36.196 1.686 0 255 216
-1.330 -36.625 0.965 0 212 255
-0.312 -36.068 1.187 0 255 191
-0.703 -35.972 1.657 0 255 212
-1.139 -36.540 2.160 0 255 170
-1.175 -35.606 0.991 0 255 157
-0.856 -35.708 0.151 0 255 119
-1.239 -36.723 1.709 0 255 195
-1.171 -35.938 1.590 0 255 199
-1.264 -36.861 1.997 0 255 242
-1.220 -36.878 2.077 0 110 255
-0.880 -36.693 2.145 0 153 255
-1.292 -37.161 1.921 0 255 140
-0.871 -35.507 0.626 0 255 255
-0.586 -35.918 1.470 0 221 255
-0.891 -35.393 0.329 0 255 212
-0.644 -35.314 0.508 0 238 255
-1.323 -36.832 1.232 0 255 136
-1.498 -38.075 0.347 0 246 255
-1.700 -38.932 0.150 0 255 199
-1.401 -37.699 0.738 0 255 250
-1.454 -38.033 0.886 0 255 123
-1.226 -36.311 1.981 0 204 255
-1.457 -38.505 1.379 0 255 153
-1.512 -38.657 1.051 0 255 204
-1.256 -35.874 0.742 0 255 174
-1.657 -39.726 0.729 0 8 255
-1.031 -35.775 1.624 0 255 182
-1.021 -35.627 1.077 0 255 148
-1.467 -38.003 0.454 0 255 221
-1.653 -39.800 0.359 0 0 255
-1.161 -36.401 1.905 0 255 144
-1.367 -38.037 1.856 0 255 208
-0.968 -36.310 2.083 0 255 246
0.099 -35.934 0.236 0 0 255
-0.620 -35.738 0.798 0 0 255
-1.391 -37.290 1.160 0 255 221
-1.324 -35.872 0.448 0 255 174
-1.328 -37.390 1.919 0 221 255
-1.165 -35.763 1.254 0 255 187
-1.531 -38.310 0.646 0 255 242
-0.573 -36.120 1.620 0 255 233
-1.388 -36.161 0.217 0 255 165
-0.983 -35.888 1.771 0 255 212
-1.486 -38.413 0.924 0 255 140
-1.429 -36.622 0.570 0 255 182
-1.314 -37.121 1.749 0 221 255
-1.555 -38.933 1.081 0 25 255
-0.510 -36.030 1.480 0 255 221
-0.273 -35.877 0.926 0 255 216
-1.147 -35.638 1.096 0 255 187
-1.400 -37.254 1.057 0 255 238
-1.553 -38.694 0.628 0 255 229
-1.415 -38.408 1.702 0 127 255
-0.997 -35.426 0.153 0 255 140
-1.589 -39.185 0.968 0 25 255
-1.461 -38.476 1.587 0 0 255
-1.399 -37.786 1.297 0 255 119
-0.091 -35.593 0.687 0 255 238
-1.513 -38.947 0.908 0 255 216
-1.544 -38.947 1.137 0 0 255
-1.448 -36.565 0.408 0 255 204
-1.529 -38.202 0.410 0 144 255
-1.462 -38.501 0.992 0 255 187
-0.739 -35.875 1.591 0 255 225
-1.475 -37.999 0.558 0 178 255
-1.343 -37.612 1.603 0 255 199
-1.399 -37.274 0.920 0 119 255
-1.170 -36.444 1.979 0 255 140
-1.120 -35.789 1.537 0 255 161
-0.933 -36.024 1.826 0 255 187
-1.345 -38.031 1.962 0 255 208
-0.982 -36.426 2.124 0 255 255
-1.413 -37.140 1.053 0 25 255
0.174 -35.984 0.155 0 144 255
-1.217 -36.748 1.964 0 255 106
-1.418 -38.260 1.437 0 221 255
-1.197 -35.770 1.194 0 255 140
-0.690 -35.726 1.136 0 255 157
-1.420 -37.966 0.983 0 255 208
-1.149 -35.916 1.665 0 255 250
-0.503 -35.920 1.335 0 255 216
-1.693 -39.683 0.368 0 0 255
-1.591 -39.280 1.161 0 255 187
-1.610 -37.204 0.149 0 255 161
-1.203 -36.621 1.997 0 255 238
-1.380 -37.247 1.193 0 255 238
-1.656 -39.018 0.390 0 178 255
-1.401 -37.324 0.515 0 25 255
-0.741 -35.305 0.512 0 68 255
-1.162 -36.095 1.297 0 255 165
-0.398 -35.863 1.112 0 255 182
-1.541 -39.047 1.283 0 0 255
-1.114 -35.733 1.466 0 255 242
-1.413 -38.146 0.956 0 212 255
-0.186 -35.714 0.770 0 246 255
-1.239 -36.967 2.092 0 0 255
-0.766 -35.715 1.367 0 255 153
-1.416 -36.215 0.303 0 255 106
-1.408 -37.901 0.764 0 255 178
-1.180 -35.953 1.228 0 255 225
-1.415 -37.788 0.664 0 161 255
-0.863 -35.772 1.547 0 255 221
-1.157 -36.437 2.066 0 255 191
-1.418 -37.130 0.250 0 229 255
-1.366 -38.208 1.948 0 255 255
-1.731 -37.286 0.341 0 255 165
-1.607 -39.215 1.072 0 255 229
-1.161 -35.462 0.459 0 0 255
-1.682 -37.957 0.219 0 255 136
-1.595 -39.357 1.152 0 221 255
-1.241 -36.832 1.891 0 255 119
-1.539 -38.650 0.407 0 238 255
-1.186 -37.034 2.081 0 255 216
-1.327 -36.819 1.009 0 204 255
-0.375 -36.233 1.355 0 212 255
-1.404 -37.906 1.083 0 255 131
-0.457 -35.591 0.698 0 170 255
-1.442 -38.484 1.679 0 255 221
-1.433 -37.079 1.241 0 42 255
-1.240 -36.362 1.027 0 212 255
-1.468 -38.268 0.789 0 255 182
-0.726 -35.707 1.427 0 255 165
-0.705 -35.310 0.438 0 187 255
-1.478 -38.616 1.362 0 255 174
-1.584 -38.919 0.368 0 246 255
-1.461 -37.790 0.538 0 255 216
-0.673 -35.743 1.116 0 255 148
-0.835 -35.674 0.737 0 136 255
-1.028 -35.620 0.985 0 255 161
-1.493 -38.632 1.197 0 8 255
-0.447 -36.135 1.430 0 246 255
-1.104 -36.192 1.924 0 255 170
-1.340 -37.575 1.536 0 255 246
-1.427 -38.177 1.285 0 255 178
-1.228 -36.286 1.087 0 255 221
-1.407 -37.258 0.962 0 255 229
-1.501 -38.536 0.828 0 255 144
-0.546 -35.796 1.248 0 255 242
-0.846 -35.691 1.348 0 255 170
-1.541 -38.767 0.725 0 255 195
-1.704 -36.187 0.150 0 255 144
-1.554 -39.450 1.134 0 170 255
-1.463 -38.180 0.477 0 170 255
-1.391 -36.320 0.428 0 255 204
-1.158 -35.815 1.330 0 255 242
-1.514 -39.117 1.244 0 255 238
-1.372 -37.691 1.346 0 255 208
-1.122 -36.072 1.649 0 204 255
-1.333 -37.599 1.623 0 255 208
-1.339 -36.909 1.163 0 255 148
-1.033 -35.624 0.915 0 255 174
-1.200 -36.422 1.493 0 255 153
-1.231 -36.908 1.975 0 255 195
-1.587 -39.172 1.379 0 0 255
-1.474 -38.570 1.557 0 255 165
-1.448 -37.612 0.336 0 255 208
-0.906 -35.335 0.435 0 255 182
-0.910 -35.693 1.503 0 255 170
-1.702 -39.149 0.148 0 255 212
-1.156 -35.694 1.200 0 255 199
-0.719 -35.705 1.316 0 255 165
-1.586 -38.503 0.458 0 0 255
-1.418 -37.271 0.401 0 212 255
-1.163 -37.712 2.038 0 0 255
-1.611 -39.447 1.092 0 0 255
-1.211 -36.502 1.830 0 255 191
-1.271 -36.437 0.947 0 238 255
-1.436 -36.630 0.563 0 204 255
-1.349 -35.828 0.244 0 255 144
-1.541 -38.864 1.013 0 255 221
-1.279 -36.507 1.236 0 255 250
-1.667 -39.839 0.545 0 0 255
-0.576 -35.749 0.987 0 255 157
-0.616 -36.719 1.948 0 255 255
-1.392 -36.910 0.920 0 212 255
-1.214 -37.718 2.025 0 8 255
-1.064 -35.612 1.085 0 255 170
-1.325 -37.239 1.897 0 255 182
-1.178 -36.668 2.000 0 246 255
-1.435 -36.699 0.541 0 255 195
-1.233 -35.546 0.383 0 255 191
-1.575 -39.166 1.034 0 17 255
-0.475 -35.987 1.390 0 255 229
-1.408 -38.193 1.568 0 0 255
-1.537 -39.097 0.990 0 255 182
-1.461 -37.664 0.393 0 255 250
-0.785 -35.987 1.706 0 255 204
-1.615 -39.543 1.056 0 8 255
-1.166 -35.698 1.165 0 255 229
-1.429 -37.762 0.260 0 255 233
-1.519 -38.247 0.552 0 238 255
-1.436 -38.088 1.420 0 221 255
-1.438 -38.278 1.366 0 255 161
-1.046 -35.764 1.676 0 255 212
-1.395 -38.248 1.941 0 0 255
-1.210 -36.229 1.083 0 255 199
-1.064 -35.621 1.069 0 255 157
-1.388 -37.438 0.685 0 255 199
-1.418 -37.996 1.099 0 255 131
-1.479 -38.454 1.001 0 255 165
-1.220 -35.770 0.913 0 246 255
-1.548 -38.835 0.486 0 255 255
-0.547 -35.763 1.033 0 255 187
-1.418 -36.895 0.796 0 255 187
-0.988 -36.267 2.045 0 255 233
-0.989 -35.620 1.145 0 255 148
-1.394 -38.310 1.872 0 0 255
-1.464 -38.311 0.710 0 255 114
-1.149 -36.161 1.760 0 255 161
-0.902 -35.563 0.239 0 221 255
-0.980 -35.622 1.415 0 255 170
-1.139 -36.382 2.021 0 255 187
-1.520 -38.857 0.684 0 255 242
-1.399 -37.286 0.645 0 161 255
-1.274 -36.508 1.145 0 255 170
-1.356 -37.624 1.437 0 255 140
-1.412 -37.663 0.604 0 229 255
-1.519 -38.872 0.882 0 161 255
-0.670 -36.053 1.704 0 255 233
-1.497 -38.325 0.844 0 255 191
-1.347 -37.226 1.543 0 93 255
-1.301 -36.446 0.663 0 246 255
-1.241 -36.413 1.095 0 255 238
-1.291 -37.079 1.688 0 255 199
-1.393 -36.744 0.875 0 255 233
-1.394 -38.170 1.605 0 255 242
-0.632 -35.739 1.090 0 255 153
-1.329 -36.574 0.729 0 255 204
-1.257 -35.823 0.676 0 255 187
-1.065 -35.418 0.564 0 255 182
-0.628 -36.056 1.533 0 255 225
-1.227 -35.878 1.045 0 255 195
-1.407 -37.029 0.732 0 17 255
-0.919 -35.849 1.728 0 255 208
-1.420 -36.609 0.381 0 255 161
-1.048 -35.641 0.863 0 255 170
-1.294 -35.876 0.802 0 255 208
-1.100 -35.659 1.459 0 255 246
-1.270 -35.788 0.707 0 255 161
