-20.261 -26.880 0.258 0 42 255
-20.183 -27.341 0.202 0 255 157
-19.370 -28.258 0.210 0 8 255
-20.890 -26.943 0.273 0 255 140
-16.867 -27.031 0.172 0 255 148
-20.483 -27.136 0.218 0 255 144
-20.362 -26.979 0.257 0 255 204
-20.674 -27.135 0.227 0 255 161
-16.915 -27.019 0.191 0 255 170
-16.902 -27.099 0.275 0 0 255
-19.855 -27.512 0.172 0 255 178
-18.286 -26.973 0.176 0 17 255
-19.704 -28.690 0.201 0 0 255
-14.123 -26.540 0.165 0 42 255
-16.937 -27.042 0.226 0 25 255
-20.414 -27.358 0.256 0 255 216
-12.786 -26.345 0.186 0 0 255
-16.876 -27.054 0.272 0 0 255
-34.404 -28.160 2.920 0 0 255
-16.919 -27.039 0.256 0 25 255
-20.492 -27.023 0.271 0 255 170
-16.837 -27.060 0.271 0 0 255
-16.822 -27.058 0.239 0 0 255
-19.875 -27.813 0.170 0 255 148
-20.341 -27.471 0.207 0 255 144
-20.394 -27.278 0.207 0 255 191
-34.150 -28.521 2.824 0 51 255
-34.114 -28.640 2.794 0 102 255
-34.148 -28.655 2.803 0 0 255
-34.241 -28.396 2.792 0 59 255
-34.054 -28.641 2.808 0 0 255
-34.191 -28.358 2.822 0 0 255
-34.359 -28.287 2.870 0 0 255
-34.271 -28.360 2.938 0 0 255
-16.830 -27.078 0.170 0 255 161
-16.874 -27.063 0.250 0 0 255
-20.457 -26.885 0.265 0 255 161
-23.626 -26.831 0.180 0 255 161
-22.965 -25.410 0.222 0 255 144
-22.633 -25.670 0.194 0 255 157
-20.801 -26.182 0.295 0 178 255
-20.418 -26.415 0.264 0 255 153
-23.635 -25.181 0.183 0 255 114
-22.584 -25.204 0.212 0 255 195
-23.610 -17.730 0.194 0 8 255
-22.559 -31.260 0.361 0 0 255
-20.702 -28.446 0.377 0 59 255
-21.385 -25.766 0.232 0 255 161
-22.528 -27.936 0.206 0 255 157
-21.945 -27.858 0.226 0 255 157
-21.980 -28.524 0.221 0 255 153
-22.573 -31.283 0.370 0 0 255
-24.813 -29.086 0.211 0 255 221
-22.432 -20.179 0.206 0 8 255
-23.280 -28.141 0.194 0 119 255
-22.136 -26.325 0.251 0 255 178
-21.341 -28.128 0.208 0 255 161
-24.482 -28.887 0.172 0 255 136
-21.781 -29.070 0.215 0 255 140
-25.820 -29.106 0.258 0 255 216
-20.230 -25.233 0.190 0 255 161
-23.454 -27.135 0.194 0 255 157
-22.474 -29.086 0.224 0 255 119
-24.186 -17.918 0.200 0 51 255
-24.615 -29.128 0.196 0 255 165
-22.143 -24.325 0.213 0 255 153
-21.039 -25.596 0.214 0 255 157
-23.717 -27.730 0.184 0 246 255
-23.026 -27.244 0.203 0 255 131
-23.572 -30.449 0.190 0 255 144
-21.217 -30.026 0.254 0 255 119
-22.551 -31.206 0.174 0 0 255
-24.159 -27.264 0.173 0 255 229
-19.660 -24.314 0.187 0 255 144
-23.480 -28.297 0.184 0 255 233
-22.876 -25.443 0.217 0 255 153
-23.523 -25.903 0.184 0 255 153
-23.119 -24.802 0.182 0 255 242
-20.943 -28.208 0.230 0 255 148
-20.555 -27.993 0.192 0 255 165
-23.172 -25.099 0.175 0 255 199
-22.634 -24.608 0.187 0 255 250
-23.555 -27.628 0.200 0 255 233
-19.820 -23.867 0.176 0 255 144
-21.069 -26.577 0.321 0 255 148
-22.785 -26.761 0.251 0 255 127
-21.960 -27.096 0.242 0 255 157
-22.808 -26.806 0.215 0 255 174
-23.465 -29.706 0.272 0 255 42
-22.208 -24.791 0.278 0 255 140
-19.709 -25.646 0.204 0 255 170
-20.785 -28.490 0.217 0 255 144
-21.861 -28.654 0.185 0 255 178
-21.860 -27.873 0.213 0 255 170
-21.554 -26.778 0.273 0 255 153
-22.616 -31.283 0.259 0 153 255
-21.114 -25.308 0.241 0 255 140
-23.909 -27.256 0.179 0 255 170
-22.529 -31.135 0.232 0 0 255
-20.687 -23.888 0.213 0 255 170
-19.342 -28.132 0.222 0 102 255
-22.778 -18.201 0.194 0 17 255
-20.833 -25.173 0.226 0 255 157
-21.770 -29.012 0.187 0 255 161
-24.050 -27.798 0.180 0 255 221
-22.922 -26.706 0.214 0 255 148
-19.533 -24.293 0.210 0 17 255
-24.135 -26.469 0.187 0 255 157
-19.252 -25.798 0.193 0 255 127
-22.695 -26.604 0.232 0 255 157
-22.732 -27.296 0.211 0 255 140
-25.113 -27.989 0.231 0 0 255
-20.842 -27.413 0.205 0 255 208
-20.564 -26.105 0.267 0 255 161
-22.400 -24.842 0.203 0 255 153
-20.855 -25.781 0.222 0 255 157
-24.446 -18.693 0.194 0 25 255
-23.347 -28.041 0.206 0 255 170
-26.854 -18.462 0.231 0 0 255
-22.558 -24.826 0.196 0 255 178
-22.092 -24.310 0.232 0 17 255
-20.609 -23.466 0.178 0 229 255
-22.861 -27.933 0.191 0 255 161
-22.398 -27.878 0.209 0 255 178
-18.846 -26.068 0.173 0 255 148
-20.644 -27.381 0.203 0 255 170
-23.426 -25.664 0.183 0 255 187
-21.455 -26.154 0.249 0 255 178
-21.441 -27.777 0.407 0 17 255
-23.283 -27.374 0.191 0 255 153
-21.026 -24.448 0.180 0 255 161
-19.948 -24.805 0.184 0 212 255
-24.887 -29.042 0.198 0 255 136
-23.566 -27.460 0.219 0 255 195
-22.860 -27.932 0.183 0 255 165
-23.232 -26.018 0.186 0 255 255
-23.023 -28.859 0.193 0 255 144
-23.511 -27.567 0.184 0 255 246
-23.500 -25.638 0.182 0 255 208
-21.800 -27.695 0.245 0 255 127
-22.095 -27.772 0.228 0 255 144
-22.196 -24.454 0.281 0 8 255
-23.340 -29.350 0.179 0 255 136
-23.664 -27.220 0.182 0 255 165
-18.535 -24.841 0.201 0 34 255
-23.694 -27.127 0.186 0 255 242
-22.621 -25.759 0.221 0 255 250
-21.862 -26.900 0.266 0 255 170
-22.424 -29.025 0.275 0 0 255
-18.649 -24.956 0.228 0 0 255
-22.198 -27.126 0.234 0 255 178
-23.126 -26.600 0.206 0 255 144
-22.299 -25.796 0.275 0 0 255
-22.872 -26.430 0.221 0 255 153
-19.083 -25.966 0.195 0 255 148
-21.603 -26.928 0.255 0 255 161
-21.540 -27.764 0.316 0 0 255
-22.818 -27.889 0.186 0 255 106
-24.507 -19.504 0.205 0 17 255
-23.427 -26.169 0.171 0 255 216
-24.748 -20.763 0.220 0 17 255
-23.647 -26.860 0.181 0 255 208
-24.291 -29.499 0.194 0 255 127
-21.706 -29.184 0.313 0 42 255
-23.470 -23.973 0.170 0 255 157
-19.007 -26.089 0.197 0 255 131
-20.707 -23.784 0.190 0 195 255
-25.433 -27.529 0.176 0 229 255
-19.138 -25.982 0.180 0 255 170
-23.078 -27.530 0.189 0 255 148
-21.575 -24.938 0.211 0 255 165
-20.434 -25.599 0.231 0 255 170
-24.147 -29.858 0.265 0 255 144
-22.807 -30.390 0.173 0 255 144
-20.319 -20.988 0.188 0 255 182
-22.831 -28.547 0.201 0 255 76
-23.381 -27.378 0.184 0 255 191
-24.167 -21.446 0.217 0 0 255
-22.205 -27.267 0.212 0 8 255
-23.449 -26.263 0.176 0 255 199
-19.582 -24.991 0.178 0 255 178
-22.638 -24.058 0.189 0 255 187
-20.179 -26.689 0.256 0 255 153
-21.457 -27.676 0.283 0 255 153
-22.096 -26.424 0.251 0 255 174
-18.701 -24.810 0.194 0 255 191
-23.571 -26.060 0.172 0 255 187
-22.701 -26.586 0.242 0 255 191
-20.709 -23.371 1.508 0 8 255
-23.564 -24.955 0.236 0 0 255
-23.965 -26.905 0.172 0 255 161
-23.972 -31.446 0.263 0 0 255
-21.715 -25.735 0.238 0 255 153
-25.876 -29.121 0.351 0 8 255
-21.063 -29.519 0.358 0 0 255
-20.387 -25.617 0.217 0 255 174
-22.332 -27.047 0.243 0 255 153
-21.705 -25.024 0.227 0 255 174
-23.280 -29.739 0.286 0 0 255
-21.215 -30.038 0.361 0 0 255
-22.733 -29.558 0.194 0 255 153
-22.501 -25.525 0.199 0 255 170
-19.281 -28.236 0.183 0 255 178
-24.612 -18.885 0.187 0 0 255
-19.899 -22.309 1.114 0 0 255
-23.823 -26.035 0.192 0 255 165
-23.691 -26.564 0.171 0 255 250
-24.064 -31.268 0.171 0 170 255
-21.755 -28.244 0.202 0 255 153
-19.158 -25.814 0.194 0 34 255
-23.095 -25.099 0.182 0 85 255
-20.217 -26.004 0.208 0 255 165
-23.781 -27.205 0.170 0 255 178
-22.230 -26.268 0.261 0 255 136
-19.721 -24.669 0.183 0 255 153
-23.291 -24.926 0.180 0 255 246
-22.530 -27.848 0.225 0 255 161
-23.528 -27.887 0.187 0 255 165
-23.787 -26.628 0.183 0 110 255
-23.387 -27.800 0.208 0 255 170
-21.233 -27.541 0.231 0 255 161
-20.249 -26.751 0.262 0 255 195
-25.078 -27.967 0.189 0 255 221
-23.886 -25.840 0.172 0 255 153
-22.877 -28.025 0.186 0 255 153
-21.037 -26.927 0.274 0 255 157
-22.436 -29.089 0.269 0 255 153
-23.239 -25.657 0.182 0 255 246
-19.295 -25.795 0.222 0 255 182
-21.766 -24.784 0.203 0 255 174
-23.665 -24.619 0.174 0 255 153
-22.082 -24.463 0.468 0 153 255
-23.698 -29.721 0.190 0 255 72
-20.074 -27.020 0.192 0 255 170
-23.481 -19.949 0.182 0 0 255
-23.291 -27.694 0.193 0 255 153
-23.101 -26.919 0.195 0 255 131
-22.925 -31.039 0.172 0 255 144
-23.630 -29.001 0.175 0 255 131
-22.178 -25.604 0.239 0 255 165
-23.107 -26.354 0.203 0 255 161
-21.723 -29.098 0.329 0 0 255
-20.893 -29.255 0.264 0 255 174
-22.823 -26.273 0.231 0 255 191
-22.408 -23.818 0.190 0 68 255
-20.557 -25.307 0.203 0 255 178
-22.795 -26.525 0.223 0 255 229
-23.310 -25.701 0.170 0 255 170
-24.984 -28.476 0.174 0 255 157
-21.560 -23.753 0.188 0 255 153
-22.630 -25.857 0.226 0 255 165
-21.921 -24.209 0.203 0 255 144
-23.050 -27.761 0.196 0 0 255
-23.184 -28.972 0.170 0 255 187
-22.322 -24.467 0.188 0 255 182
-23.089 -20.329 0.183 0 255 161
-18.675 -24.886 0.199 0 255 165
-23.212 -26.683 0.196 0 255 204
-20.931 -24.741 0.183 0 255 170
-25.580 -27.433 0.205 0 255 212
-24.503 -22.360 0.174 0 204 255
-20.644 -23.347 1.468 0 17 255
-25.866 -29.123 0.373 0 0 255
-22.783 -26.450 0.205 0 255 165
-21.466 -27.649 0.337 0 255 123
-20.591 -25.945 0.246 0 255 148
-22.943 -27.465 0.202 0 255 148
-20.251 -26.275 0.227 0 255 153
-24.353 -29.186 0.186 0 255 136
-29.329 -21.561 0.201 0 255 131
-21.931 -24.547 0.233 0 178 255
-21.367 -27.113 0.253 0 255 140
-23.395 -26.757 0.198 0 255 106
-22.860 -24.490 0.177 0 255 204
-22.528 -25.498 0.196 0 255 208
-21.942 -24.381 0.208 0 255 178
-23.202 -25.028 0.188 0 255 199
-23.023 -22.942 0.212 0 17 255
-20.734 -24.857 0.192 0 255 170
-24.216 -31.182 0.173 0 17 255
-21.646 -29.154 0.319 0 0 255
-18.982 -25.918 0.196 0 255 136
-22.310 -25.802 0.236 0 255 161
-24.747 -18.874 0.211 0 8 255
-21.744 -28.638 0.206 0 255 127
-23.551 -26.599 0.177 0 255 161
-25.045 -29.036 0.223 0 255 153
-20.751 -26.138 0.299 0 255 144
-20.211 -26.541 0.256 0 255 238
-21.668 -28.797 0.183 0 255 199
-18.971 -27.900 0.282 0 161 255
-24.206 -29.626 0.188 0 255 170
-19.193 -26.081 0.181 0 255 161
-20.463 -26.414 0.290 0 255 140
-23.123 -25.382 0.193 0 255 195
-22.505 -31.137 0.232 0 0 255
-22.618 -26.589 0.235 0 255 238
-19.074 -28.281 0.197 0 255 136
-22.136 -25.443 0.216 0 255 170
-23.486 -28.056 0.183 0 255 216
-23.957 -27.447 0.337 0 0 255
-21.997 -27.870 0.220 0 255 157
-23.556 -28.198 0.179 0 255 178
-22.128 -24.557 0.240 0 255 178
-23.841 -27.570 0.183 0 255 195
-22.151 -24.191 0.192 0 255 165
-21.520 -27.063 0.246 0 255 153
-22.979 -26.689 0.212 0 255 170
-23.254 -25.985 0.195 0 255 174
-22.546 -25.548 0.215 0 255 170
-21.210 -28.145 0.245 0 255 136
-22.495 -25.253 0.216 0 255 165
-19.513 -24.249 0.219 0 136 255
-19.486 -24.212 0.216 0 8 255
-22.374 -29.174 0.312 0 255 127
-22.010 -26.532 0.264 0 255 119
-23.763 -27.649 0.206 0 255 157
-22.636 -30.935 0.197 0 255 161
-22.145 -29.007 0.170 0 255 170
-22.598 -25.976 0.211 0 255 153
-25.798 -29.107 0.372 0 17 255
-24.258 -29.568 0.209 0 255 144
-24.909 -29.002 0.231 0 255 191
-23.787 -28.832 0.204 0 255 136
-22.325 -24.123 0.173 0 238 255
-25.774 -19.305 0.194 0 204 255
-22.576 -26.112 0.236 0 255 131
-19.886 -28.675 0.269 0 0 255
-24.249 -31.218 0.273 0 85 255
-21.000 -25.063 0.232 0 255 161
-20.399 -24.112 0.168 0 42 255
-19.085 -27.857 0.231 0 255 76
-22.250 -29.081 0.191 0 255 144
-23.196 -24.947 0.193 0 255 250
-21.658 -27.559 0.217 0 255 182
-20.891 -26.192 0.310 0 68 255
-19.064 -27.921 0.227 0 68 255
-22.352 -28.231 0.195 0 255 178
-19.595 -25.760 0.221 0 255 161
-22.666 -26.477 0.227 0 255 199
-23.361 -29.628 0.177 0 255 140
-23.978 -26.721 0.185 0 144 255
-20.106 -28.559 0.215 0 255 165
-23.238 -25.629 0.175 0 255 216
-24.988 -17.901 0.175 0 25 255
-21.553 -26.921 0.235 0 0 255
-24.581 -18.918 0.223 0 17 255
-19.648 -25.488 0.212 0 255 144
-22.476 -27.266 0.229 0 255 178
-23.952 -25.758 0.183 0 255 136
-22.884 -24.536 0.170 0 255 182
-23.578 -28.424 0.186 0 255 148
-23.489 -25.486 0.183 0 255 165
-20.854 -28.748 0.221 0 255 148
-23.410 -21.957 0.187 0 42 255
-25.306 -20.656 0.191 0 0 255
-21.681 -29.135 0.304 0 255 174
-23.121 -28.143 0.190 0 255 144
-22.698 -31.253 0.208 0 255 191
-23.549 -29.430 0.179 0 119 255
-23.847 -27.919 0.195 0 255 114
-23.856 -26.767 0.186 0 255 170
-24.231 -21.771 0.213 0 255 80
-20.600 -26.298 0.294 0 255 153
-21.112 -26.707 0.270 0 34 255
-22.388 -18.741 0.183 0 8 255
-24.357 -29.518 0.182 0 255 212
-18.581 -25.542 0.203 0 255 161
-23.216 -27.764 0.197 0 255 208
-23.199 -27.224 0.197 0 255 182
-19.232 -25.970 0.189 0 255 170
-22.614 -31.247 0.322 0 255 242
-21.838 -29.570 0.169 0 255 148
-23.243 -16.527 0.195 0 0 255
-18.710 -24.391 0.190 0 85 255
-25.122 -29.924 0.239 0 255 161
-23.598 -28.499 0.180 0 255 191
-22.355 -26.710 0.261 0 255 119
-22.244 -24.854 0.236 0 255 144
-22.518 -26.701 0.244 0 255 153
-22.193 -28.648 0.191 0 255 153
-23.253 -29.159 0.174 0 255 182
-22.136 -18.976 0.184 0 25 255
-21.152 -24.421 0.218 0 136 255
-19.056 -27.917 0.313 0 221 255
-22.328 -27.555 0.220 0 255 191
-23.543 -27.256 0.181 0 255 140
-22.889 -27.750 0.222 0 255 127
-22.544 -27.943 0.199 0 255 161
-22.438 -26.580 0.269 0 255 140
-20.489 -25.287 0.223 0 255 153
-23.093 -26.109 0.206 0 255 148
-22.727 -29.548 0.235 0 255 153
-20.129 -26.145 0.267 0 178 255
-23.353 -29.719 0.193 0 255 144
-20.837 -28.815 0.254 0 221 255
-19.513 -25.904 0.214 0 255 161
-22.953 -25.291 0.193 0 255 182
-22.721 -25.977 0.212 0 255 182
-20.460 -26.351 0.275 0 255 178
-19.812 -22.242 1.034 0 0 255
-21.398 -27.004 0.266 0 255 157
-22.125 -24.438 0.335 0 17 255
-23.581 -28.377 0.170 0 255 136
-22.710 -24.208 0.174 0 255 187
-22.599 -27.261 0.221 0 255 199
-23.149 -25.182 0.193 0 255 204
-20.185 -26.608 0.256 0 255 170
-22.821 -25.884 0.198 0 255 131
-21.354 -27.941 0.209 0 255 148
-23.447 -29.679 0.285 0 255 29
-24.277 -21.756 0.244 0 17 255
-22.259 -22.724 0.210 0 0 255
-23.320 -26.487 0.177 0 255 216
-22.943 -25.716 0.186 0 255 178
-22.603 -26.629 0.243 0 255 161
-23.017 -30.629 0.223 0 255 123
-25.219 -18.603 0.226 0 0 255
-21.865 -25.013 0.240 0 255 221
-23.187 -27.340 0.183 0 255 131
-23.014 -27.343 0.221 0 255 136
-21.801 -26.005 0.266 0 255 153
-21.264 -27.835 0.313 0 42 255
-24.166 -27.276 0.185 0 255 165
-21.328 -27.077 0.259 0 255 165
-22.326 -23.022 0.191 0 119 255
-23.697 -27.201 0.173 0 255 161
-20.153 -25.825 0.221 0 255 165
-22.305 -27.786 0.205 0 255 165
-22.000 -24.528 0.550 0 0 255
-21.128 -26.437 0.292 0 255 161
-19.373 -28.074 0.185 0 255 191
-22.488 -29.269 0.183 0 255 144
-22.658 -27.456 0.196 0 255 187
-22.952 -25.706 0.199 0 255 242
-22.805 -27.631 0.201 0 42 255
-22.085 -23.888 0.184 0 255 208
-23.827 -27.320 0.183 0 255 161
-23.726 -27.056 0.177 0 255 174
-21.240 -29.981 0.242 0 255 136
-21.498 -26.273 0.265 0 255 153
-20.790 -29.750 0.173 0 8 255
-22.133 -25.487 0.237 0 255 131
-23.038 -27.348 0.196 0 255 157
-23.260 -16.512 0.279 0 17 255
-23.434 -28.227 0.201 0 255 153
-22.119 -28.497 0.197 0 255 148
-23.741 -28.354 0.186 0 255 136
-20.330 -26.327 0.252 0 255 165
-22.095 -24.461 0.319 0 0 255
-22.720 -19.240 0.173 0 0 255
-24.230 -31.181 0.208 0 255 148
-22.351 -19.704 0.171 0 34 255
-22.113 -26.377 0.271 0 102 255
-22.511 -17.439 0.185 0 0 255
-23.359 -29.402 0.203 0 255 148
-22.278 -27.224 0.236 0 255 174
-22.352 -18.261 0.191 0 8 255
-18.911 -26.215 0.173 0 255 195
-23.153 -26.088 0.192 0 255 246
-22.739 -28.625 0.170 0 255 208
-23.244 -24.467 0.172 0 255 229
-20.680 -29.186 0.171 0 255 127
-23.137 -30.879 0.228 0 255 157
-20.824 -25.067 0.245 0 255 255
-20.666 -25.988 0.272 0 255 182
-21.902 -24.995 0.244 0 136 255
-20.143 -28.727 0.201 0 0 255
-29.443 -21.260 0.177 0 255 182
-24.336 -21.622 0.213 0 0 255
-18.714 -24.783 0.203 0 255 233
-21.816 -24.547 0.251 0 178 255
-23.097 -26.689 0.212 0 255 140
-24.025 -30.228 0.179 0 255 208
-24.053 -29.970 0.173 0 255 89
-24.713 -29.196 0.194 0 255 148
-21.482 -28.655 0.190 0 255 187
-23.689 -25.677 0.178 0 255 221
-19.144 -25.762 0.201 0 255 157
-22.814 -26.520 0.226 0 255 221
-19.061 -25.862 0.231 0 255 250
-24.561 -19.439 0.248 0 255 255
-20.921 -25.226 0.241 0 255 157
-23.334 -29.411 0.236 0 255 127
-21.236 -28.123 0.217 0 255 136
-23.559 -27.821 0.208 0 255 153
-21.060 -26.617 0.291 0 255 127
-20.588 -27.886 0.193 0 255 187
-21.976 -28.025 0.204 0 255 157
-22.263 -29.003 0.176 0 255 165
-23.230 -25.921 0.181 0 255 161
-23.748 -26.748 0.182 0 255 127
-22.052 -24.532 0.458 0 255 246
-22.071 -25.961 0.264 0 255 148
-21.800 -25.372 0.219 0 68 255
-23.445 -25.786 0.197 0 255 187
-23.054 -20.224 0.250 0 0 255
-22.917 -27.731 0.199 0 255 131
-21.035 -25.932 0.247 0 255 131
-19.472 -27.962 0.189 0 255 174
-22.113 -26.950 0.255 0 255 182
-23.809 -27.590 0.182 0 255 174
-22.998 -26.160 0.219 0 187 255
-20.871 -28.819 0.301 0 110 255
-22.714 -29.618 0.184 0 255 157
-22.586 -27.581 0.215 0 255 140
-22.485 -26.994 0.229 0 255 178
-20.731 -29.245 0.175 0 255 161
-23.144 -27.981 0.196 0 255 148
-20.293 -26.706 0.262 0 255 233
-24.503 -19.515 0.183 0 0 255
-22.428 -27.472 0.227 0 255 140
-23.478 -29.701 0.229 0 255 119
-21.699 -28.728 0.209 0 255 136
-21.298 -27.932 0.281 0 255 140
-23.218 -17.623 0.187 0 0 255
-23.957 -27.260 0.172 0 255 178
-20.826 -28.867 0.281 0 76 255
-19.347 -25.904 0.239 0 0 255
-22.986 -26.406 0.201 0 255 178
-20.135 -24.426 0.182 0 255 127
-24.635 -29.779 0.196 0 255 119
-22.077 -28.869 0.178 0 255 191
-21.740 -28.583 0.218 0 255 136
-22.891 -24.372 0.185 0 255 174
-23.405 -27.513 0.184 0 255 199
-23.950 -26.869 0.172 0 255 148
-23.041 -22.084 0.174 0 25 255
-23.036 -28.109 0.195 0 255 148
-22.556 -31.179 0.279 0 51 255
-22.618 -26.114 0.231 0 255 165
-23.778 -27.611 0.182 0 255 148
-23.392 -25.202 0.176 0 255 170
-21.551 -29.024 0.184 0 255 195
-21.803 -27.230 0.242 0 255 144
-19.789 -23.925 0.176 0 0 255
-21.138 -25.408 0.236 0 110 255
-24.680 -19.006 0.222 0 255 110
-23.746 -26.879 0.180 0 255 161
-21.574 -26.226 0.260 0 255 170
-21.766 -28.473 0.210 0 255 153
-20.459 -24.805 0.207 0 255 161
-20.719 -24.982 0.205 0 255 191
-24.769 -29.051 0.197 0 255 144
-23.550 -25.330 0.175 0 255 140
-22.785 -29.243 0.237 0 34 255
-21.645 -27.019 0.236 0 255 148
-23.419 -27.757 0.206 0 255 102
-21.723 -28.482 0.301 0 25 255
-21.009 -26.631 0.301 0 255 140
-23.083 -27.726 0.209 0 255 161
-18.680 -24.131 0.216 0 255 148
-21.714 -28.722 0.223 0 255 148
-21.090 -29.059 0.257 0 255 119
-24.930 -29.022 0.201 0 255 123
-21.804 -28.792 0.176 0 255 174
-21.518 -23.778 0.188 0 255 144
-23.594 -27.441 0.196 0 255 153
-23.498 -21.394 0.222 0 119 255
-20.998 -27.799 0.215 0 255 161
-22.331 -23.976 0.180 0 76 255
-19.928 -25.096 0.188 0 255 157
-23.426 -21.990 0.192 0 76 255
-25.134 -20.192 0.199 0 0 255
-22.877 -27.127 0.208 0 255 178
-19.519 -25.457 0.194 0 255 140
-22.081 -24.574 0.404 0 0 255
-24.352 -29.519 0.223 0 255 140
-22.903 -26.412 0.218 0 255 174
-19.789 -25.008 0.186 0 255 157
-20.270 -24.519 0.199 0 255 153
-22.842 -25.165 0.198 0 255 136
-23.492 -27.274 0.176 0 255 161
-22.728 -25.465 0.228 0 255 161
-19.956 -26.829 0.185 0 255 182
-23.586 -27.881 0.202 0 255 144
-23.002 -27.190 0.198 0 255 216
-23.230 -28.242 0.221 0 255 140
-23.520 -29.709 0.216 0 255 106
-23.928 -29.381 0.202 0 255 153
-21.433 -29.138 0.188 0 255 97
-21.287 -28.443 0.217 0 255 127
-23.567 -27.846 0.185 0 255 114
-22.536 -27.346 0.215 0 255 233
-23.095 -20.267 0.264 0 0 255
-23.067 -24.438 0.253 0 0 255
-20.638 -25.818 0.222 0 255 187
-23.682 -28.037 0.173 0 255 238
-20.074 -26.279 0.222 0 153 255
-21.149 -29.028 0.256 0 255 174
-22.595 -29.100 0.178 0 0 255
-19.004 -27.992 0.173 0 255 85
-23.418 -30.149 0.185 0 255 76
-24.348 -26.108 0.172 0 255 170
-21.238 -26.304 0.276 0 255 144
-22.074 -28.784 0.192 0 255 110
-24.085 -26.768 0.193 0 255 140
-19.526 -25.974 0.211 0 59 255
-23.908 -22.904 0.175 0 34 255
-21.102 -29.439 0.356 0 42 255
-25.465 -19.216 0.190 0 255 136
-23.733 -28.467 0.189 0 255 136
-21.246 -22.708 0.198 0 0 255
-22.848 -25.178 0.206 0 255 136
-23.500 -25.895 0.197 0 255 123
-23.427 -26.859 0.187 0 255 174
-21.905 -26.435 0.277 0 255 161
-22.857 -30.411 0.180 0 255 127
-20.791 -25.466 0.235 0 8 255
-22.470 -25.412 0.225 0 255 161
-20.967 -28.164 0.283 0 255 170
-21.436 -28.975 0.183 0 255 157
-19.005 -26.833 0.193 0 255 161
-21.702 -24.123 0.216 0 255 165
-21.999 -25.953 0.252 0 255 153
-22.919 -24.669 0.173 0 255 161
-23.132 -27.100 0.188 0 170 255
-20.885 -29.081 0.202 0 255 153
-20.689 -28.402 0.296 0 255 165
-23.129 -25.322 0.188 0 255 195
-25.858 -29.089 0.194 0 102 255
-18.906 -24.874 0.191 0 255 97
-21.005 -28.443 0.204 0 255 136
-20.651 -25.607 0.219 0 255 191
-23.231 -26.192 0.173 0 68 255
-22.837 -26.847 0.196 0 255 161
-23.363 -27.038 0.192 0 255 157
-21.169 -30.101 0.233 0 255 131
-21.178 -28.241 0.289 0 255 106
-22.552 -30.833 0.197 0 0 255
-22.880 -26.505 0.204 0 255 191
-18.759 -24.131 0.174 0 255 119
-21.266 -28.201 0.290 0 255 127
-24.210 -29.665 0.187 0 255 136
-21.588 -27.706 0.230 0 255 165
-21.289 -23.942 0.169 0 255 157
-22.325 -28.475 0.183 0 255 170
-22.979 -26.749 0.204 0 255 178
-21.718 -25.498 0.237 0 76 255
-23.094 -30.669 0.189 0 255 85
-20.971 -26.864 0.275 0 255 140
-24.082 -27.608 0.171 0 255 157
-24.673 -29.353 0.201 0 255 76
-24.152 -30.930 0.204 0 110 255
-25.869 -29.118 0.421 0 17 255
-23.085 -20.243 0.218 0 8 255
-25.838 -18.724 0.254 0 0 255
-22.936 -28.892 0.173 0 255 212
-21.176 -27.667 0.218 0 255 131
-22.770 -26.136 0.224 0 255 157
-23.043 -24.954 0.195 0 221 255
-21.297 -30.040 0.415 0 0 255
-25.243 -18.966 0.186 0 255 68
-21.796 -25.657 0.268 0 34 255
-21.404 -26.272 0.270 0 255 148
-22.988 -25.516 0.187 0 255 165
-21.930 -25.865 0.263 0 255 144
-22.741 -26.032 0.231 0 255 161
-20.878 -28.168 0.290 0 144 255
-20.371 -25.453 0.205 0 255 174
-19.228 -26.737 0.178 0 127 255
-18.822 -26.724 0.175 0 110 255
-21.982 -27.063 0.247 0 255 174
-20.683 -24.814 0.173 0 255 199
-24.392 -18.702 0.256 0 0 255
-18.915 -26.751 0.205 0 0 255
-22.342 -28.942 0.176 0 255 161
-21.525 -27.086 0.230 0 255 153
-21.005 -25.822 0.232 0 255 140
-23.553 -21.922 0.174 0 0 255
-24.407 -28.693 0.177 0 255 144
-19.292 -25.797 0.236 0 0 255
-22.459 -27.647 0.219 0 255 157
-22.441 -28.294 0.219 0 255 144
-22.560 -26.301 0.224 0 255 242
-22.586 -31.247 0.340 0 255 119
-20.869 -28.866 0.312 0 255 144
-23.272 -25.205 0.176 0 255 191
-23.858 -27.464 0.171 0 255 187
-23.654 -27.875 0.179 0 255 127
-20.737 -28.415 0.295 0 8 255
-22.370 -29.157 0.220 0 255 97
-21.259 -18.763 0.176 0 0 255
-21.171 -30.067 0.168 0 255 136
-22.868 -27.991 0.192 0 255 157
-24.236 -29.797 0.192 0 255 144
-23.413 -28.354 0.188 0 255 161
-24.925 -28.925 0.174 0 255 140
-18.658 -24.934 0.192 0 255 59
-24.128 -26.819 0.195 0 255 136
-20.866 -25.709 0.226 0 255 161
-21.489 -23.825 0.174 0 255 157
-22.228 -28.494 0.176 0 255 148
-23.529 -29.690 0.266 0 255 114
-21.221 -30.065 0.267 0 255 93
-23.572 -29.719 0.237 0 255 119
-23.063 -27.215 0.195 0 255 144
-25.920 -18.091 0.192 0 0 255
-22.922 -24.782 0.186 0 255 165
-23.466 -28.517 0.176 0 255 178
-22.105 -24.776 0.235 0 255 161
-22.605 -30.884 0.184 0 255 153
-22.060 -24.526 0.323 0 0 255
-22.120 -27.297 0.251 0 255 136
-24.171 -27.289 0.172 0 255 204
-22.484 -26.416 0.246 0 255 165
-23.537 -29.593 0.182 0 255 144
-20.764 -25.394 0.224 0 255 174
-23.232 -28.439 0.171 0 255 187
-23.043 -25.223 0.187 0 255 199
-23.273 -25.279 0.193 0 255 165
-23.741 -22.618 0.171 0 51 255
-21.743 -27.407 0.242 0 255 153
-22.006 -24.515 0.493 0 51 255
-22.686 -27.318 0.199 0 255 174
-23.189 -27.632 0.212 0 255 144
-22.763 -18.249 0.202 0 170 255
-21.228 -30.046 0.368 0 8 255
-23.537 -29.592 0.269 0 255 157
-22.059 -27.267 0.234 0 255 161
-23.229 -28.025 0.180 0 110 255
-24.163 -26.148 0.363 0 0 255
-23.191 -27.153 0.184 0 255 157
-29.419 -19.289 0.235 0 0 255
-21.954 -26.395 0.321 0 8 255
-20.391 -23.871 0.175 0 255 161
-21.187 -30.034 0.225 0 0 255
-22.249 -27.711 0.228 0 255 161
-19.007 -27.901 0.299 0 0 255
-23.014 -26.725 0.200 0 255 148
-20.693 -28.347 0.247 0 255 157
-25.344 -17.743 0.194 0 0 255
-22.016 -28.324 0.189 0 255 157
-20.440 -25.208 0.200 0 255 165
-21.747 -29.177 0.264 0 255 212
-20.327 -26.581 0.273 0 255 157
-21.238 -28.450 0.274 0 255 157
-22.580 -27.860 0.204 0 255 157
-22.942 -27.534 0.192 0 255 140
-23.652 -26.493 0.176 0 255 148
-24.635 -18.820 0.250 0 255 195
-21.492 -25.105 0.203 0 255 170
-21.952 -20.943 0.235 0 0 255
-22.656 -25.039 0.224 0 255 153
-24.456 -27.154 0.197 0 255 106
-21.989 -18.424 0.202 0 136 255
-23.071 -25.822 0.194 0 255 233
-20.810 -25.323 0.206 0 255 191
-21.437 -28.364 0.195 0 255 165
-24.768 -29.132 0.271 0 170 255
-22.142 -25.742 0.234 0 255 174
-20.383 -26.365 0.262 0 255 238
-18.312 -25.823 0.169 0 255 144
-24.577 -19.432 0.230 0 85 255
-22.603 -25.036 0.227 0 255 174
-23.884 -25.701 0.181 0 255 191
-23.179 -25.843 0.190 0 255 187
-22.380 -29.231 0.354 0 8 255
-23.784 -26.969 0.184 0 255 170
-20.879 -28.271 0.255 0 25 255
-19.218 -25.868 0.209 0 34 255
-23.289 -28.021 0.211 0 255 144
-19.971 -26.725 0.207 0 255 178
-22.427 -26.165 0.232 0 255 165
-25.192 -17.494 0.231 0 0 255
-20.989 -24.358 0.177 0 255 165
-21.221 -25.403 0.243 0 255 148
-22.629 -26.856 0.231 0 255 157
-20.888 -28.822 0.302 0 153 255
-24.865 -19.335 0.250 0 34 255
-22.425 -26.737 0.223 0 42 255
-22.593 -30.794 0.214 0 255 140
-25.408 -19.212 0.260 0 0 255
-22.637 -27.595 0.227 0 255 102
-23.330 -26.029 0.185 0 255 208
-20.872 -28.214 0.273 0 255 225
-22.753 -23.700 0.192 0 17 255
-21.283 -25.837 0.249 0 255 161
-24.723 -29.109 0.182 0 255 144
-21.807 -21.065 0.196 0 0 255
-20.736 -24.352 0.173 0 136 255
-18.565 -24.888 0.213 0 25 255
-24.179 -29.860 0.235 0 255 178
-22.316 -28.622 0.181 0 255 161
-18.369 -24.842 0.173 0 255 161
-23.315 -16.506 0.187 0 85 255
-22.558 -25.809 0.221 0 255 178
-23.851 -27.298 0.184 0 255 195
-22.158 -24.791 0.219 0 255 144
-24.156 -20.200 0.220 0 0 255
-23.722 -27.434 0.189 0 255 182
-25.781 -19.285 0.185 0 0 255
-21.386 -27.226 0.231 0 255 170
-22.022 -26.998 0.237 0 255 165
-21.534 -25.527 0.253 0 255 170
-21.233 -28.494 0.189 0 255 157
-20.707 -24.966 0.200 0 255 170
-24.799 -29.250 0.237 0 255 140
-24.185 -21.444 0.194 0 17 255
-21.230 -29.946 0.273 0 255 106
-19.433 -24.992 0.177 0 51 255
-24.495 -27.162 0.184 0 255 144
-20.865 -28.872 0.324 0 25 255
-24.960 -19.465 0.202 0 17 255
-21.651 -27.045 0.261 0 255 148
-23.760 -26.949 0.175 0 255 136
-23.853 -27.885 0.180 0 255 174
-23.630 -26.912 0.187 0 255 140
-21.887 -23.862 0.197 0 255 153
-22.117 -25.480 0.219 0 255 153
-22.850 -25.376 0.201 0 255 161
-23.344 -26.823 0.207 0 255 153
-23.282 -29.407 0.211 0 255 136
-23.431 -28.294 0.188 0 255 148
-20.350 -24.343 0.173 0 255 165
-23.026 -26.728 0.200 0 255 182
-22.481 -27.491 0.214 0 255 174
-22.214 -24.490 0.215 0 255 157
-22.079 -28.555 0.217 0 255 72
-21.239 -28.517 0.202 0 255 161
-24.138 -31.166 0.178 0 0 255
-23.338 -27.371 0.184 0 255 204
-22.460 -26.260 0.240 0 255 165
-23.066 -28.852 0.171 0 255 131
-23.122 -24.839 0.177 0 255 242
-20.985 -28.315 0.242 0 255 140
-23.958 -27.423 0.273 0 0 255
-20.660 -28.495 0.296 0 255 229
-22.916 -27.490 0.208 0 255 144
-22.026 -25.597 0.286 0 0 255
-23.734 -28.343 0.186 0 255 225
-21.984 -25.329 0.237 0 255 157
-23.834 -28.685 0.171 0 255 157
-23.674 -26.809 0.182 0 255 157
-24.195 -30.470 0.171 0 255 153
-24.020 -26.838 0.172 0 255 106
-21.627 -24.712 0.222 0 255 178
-23.072 -29.232 0.173 0 255 182
-23.352 -26.494 0.183 0 255 178
-22.520 -27.913 0.212 0 255 157
-21.824 -25.632 0.242 0 255 161
-23.290 -28.361 0.200 0 255 119
-22.133 -27.808 0.220 0 255 140
-21.736 -28.805 0.184 0 255 157
-21.030 -29.393 0.168 0 255 178
-19.324 -28.116 0.222 0 127 255
-20.665 -27.895 0.200 0 255 165
-19.394 -24.646 0.170 0 255 148
-22.613 -26.086 0.230 0 255 182
-22.979 -27.490 0.209 0 255 148
-25.165 -17.515 0.251 0 0 255
-19.489 -27.650 0.180 0 255 136
-22.515 -25.315 0.210 0 255 161
-23.889 -27.253 0.181 0 255 170
-23.663 -26.220 0.189 0 255 127
-19.040 -27.982 0.194 0 255 136
-23.208 -28.708 0.177 0 255 140
-21.139 -28.109 0.225 0 255 136
-22.780 -29.600 0.169 0 255 170
-21.194 -30.027 0.378 0 0 255
-22.672 -26.626 0.237 0 255 161
-23.622 -27.413 0.186 0 255 174
-20.790 -28.869 0.296 0 0 255
-22.983 -29.560 0.182 0 255 136
-20.606 -26.059 0.278 0 255 144
-24.887 -29.107 0.216 0 255 182
-22.827 -25.854 0.206 0 255 153
-23.358 -25.793 0.180 0 255 255
-23.170 -27.703 0.198 0 255 161
-21.296 -27.920 0.313 0 255 140
-20.680 -23.875 0.184 0 255 212
-22.093 -24.492 0.498 0 51 255
-21.796 -26.356 0.269 0 255 123
-23.524 -29.601 0.286 0 255 165
-22.033 -26.807 0.264 0 255 174
-22.273 -26.798 0.241 0 255 153
-21.637 -24.104 0.220 0 255 76
-19.955 -26.844 0.198 0 255 187
-23.428 -16.176 0.173 0 255 242
-21.672 -27.442 0.236 0 255 153
-24.409 -19.419 0.186 0 255 97
-22.751 -25.852 0.211 0 255 191
-22.515 -26.576 0.266 0 255 127
-22.490 -26.426 0.260 0 255 140
-23.118 -26.054 0.192 0 255 178
-22.681 -25.450 0.200 0 255 170
-22.625 -27.926 0.201 0 255 153
-22.492 -29.121 0.290 0 255 136
-21.527 -27.750 0.229 0 255 123
-23.136 -28.665 0.176 0 255 161
-24.112 -26.786 0.177 0 255 161
-19.101 -28.201 0.204 0 102 255
-23.615 -26.878 0.188 0 255 153
-21.359 -24.267 0.180 0 170 255
-21.023 -25.155 0.222 0 255 161
-22.525 -29.154 0.210 0 255 161
-23.460 -28.083 0.195 0 255 148
-20.644 -28.504 0.200 0 255 131
-19.388 -26.537 0.182 0 255 170
-19.841 -24.503 0.167 0 255 161
-22.922 -27.628 0.193 0 255 140
-23.001 -26.566 0.212 0 255 161
-23.301 -18.666 0.178 0 0 255
-21.411 -28.080 0.205 0 255 174
-22.658 -26.619 0.251 0 255 148
-18.522 -25.225 0.181 0 255 153
-22.530 -28.488 0.170 0 255 174
-22.711 -26.452 0.222 0 255 153
-21.211 -30.022 0.210 0 255 140
-22.241 -25.518 0.221 0 255 178
-19.509 -25.746 0.227 0 255 153
-21.907 -20.947 0.243 0 59 255
-18.556 -25.300 0.212 0 42 255
-23.142 -25.264 0.186 0 255 174
-22.157 -24.170 0.216 0 255 157
-22.738 -26.639 0.241 0 255 148
-21.260 -27.451 0.267 0 255 153
-21.995 -27.587 0.221 0 255 148
-18.494 -24.952 0.228 0 0 255
-22.833 -26.711 0.221 0 255 148
-22.896 -24.452 0.170 0 255 187
-23.324 -29.214 0.185 0 255 144
-20.824 -28.856 0.334 0 255 250
-22.599 -31.140 0.321 0 51 255
-23.017 -20.264 0.248 0 8 255
-21.903 -24.213 0.178 0 255 131
-23.621 -29.705 0.355 0 0 255
-22.479 -26.784 0.250 0 255 182
-20.865 -25.785 0.253 0 255 178
-23.690 -22.566 0.216 0 17 255
-21.780 -26.423 0.274 0 255 119
-23.190 -26.029 0.191 0 255 199
-20.823 -26.155 0.332 0 0 255
-24.397 -29.527 0.213 0 255 119
-22.049 -26.176 0.249 0 255 114
-22.124 -27.477 0.225 0 255 153
-21.209 -25.118 0.232 0 255 187
-22.524 -17.483 0.180 0 8 255
-22.892 -26.966 0.220 0 255 161
-22.606 -29.370 0.196 0 255 102
-23.832 -27.045 0.182 0 255 136
-22.215 -26.038 0.236 0 255 161
-22.669 -25.663 0.206 0 255 199
-22.957 -26.008 0.208 0 255 208
-25.476 -19.180 0.262 0 0 255
-24.668 -21.593 0.193 0 255 80
-23.654 -22.402 0.209 0 8 255
-24.003 -27.677 0.199 0 178 255
-23.375 -26.506 0.192 0 255 191
-22.120 -24.428 0.234 0 255 170
-22.377 -24.664 0.204 0 255 199
-21.648 -25.423 0.284 0 102 255
-22.976 -26.013 0.195 0 255 229
-24.682 -18.810 0.197 0 0 255
-22.777 -25.143 0.197 0 255 195
-24.260 -17.766 0.190 0 229 255
-24.488 -19.543 0.199 0 0 255
-20.802 -29.803 0.230 0 255 212
-23.232 -26.581 0.202 0 255 157
-18.185 -25.145 0.166 0 255 174
-22.148 -22.640 0.184 0 25 255
-18.634 -26.004 0.173 0 255 144
-21.619 -24.491 0.197 0 255 221
-23.536 -16.571 0.211 0 8 255
-21.212 -30.062 0.231 0 255 170
-19.741 -27.471 0.174 0 255 131
-23.392 -26.697 0.194 0 255 140
-23.598 -31.199 0.175 0 255 229
-22.417 -27.948 0.202 0 255 161
-23.950 -26.970 0.196 0 255 102
-22.325 -24.853 0.233 0 255 170
-19.720 -24.782 0.174 0 255 161
-22.184 -27.777 0.217 0 255 212
-21.886 -27.341 0.234 0 255 165
-23.356 -26.763 0.204 0 255 157
-20.780 -23.471 0.174 0 255 153
-23.323 -29.300 0.210 0 255 119
-21.288 -26.900 0.266 0 255 157
-21.106 -26.810 0.283 0 255 153
-23.116 -27.728 0.206 0 255 153
-24.693 -29.212 0.259 0 255 59
-22.480 -26.549 0.264 0 255 144
-20.687 -28.415 0.256 0 255 165
-22.100 -24.499 0.267 0 238 255
-22.490 -24.699 0.195 0 255 208
-22.552 -26.642 0.248 0 255 153
-22.552 -28.273 0.195 0 255 131
-22.112 -27.606 0.216 0 0 255
-22.654 -27.525 0.208 0 255 212
-21.249 -23.989 0.173 0 255 140
-23.499 -19.909 0.181 0 0 255
-22.580 -31.229 0.250 0 102 255
-24.651 -18.849 0.266 0 0 255
-25.820 -29.129 0.396 0 0 255
-22.080 -24.428 0.343 0 255 233
-24.809 -29.122 0.228 0 255 144
-22.049 -25.411 0.225 0 255 157
-21.349 -25.738 0.260 0 255 106
-24.161 -29.854 0.204 0 144 255
-18.293 -24.970 0.210 0 0 255
-23.778 -27.364 0.184 0 255 229
-22.969 -28.201 0.176 0 255 161
-24.043 -25.666 0.215 0 0 255
-22.027 -29.630 0.176 0 255 127
-25.906 -29.099 0.451 0 42 255
-23.447 -26.626 0.174 0 255 208
-23.749 -27.412 0.189 0 255 212
-18.569 -26.002 0.166 0 255 170
-24.683 -18.795 0.177 0 25 255
-24.336 -22.271 0.294 0 34 255
-21.702 -29.162 0.189 0 255 148
-20.413 -24.603 0.181 0 255 170
-22.811 -26.141 0.218 0 255 144
-22.706 -25.039 0.203 0 255 191
-20.842 -29.239 0.243 0 255 178
-23.280 -25.808 0.178 0 255 178
-23.676 -22.284 0.229 0 0 255
-22.285 -24.923 0.213 0 255 114
-21.612 -25.801 0.259 0 255 157
-22.646 -25.261 0.211 0 255 157
-20.676 -27.696 0.200 0 255 148
-21.084 -29.173 0.171 0 255 161
-19.688 -24.767 0.174 0 255 161
-22.973 -29.067 0.189 0 255 127
-19.703 -26.716 0.219 0 161 255
-21.758 -28.763 0.172 0 255 144
-22.183 -27.207 0.245 0 255 191
-21.830 -25.676 0.239 0 255 153
-22.194 -21.546 0.221 0 0 255
-23.441 -25.195 0.176 0 255 250
-25.126 -18.619 0.181 0 0 255
-20.268 -25.739 0.218 0 255 170
-19.797 -24.980 0.176 0 255 157
-23.616 -26.642 0.177 0 255 161
-23.305 -26.065 0.206 0 255 140
-22.031 -24.477 0.361 0 153 255
-21.726 -25.687 0.259 0 255 148
-22.537 -25.685 0.209 0 255 208
-19.635 -25.129 0.188 0 255 140
-23.058 -27.469 0.194 0 255 161
-23.042 -26.723 0.183 0 255 170
-19.004 -27.877 0.279 0 0 255
-23.786 -27.586 0.181 0 255 161
-22.062 -24.454 0.413 0 0 255
-23.284 -28.228 0.198 0 255 153
-23.489 -19.890 0.186 0 0 255
-22.285 -26.175 0.251 0 255 161
-23.080 -27.752 0.200 0 255 153
-23.248 -26.685 0.232 0 0 255
-23.556 -27.664 0.187 0 25 255
-23.427 -28.359 0.171 0 17 255
-21.496 -28.684 0.212 0 255 144
-21.481 -27.932 0.212 0 255 161
-22.468 -25.803 0.215 0 255 161
-25.081 -28.073 0.181 0 255 136
-22.474 -26.520 0.260 0 255 106
-21.182 -29.981 0.215 0 255 233
-22.251 -24.930 0.222 0 255 157
-20.892 -25.320 0.232 0 255 148
-22.884 -24.554 0.184 0 255 187
-25.574 -27.516 0.182 0 255 114
-25.816 -29.094 0.392 0 0 255
-22.049 -24.507 0.304 0 42 255
-23.364 -25.390 0.180 0 255 165
-22.087 -24.526 0.361 0 76 255
-22.772 -26.433 0.221 0 255 170
-21.962 -23.115 0.178 0 0 255
-23.555 -26.424 0.184 0 255 216
-24.063 -26.892 0.245 0 255 136
-23.059 -27.388 0.206 0 255 161
-24.502 -27.164 0.179 0 255 161
-23.478 -29.865 0.171 0 255 123
-24.291 -21.177 0.183 0 0 255
-20.116 -24.410 0.168 0 255 165
-22.511 -29.184 0.213 0 255 136
-20.484 -26.465 0.281 0 255 157
-19.205 -24.443 0.187 0 255 165
-21.697 -26.124 0.274 0 195 255
-22.668 -30.997 0.217 0 0 255
-22.862 -25.383 0.219 0 255 161
-20.657 -24.250 0.189 0 255 170
-23.629 -19.328 0.204 0 0 255
-21.409 -26.171 0.244 0 255 153
-20.795 -28.458 0.317 0 59 255
-22.584 -26.852 0.214 0 0 255
-23.802 -26.834 0.170 0 255 161
-23.885 -21.803 0.173 0 255 195
-23.182 -26.224 0.171 0 255 225
-23.423 -27.755 0.202 0 255 136
-21.460 -26.425 0.263 0 255 140
-23.643 -27.117 0.173 0 255 238
-23.186 -28.780 0.172 0 255 187
-23.144 -27.399 0.183 0 255 123
-22.586 -27.932 0.184 0 25 255
-22.268 -22.997 0.178 0 255 208
-24.653 -18.852 0.200 0 25 255
-22.709 -25.725 0.184 0 255 191
-26.076 -17.708 0.180 0 17 255
-20.293 -24.602 0.197 0 204 255
-22.469 -28.299 0.199 0 8 255
-22.116 -25.421 0.214 0 255 174
-21.907 -24.173 0.183 0 255 174
-23.744 -26.918 0.183 0 255 153
-20.886 -28.201 0.248 0 0 255
-22.568 -25.451 0.189 0 68 255
-25.586 -27.450 0.276 0 17 255
-23.024 -27.307 0.198 0 144 255
-24.190 -27.323 0.172 0 255 161
-23.647 -27.023 0.188 0 255 182
-22.100 -25.385 0.223 0 255 165
-22.943 -25.547 0.197 0 85 255
-19.517 -24.275 0.182 0 255 161
-23.183 -24.552 0.184 0 255 110
-23.374 -27.617 0.216 0 255 153
-22.278 -28.182 0.197 0 255 170
-20.520 -28.750 0.173 0 255 174
-21.379 -26.643 0.275 0 255 165
-21.006 -27.768 0.225 0 255 123
-22.079 -24.262 0.199 0 178 255
-22.037 -26.628 0.263 0 255 153
-23.336 -27.884 0.216 0 255 123
-25.840 -19.969 0.192 0 0 255
-29.546 -21.302 0.241 0 255 140
-18.367 -25.000 0.185 0 255 161
-21.871 -23.856 0.194 0 221 255
-21.688 -25.327 0.216 0 17 255
-21.890 -27.810 0.217 0 255 157
-20.368 -26.021 0.219 0 255 161
-22.668 -28.191 0.191 0 255 170
-21.255 -27.953 0.231 0 255 148
-22.901 -27.247 0.194 0 255 182
-24.150 -30.531 0.192 0 255 199
-24.115 -26.872 0.190 0 255 89
-24.524 -19.464 0.206 0 0 255
-23.103 -20.236 0.192 0 119 255
-22.554 -29.229 0.314 0 0 255
-22.489 -28.039 0.202 0 255 148
-24.635 -18.846 0.212 0 76 255
-25.324 -28.505 0.174 0 255 131
-23.252 -24.827 0.184 0 255 187
-23.455 -26.691 0.176 0 255 161
-23.236 -25.265 0.178 0 255 191
-22.858 -27.703 0.216 0 255 153
-21.402 -24.386 0.218 0 246 255
-23.566 -26.922 0.190 0 255 140
-23.336 -29.327 0.189 0 255 93
-21.306 -28.391 0.200 0 255 123
-23.126 -26.169 0.188 0 255 212
-22.858 -25.272 0.204 0 255 157
-23.794 -27.540 0.227 0 255 93
-21.183 -25.582 0.223 0 255 165
-23.472 -27.014 0.196 0 255 157
-22.393 -27.123 0.242 0 255 170
-25.151 -17.522 0.232 0 0 255
-19.055 -27.895 0.353 0 0 255
-23.892 -30.109 0.216 0 255 76
-19.310 -26.741 0.200 0 93 255
-19.213 -26.805 0.172 0 255 255
-23.386 -28.057 0.188 0 255 157
-23.430 -25.159 0.179 0 255 140
-22.762 -26.691 0.230 0 255 153
-22.008 -28.917 0.174 0 255 208
-25.175 -17.455 0.176 0 0 255
-22.068 -26.050 0.242 0 255 170
-23.884 -28.118 0.171 0 255 140
-23.654 -28.139 0.172 0 255 208
-22.589 -24.546 0.201 0 255 178
-24.752 -18.799 0.191 0 34 255
-22.128 -27.010 0.236 0 255 144
-21.972 -25.961 0.241 0 255 170
-20.216 -26.339 0.241 0 255 165
-22.299 -26.647 0.263 0 255 148
-22.534 -24.221 0.174 0 255 246
-22.558 -25.685 0.191 0 255 161
-22.172 -24.670 0.204 0 136 255
-23.389 -29.617 0.194 0 255 178
-20.746 -26.196 0.326 0 255 165
-23.648 -26.898 0.197 0 255 225
-23.191 -28.003 0.203 0 255 148
-23.890 -27.542 0.179 0 255 233
-20.957 -26.354 0.306 0 255 131
-22.363 -28.314 0.185 0 255 165
-25.420 -27.425 0.190 0 255 221
-24.264 -29.807 0.179 0 255 106
-21.738 -29.131 0.342 0 0 255
-20.740 -28.496 0.286 0 255 238
-23.403 -29.132 0.172 0 255 123
-21.432 -28.505 0.179 0 255 161
-20.691 -28.419 0.261 0 255 148
-22.836 -27.670 0.238 0 255 106
-23.247 -26.405 0.183 0 255 136
-21.749 -27.639 0.226 0 255 165
-21.093 -29.410 0.276 0 255 246
-23.433 -26.651 0.179 0 255 178
-20.109 -28.551 0.196 0 255 153
-23.809 -26.437 0.176 0 255 140
-24.747 -18.805 0.192 0 0 255
-22.862 -27.725 0.231 0 255 161
-20.330 -26.338 0.233 0 255 174
-21.535 -27.526 0.235 0 255 148
-23.213 -25.048 0.185 0 42 255
-20.379 -23.995 0.177 0 255 153
-18.358 -24.871 0.183 0 255 191
-23.088 -20.313 0.208 0 255 174
-22.143 -24.265 0.184 0 255 157
-21.279 -28.460 0.281 0 255 153
-25.134 -28.013 0.206 0 59 255
-22.331 -26.060 0.228 0 255 148
-19.025 -27.851 0.249 0 8 255
-23.382 -27.705 0.213 0 255 157
-21.164 -27.187 0.274 0 255 161
-18.832 -26.521 0.173 0 255 229
-22.040 -28.122 0.205 0 255 178
-25.822 -29.114 0.254 0 8 255
-22.558 -26.578 0.241 0 68 255
-22.247 -27.221 0.217 0 8 255
-22.114 -28.568 0.189 0 255 170
-21.761 -25.298 0.265 0 0 255
-22.678 -31.272 0.189 0 0 255
-21.110 -28.250 0.202 0 255 153
-23.211 -25.250 0.179 0 255 161
-20.669 -25.887 0.201 0 255 178
-20.331 -25.902 0.238 0 255 182
-21.250 -27.265 0.242 0 255 216
-24.904 -28.017 0.273 0 0 255
-21.191 -30.071 0.193 0 255 153
-20.720 -28.431 0.308 0 255 191
-22.578 -26.352 0.228 0 255 161
-21.594 -24.691 0.203 0 170 255
-21.113 -26.223 0.302 0 102 255
-24.567 -29.295 0.190 0 255 233
-21.431 -26.959 0.255 0 255 144
-20.137 -26.654 0.228 0 255 153
-23.175 -18.321 0.235 0 8 255
-22.309 -24.925 0.224 0 255 157
-22.015 -24.665 0.249 0 42 255
-19.095 -27.891 0.230 0 255 182
-21.827 -27.002 0.267 0 255 165
-24.182 -29.823 0.237 0 255 157
-19.286 -25.701 0.215 0 255 136
-22.480 -28.403 0.211 0 255 153
-23.230 -29.668 0.216 0 255 140
-19.909 -25.318 0.174 0 212 255
-22.140 -27.278 0.269 0 0 255
-21.270 -25.103 0.208 0 255 165
-23.902 -29.571 0.174 0 255 119
-21.034 -26.649 0.305 0 255 136
-21.951 -23.815 0.182 0 255 195
-23.173 -26.430 0.171 0 255 255
-22.562 -27.774 0.226 0 255 131
-21.164 -30.100 0.367 0 0 255
-20.840 -28.828 0.258 0 229 255
-20.496 -29.073 0.185 0 255 165
-22.921 -18.794 0.220 0 0 255
-23.434 -26.259 0.179 0 255 161
-22.036 -26.964 0.257 0 255 170
-21.986 -25.815 0.244 0 255 148
-20.402 -24.758 0.181 0 255 161
-21.650 -28.344 0.188 0 255 161
-20.832 -29.191 0.279 0 255 238
-23.611 -27.992 0.187 0 255 157
-23.337 -27.429 0.187 0 255 178
-22.656 -31.258 0.255 0 255 170
-22.304 -27.314 0.245 0 195 255
-23.937 -31.330 0.197 0 93 255
-22.686 -23.788 0.178 0 0 255
-21.755 -25.668 0.243 0 255 153
-23.409 -25.428 0.180 0 255 191
-23.455 -24.796 0.200 0 0 255
-20.380 -24.943 0.192 0 255 187
-21.728 -29.169 0.352 0 0 255
-23.284 -29.659 0.267 0 255 153
-23.011 -27.408 0.206 0 255 153
-23.167 -27.356 0.188 0 255 148
-21.648 -27.922 0.214 0 255 204
-21.916 -25.021 0.221 0 178 255
-24.055 -26.799 0.194 0 255 153
-23.664 -28.509 0.171 0 255 174
-22.610 -24.963 0.205 0 255 238
-22.875 -29.518 0.208 0 255 153
-23.546 -26.844 0.193 0 255 131
-22.702 -29.369 0.183 0 255 161
-23.537 -26.622 0.184 0 255 161
-21.421 -25.140 0.208 0 255 161
-24.477 -27.190 0.193 0 255 106
-22.070 -27.226 0.245 0 255 165
-23.421 -27.740 0.197 0 51 255
-21.217 -27.430 0.269 0 255 170
-23.160 -24.987 0.189 0 255 191
-23.216 -28.213 0.200 0 255 187
-23.292 -28.318 0.195 0 255 161
-22.135 -24.393 0.242 0 255 238
-18.964 -25.979 0.179 0 255 165
-20.293 -28.019 0.190 0 255 157
-22.553 -30.413 0.215 0 255 153
-21.405 -25.057 0.222 0 255 182
-24.992 -17.818 0.213 0 0 255
-23.587 -27.826 0.176 0 255 131
-23.039 -25.978 0.202 0 255 221
-23.174 -25.536 0.184 0 255 233
-22.113 -27.029 0.243 0 255 191
-20.134 -26.914 0.201 0 255 144
-23.840 -27.331 0.181 0 255 212
-18.992 -27.911 0.251 0 0 255
-22.247 -26.478 0.256 0 93 255
-23.861 -28.770 0.175 0 255 131
-21.650 -26.703 0.246 0 0 255
-23.059 -26.853 0.186 0 221 255
-19.886 -22.322 1.077 0 17 255
-22.725 -25.766 0.213 0 255 170
