4.692 -16.601 0.271 0 255 161
4.061 -17.211 0.301 0 255 123
3.667 -20.014 0.365 0 255 127
3.555 -20.677 0.297 0 255 114
3.745 -17.409 0.313 0 255 114
2.952 -21.906 0.169 0 255 136
3.224 -20.054 0.304 0 255 123
2.612 -16.565 0.249 0 255 131
4.134 -16.970 0.293 0 42 255
2.845 -16.537 0.330 0 255 153
3.179 -23.458 0.147 0 255 157
3.954 -17.026 0.265 0 255 140
4.543 -18.708 0.468 0 8 255
2.773 -22.786 0.159 0 255 110
4.720 -20.091 0.248 0 255 123
2.247 -18.176 0.448 0 17 255
2.513 -18.902 0.151 0 255 131
3.020 -21.374 0.168 0 255 136
3.460 -19.712 0.318 0 255 119
2.405 -19.134 0.229 0 255 110
2.925 -19.229 0.172 0 255 114
3.864 -26.659 0.300 0 0 255
3.207 -17.783 0.344 0 255 165
4.306 -26.115 0.340 0 161 255
2.648 -18.862 0.150 0 255 182
4.932 -19.817 0.369 0 0 255
4.606 -16.755 0.345 0 255 157
5.496 -18.970 0.438 0 0 255
5.109 -27.664 0.181 0 255 153
2.766 -21.742 0.158 0 42 255
3.799 -17.384 0.360 0 255 80
2.990 -17.389 0.320 0 255 182
3.046 -19.157 0.197 0 255 153
4.733 -19.621 0.333 0 0 255
2.318 -18.681 0.420 0 25 255
2.541 -16.953 0.212 0 8 255
3.381 -16.327 0.302 0 255 42
4.807 -21.151 0.333 0 255 144
3.644 -21.875 0.271 0 255 140
2.692 -19.099 0.169 0 246 255
3.275 -22.075 0.293 0 85 255
4.596 -27.053 0.148 0 255 153
2.207 -17.040 0.436 0 8 255
3.614 -20.080 0.362 0 255 153
2.317 -18.079 0.161 0 255 148
4.866 -31.176 0.216 0 255 144
3.862 -18.163 0.340 0 255 25
3.255 -21.276 0.293 0 144 255
2.465 -16.862 0.243 0 255 114
3.966 -21.632 0.254 0 255 42
2.468 -16.378 0.278 0 255 131
4.717 -29.884 1.144 0 144 255
2.376 -16.691 0.187 0 17 255
3.505 -17.487 0.294 0 229 255
5.799 -23.167 0.177 0 8 255
3.969 -16.285 0.151 0 255 102
2.251 -17.203 0.202 0 255 144
4.361 -16.849 0.280 0 255 136
3.529 -19.310 0.371 0 255 97
4.340 -17.001 0.278 0 102 255
3.489 -20.059 0.387 0 255 136
4.858 -30.659 0.157 0 255 174
4.671 -20.749 0.261 0 255 208
4.949 -27.499 0.389 0 255 212
6.091 -27.374 0.198 0 255 148
2.540 -20.171 0.235 0 51 255
3.154 -17.809 0.271 0 255 123
3.946 -17.539 0.313 0 0 255
2.877 -21.741 0.152 0 0 255
5.098 -31.303 0.287 0 255 199
5.618 -17.044 0.280 0 255 97
3.317 -18.050 0.265 0 255 144
4.567 -18.554 0.351 0 255 59
5.654 -23.230 0.228 0 255 165
3.739 -16.181 0.228 0 255 80
3.600 -21.195 0.262 0 255 140
4.300 -16.381 0.211 0 255 110
3.709 -26.124 0.325 0 59 255
4.222 -28.319 0.361 0 0 255
4.904 -27.709 0.496 0 136 255
4.794 -24.529 0.470 0 42 255
2.226 -17.736 0.406 0 51 255
2.676 -19.427 0.147 0 255 144
3.616 -19.832 0.312 0 255 127
4.148 -27.979 0.346 0 0 255
3.891 -19.880 0.332 0 255 127
4.363 -24.372 0.232 0 255 136
5.507 -17.083 0.265 0 255 123
2.203 -17.981 0.208 0 255 233
4.632 -18.665 0.408 0 119 255
3.932 -17.230 0.297 0 255 119
3.354 -19.643 0.214 0 255 97
5.754 -23.900 0.212 0 255 212
3.704 -23.024 0.508 0 0 255
4.823 -20.063 0.315 0 255 127
2.861 -17.409 0.300 0 255 170
2.836 -17.045 0.386 0 255 80
2.810 -21.951 0.346 0 25 255
2.519 -20.151 0.338 0 51 255
2.354 -17.566 0.197 0 255 144
5.327 -22.475 0.207 0 0 255
3.004 -16.928 0.360 0 255 8
3.667 -23.122 0.203 0 255 114
3.543 -16.185 0.223 0 255 148
3.463 -16.020 0.197 0 255 106
2.362 -19.012 0.379 0 8 255
2.604 -17.310 0.197 0 255 165
3.206 -20.086 0.332 0 255 110
5.266 -19.901 0.271 0 255 165
2.358 -16.952 0.222 0 255 140
2.960 -19.613 0.259 0 255 136
3.803 -18.333 0.313 0 255 148
5.023 -22.873 0.230 0 255 136
3.883 -17.572 0.269 0 255 153
3.414 -18.798 0.302 0 255 89
3.092 -20.896 0.234 0 255 114
4.346 -22.008 0.348 0 102 255
3.382 -19.729 0.317 0 255 157
3.175 -20.256 0.500 0 8 255
5.313 -19.871 0.282 0 255 187
2.221 -17.175 0.267 0 255 127
2.243 -17.675 0.186 0 255 178
3.690 -20.133 0.324 0 255 187
3.667 -16.270 0.246 0 255 21
3.142 -19.365 0.270 0 255 157
3.908 -21.188 0.316 0 255 102
3.097 -19.781 0.206 0 255 131
2.627 -17.018 0.307 0 255 136
2.418 -16.372 0.239 0 255 136
2.214 -16.695 0.417 0 34 255
2.936 -22.597 0.261 0 34 255
7.148 -27.578 0.461 0 0 255
3.628 -16.504 0.338 0 255 21
3.922 -21.872 0.300 0 255 144
4.064 -16.359 0.159 0 255 140
7.125 -25.874 0.218 0 42 255
3.119 -20.175 0.474 0 59 255
4.279 -21.627 0.433 0 0 255
2.228 -16.498 0.396 0 8 255
4.851 -30.220 0.832 0 0 255
2.355 -18.962 0.221 0 25 255
3.188 -15.803 0.205 0 255 119
2.195 -16.439 0.226 0 255 148
3.622 -25.402 0.424 0 0 255
2.794 -16.950 0.320 0 255 165
2.262 -17.970 0.385 0 0 255
4.830 -30.572 0.420 0 0 255
3.574 -25.344 0.383 0 0 255
2.904 -22.426 0.355 0 8 255
2.399 -18.826 0.156 0 255 161
3.577 -18.840 0.324 0 255 144
3.714 -16.201 0.248 76 255 0
3.785 -21.101 0.305 0 255 140
3.809 -22.654 0.178 0 255 148
4.060 -27.608 0.309 0 34 255
3.598 -21.994 0.357 0 0 255
4.776 -18.802 0.387 0 0 255
4.588 -16.465 0.205 0 255 144
4.303 -24.304 0.527 0 102 255
3.128 -18.369 0.271 0 255 157
3.160 -23.132 0.223 0 0 255
3.970 -17.110 0.303 0 161 255
2.927 -20.103 0.210 0 255 157
3.227 -15.770 0.147 0 255 153
2.673 -20.146 0.219 0 255 76
2.944 -18.542 0.337 0 0 255
3.672 -18.869 0.280 0 51 255
3.922 -24.090 0.235 0 255 174
2.193 -17.245 0.153 0 255 178
5.230 -26.399 0.292 0 238 255
4.739 -29.853 1.006 0 102 255
4.892 -16.519 0.168 0 255 144
4.174 -19.030 0.290 0 0 255
2.564 -17.600 0.173 0 255 255
5.880 -17.795 0.201 0 255 242
4.575 -27.659 0.403 0 76 255
2.227 -18.047 0.155 0 255 136
2.428 -17.950 0.247 0 255 123
2.591 -20.376 0.401 0 0 255
2.261 -17.020 0.271 0 59 255
3.441 -19.603 0.267 0 255 110
2.426 -19.587 0.403 0 59 255
4.275 -18.579 0.275 0 0 255
4.242 -19.198 0.370 0 0 255
3.587 -20.017 0.342 0 255 119
4.921 -16.900 0.271 0 255 114
7.823 -27.273 0.233 0 0 255
5.027 -17.771 0.272 0 255 140
4.790 -31.091 0.257 0 255 187
3.819 -21.068 0.293 0 255 148
4.898 -30.168 0.573 0 255 165
3.374 -20.196 0.352 0 255 136
4.769 -17.606 0.316 0 255 119
3.081 -21.431 0.186 0 255 153
3.244 -17.061 0.269 0 255 97
3.384 -16.095 0.270 0 255 153
7.107 -27.629 0.380 0 8 255
3.606 -25.652 0.340 0 25 255
3.532 -20.374 0.319 0 255 114
4.515 -16.558 0.213 0 255 106
4.025 -18.904 0.240 0 255 157
3.564 -18.258 0.382 0 17 255
2.681 -16.381 0.325 0 255 114
4.617 -17.677 0.352 0 255 4
4.533 -16.862 0.267 0 255 102
3.596 -25.676 0.348 0 59 255
4.645 -29.710 0.412 0 0 255
2.437 -18.774 0.154 0 255 102
4.495 -28.566 0.394 0 0 255
2.991 -20.505 0.147 0 255 136
3.661 -19.013 0.316 0 255 123
4.410 -23.265 0.338 0 0 255
3.625 -20.270 0.410 0 255 250
3.721 -17.208 0.223 0 255 131
3.496 -19.195 0.264 0 0 255
2.924 -19.774 0.187 0 0 255
4.755 -27.455 0.303 0 255 144
3.589 -18.032 0.502 0 0 255
3.307 -19.009 0.237 0 255 136
2.262 -17.686 0.203 0 255 238
2.316 -17.270 0.202 0 255 170
5.603 -18.659 0.273 0 8 255
3.337 -24.361 0.424 0 25 255
4.740 -24.437 0.287 0 255 144
5.772 -18.513 0.336 0 0 255
4.709 -27.060 0.148 0 255 195
4.531 -18.831 0.398 0 17 255
2.249 -17.258 0.422 0 0 255
4.447 -24.172 0.234 0 255 51
3.231 -19.917 0.337 0 255 157
4.361 -22.329 0.226 0 255 119
4.523 -19.679 0.245 0 255 144
3.597 -16.414 0.308 0 255 38
4.409 -16.515 0.186 0 255 106
4.960 -25.872 0.266 0 170 255
3.306 -17.516 0.310 0 255 89
3.202 -18.212 0.269 0 255 144
4.266 -23.533 0.212 0 255 140
3.475 -16.363 0.275 0 0 255
4.826 -18.322 0.302 0 255 131
4.120 -22.193 0.383 0 0 255
3.873 -26.935 0.338 0 25 255
2.820 -19.909 0.175 0 161 255
4.007 -21.185 0.271 0 255 153
2.809 -17.104 0.304 0 255 127
2.364 -16.850 0.212 0 127 255
4.139 -17.666 0.310 0 255 85
3.777 -20.886 0.389 0 255 136
2.301 -18.565 0.317 0 8 255
2.675 -22.651 0.173 0 0 255
2.184 -16.458 0.421 0 8 255
2.501 -17.448 0.245 0 255 123
4.546 -24.935 0.212 0 255 123
5.047 -17.783 0.257 0 119 255
4.535 -17.632 0.368 0 8 255
3.201 -17.344 0.303 0 255 136
5.041 -25.833 0.287 0 17 255
4.632 -16.699 0.259 0 255 127
3.082 -19.813 0.224 0 136 255
4.511 -24.017 0.207 0 255 233
3.709 -20.221 0.341 0 8 255
2.839 -17.535 0.309 0 255 161
3.677 -23.061 0.388 0 212 255
4.606 -25.003 0.159 0 255 144
3.642 -25.678 0.326 0 42 255
4.688 -16.744 0.319 0 255 106
3.408 -25.269 0.336 0 178 255
4.588 -19.672 0.288 0 255 144
3.039 -20.091 0.460 0 85 255
2.316 -18.766 0.393 0 25 255
3.266 -24.115 0.360 0 51 255
2.479 -19.771 0.338 0 25 255
2.402 -16.592 0.305 0 8 255
4.532 -17.675 0.339 0 255 123
5.715 -24.483 0.199 0 255 255
2.767 -21.808 0.351 0 25 255
3.530 -19.964 0.348 0 255 136
4.442 -21.519 0.481 0 119 255
6.152 -26.570 0.175 0 255 119
3.361 -17.635 0.323 0 255 76
2.870 -19.672 0.171 0 255 127
3.557 -18.865 0.313 0 255 119
4.891 -30.170 0.533 0 238 255
2.310 -16.314 0.177 0 255 144
4.002 -21.771 0.319 0 255 174
4.286 -17.335 0.265 0 255 114
4.833 -30.043 1.036 0 25 255
3.067 -20.267 0.287 0 255 199
4.804 -30.190 1.197 0 255 165
2.853 -19.601 0.152 0 255 136
2.870 -16.511 0.381 0 255 148
4.227 -24.187 0.314 0 255 127
3.729 -18.307 0.300 0 255 216
6.175 -17.272 0.296 0 0 255
6.042 -26.754 0.184 0 255 123
2.348 -16.927 0.215 0 255 153
5.500 -22.598 0.274 0 0 255
4.055 -22.030 0.365 0 17 255
4.326 -16.852 0.263 0 255 127
4.972 -27.387 0.483 0 93 255
3.865 -17.473 0.291 0 255 144
3.017 -22.074 0.262 0 25 255
3.210 -19.153 0.253 0 255 123
2.757 -17.526 0.181 0 255 157
4.786 -24.518 0.501 0 51 255
2.493 -20.018 0.390 0 34 255
3.388 -20.305 0.408 4 255 0
4.029 -23.054 0.164 0 255 119
3.108 -17.369 0.327 0 136 255
3.644 -16.350 0.331 0 255 55
3.905 -20.200 0.472 0 17 255
2.874 -18.030 0.188 0 0 255
4.719 -17.650 0.318 0 255 110
4.061 -17.625 0.350 0 255 119
5.009 -23.914 0.268 0 93 255
2.543 -17.050 0.306 0 255 178
3.393 -25.187 0.330 0 255 165
2.371 -18.832 0.419 0 0 255
4.064 -22.089 0.574 0 0 255
3.710 -21.641 0.394 0 255 204
7.821 -27.274 0.218 0 0 255
3.655 -18.013 0.389 0 255 165
3.034 -18.116 0.258 0 255 161
2.250 -17.646 0.395 0 8 255
6.503 -24.948 0.296 0 0 255
4.800 -18.244 0.288 0 255 161
7.300 -27.727 0.211 0 0 255
4.835 -20.060 0.337 0 255 140
2.773 -22.032 0.156 0 255 165
2.420 -17.064 0.272 0 59 255
3.835 -20.187 0.494 0 255 233
3.875 -17.493 0.285 0 255 140
3.261 -16.041 0.256 0 255 153
3.335 -17.517 0.344 0 255 93
4.963 -24.034 0.288 0 0 255
3.339 -16.685 0.296 0 255 140
3.607 -19.693 0.344 0 255 136
2.725 -21.380 0.203 0 17 255
5.501 -17.039 0.284 0 255 165
4.554 -19.598 0.228 0 255 153
3.668 -16.817 0.245 0 255 127
2.534 -19.676 0.345 0 255 161
4.569 -21.305 0.363 0 0 255
3.117 -20.173 0.327 0 255 131
4.576 -21.565 0.350 0 255 178
4.372 -18.655 0.392 0 255 157
3.708 -26.056 0.242 0 76 255
3.310 -16.270 0.298 0 255 119
3.287 -20.023 0.369 0 229 255
3.859 -26.886 0.242 0 68 255
3.357 -19.215 0.258 0 255 140
4.831 -24.249 0.288 0 102 255
4.564 -22.210 0.338 0 0 255
3.021 -22.678 0.183 0 17 255
4.747 -16.354 0.211 0 255 80
6.442 -24.863 0.208 0 51 255
3.177 -20.074 0.404 0 255 165
4.796 -30.195 1.250 0 255 136
4.201 -26.854 0.190 0 255 63
4.843 -25.878 0.261 0 255 123
2.869 -18.440 0.180 0 255 165
3.883 -17.197 0.323 0 255 110
5.359 -19.846 0.232 0 255 136
3.557 -16.021 0.160 0 255 161
4.389 -16.198 0.161 0 255 93
4.025 -27.603 0.344 0 34 255
2.433 -19.290 0.224 0 255 157
2.816 -21.988 0.352 0 25 255
3.051 -19.362 0.271 0 255 161
2.281 -17.302 0.236 0 255 136
2.844 -16.727 0.354 0 34 255
3.290 -20.121 0.399 0 255 123
3.889 -20.084 0.467 0 0 255
3.147 -20.024 0.290 0 255 140
3.597 -20.811 0.318 0 170 255
3.623 -20.014 0.345 0 255 191
3.816 -19.924 0.308 0 255 127
2.804 -22.069 0.159 0 187 255
5.138 -23.937 0.343 0 0 255
4.011 -20.881 0.350 0 255 102
2.234 -16.385 0.174 0 255 97
2.658 -20.967 0.332 0 85 255
4.684 -17.735 0.288 0 255 161
2.663 -20.566 0.197 0 25 255
3.022 -18.631 0.297 0 255 119
2.341 -17.896 0.252 0 144 255
2.937 -22.671 0.250 0 25 255
4.456 -18.689 0.382 0 255 144
3.680 -25.651 0.312 0 0 255
4.102 -27.756 0.151 0 204 255
5.053 -21.099 0.369 0 25 255
3.032 -20.321 0.301 0 255 110
3.098 -20.511 0.161 0 255 178
4.312 -16.565 0.254 0 255 127
4.340 -18.878 0.269 0 255 157
2.770 -21.720 0.270 0 51 255
3.597 -19.365 0.329 0 255 161
3.299 -19.343 0.235 0 255 191
6.195 -23.205 0.282 0 0 255
4.278 -24.202 0.265 0 255 148
3.418 -18.840 0.320 0 255 140
2.614 -17.829 0.243 0 255 119
3.597 -16.309 0.232 0 255 123
3.888 -24.036 0.201 0 255 102
2.312 -18.944 0.394 0 0 255
5.063 -27.425 0.519 0 25 255
2.804 -17.057 0.339 0 255 106
3.390 -21.355 0.249 0 255 153
2.809 -22.126 0.292 0 93 255
3.751 -17.351 0.372 0 255 119
2.961 -18.000 0.249 0 255 119
2.907 -22.174 0.389 0 0 255
4.528 -21.716 0.270 0 255 250
2.371 -16.566 0.171 0 0 255
3.208 -23.279 0.211 25 255 0
3.356 -20.441 0.270 0 255 165
3.335 -22.219 0.284 12 255 0
3.401 -18.275 0.282 0 255 140
2.888 -19.412 0.234 0 255 131
4.230 -24.407 0.339 0 102 255
2.214 -16.533 0.195 0 59 255
3.528 -19.153 0.357 0 187 255
3.254 -21.085 0.206 0 255 97
2.941 -18.254 0.174 0 255 119
2.258 -17.942 0.161 0 255 131
3.793 -21.670 0.335 0 255 140
4.263 -16.701 0.147 0 255 131
5.457 -17.910 0.322 0 153 255
4.693 -28.867 0.372 0 85 255
2.637 -17.292 0.219 0 255 170
5.746 -18.553 0.265 0 17 255
3.998 -17.955 0.336 0 255 127
2.438 -17.450 0.196 0 255 182
2.661 -19.365 0.153 0 0 255
3.095 -16.869 0.349 34 255 0
4.371 -17.268 0.305 0 255 127
3.596 -20.095 0.432 0 255 106
2.504 -20.171 0.222 0 51 255
3.546 -16.390 0.324 38 255 0
3.067 -18.219 0.229 0 8 255
3.142 -17.392 0.266 0 255 157
3.452 -16.402 0.266 0 255 106
3.690 -23.099 0.308 0 212 255
5.762 -16.900 0.252 0 8 255
4.179 -21.109 0.331 0 255 157
2.808 -19.854 0.154 0 255 123
5.535 -19.508 0.247 0 0 255
4.171 -21.251 0.247 0 255 148
4.349 -16.409 0.194 0 255 119
3.170 -18.812 0.303 0 255 144
6.277 -26.756 0.390 0 8 255
3.727 -26.035 0.248 0 51 255
2.859 -19.300 0.196 0 255 136
3.463 -21.597 0.177 0 255 165
4.888 -18.821 0.314 59 255 0
2.786 -22.583 0.213 0 8 255
2.191 -16.572 0.194 0 255 110
2.560 -20.180 0.219 0 0 255
3.520 -25.538 0.353 0 25 255
3.063 -20.335 0.158 0 255 229
3.166 -23.548 0.312 0 8 255
4.076 -23.757 0.228 0 204 255
3.717 -23.087 0.361 0 221 255
3.297 -22.149 0.323 0 255 114
4.643 -16.863 0.300 0 255 144
2.681 -21.123 0.384 0 17 255
3.188 -19.505 0.276 0 255 93
3.077 -19.585 0.269 0 255 136
3.409 -25.083 0.162 0 255 76
2.234 -17.235 0.234 0 255 140
3.950 -27.219 0.333 0 17 255
4.356 -28.737 0.229 0 255 140
4.103 -22.568 0.365 0 0 255
3.123 -19.161 0.244 0 255 114
3.015 -16.543 0.317 0 255 255
3.736 -19.153 0.339 0 255 148
4.300 -28.558 0.439 0 25 255
4.326 -19.088 0.298 0 255 187
2.794 -22.642 0.218 0 0 255
4.677 -28.843 0.348 0 0 255
3.782 -23.702 0.219 0 0 255
3.002 -20.108 0.465 0 0 255
2.443 -17.381 0.209 0 255 174
2.550 -20.170 0.458 0 0 255
7.359 -27.487 0.219 0 0 255
5.110 -24.549 0.370 0 0 255
4.085 -18.096 0.511 0 17 255
4.226 -25.105 0.312 0 136 255
4.376 -18.606 0.381 0 255 119
4.017 -17.965 0.302 0 255 136
3.590 -16.334 0.272 0 255 59
3.236 -17.685 0.309 0 255 165
7.282 -27.032 0.286 0 0 255
2.722 -17.266 0.317 0 255 102
2.221 -16.880 0.444 0 0 255
4.844 -23.232 0.193 0 255 110
2.362 -16.882 0.167 0 255 140
3.914 -17.456 0.248 0 255 110
2.909 -19.281 0.210 0 0 255
4.068 -17.858 0.250 0 255 131
3.372 -19.684 0.316 0 255 131
2.890 -21.398 0.298 0 0 255
4.332 -18.586 0.345 0 0 255
8.738 -24.649 0.194 0 0 255
3.759 -18.968 0.238 0 255 140
2.872 -17.040 0.304 0 178 255
3.648 -23.110 0.564 0 17 255
5.029 -18.330 0.290 0 255 148
4.258 -16.845 0.285 0 255 123
3.834 -21.673 0.293 0 255 131
2.463 -19.593 0.409 0 68 255
5.086 -23.272 0.232 0 255 131
3.697 -26.064 0.325 0 8 255
6.287 -26.560 0.221 0 255 204
5.771 -18.865 0.243 0 229 255
2.228 -17.482 0.156 0 255 127
3.560 -17.869 0.351 0 255 89
2.995 -19.066 0.174 0 255 165
2.364 -18.370 0.180 0 255 153
3.860 -24.125 0.200 0 255 106
3.356 -21.276 0.271 0 255 144
3.591 -17.250 0.363 0 255 199
2.856 -18.620 0.260 0 255 63
3.961 -21.651 0.448 0 0 255
2.989 -21.679 0.176 0 255 93
5.734 -17.612 0.357 0 0 255
4.387 -18.529 0.345 0 255 157
2.958 -22.153 0.378 0 25 255
4.930 -16.731 0.275 0 255 157
4.489 -16.542 0.210 0 255 68
3.697 -19.968 0.364 0 153 255
6.634 -24.829 0.342 0 0 255
4.131 -20.166 0.338 0 255 127
2.292 -16.565 0.196 0 255 216
2.979 -16.308 0.166 0 255 136
4.777 -30.129 1.120 0 255 216
2.861 -21.282 0.214 0 8 255
3.038 -21.292 0.181 0 153 255
4.666 -25.751 0.199 0 255 144
3.937 -23.627 0.180 0 255 131
4.715 -17.123 0.311 0 0 255
4.187 -16.628 0.191 0 255 131
4.035 -22.556 0.326 0 8 255
3.652 -16.392 0.279 0 255 114
2.245 -17.218 0.280 0 34 255
3.025 -17.433 0.336 0 255 136
4.687 -25.701 0.176 0 255 136
3.251 -21.337 0.180 0 255 119
3.630 -17.367 0.260 0 255 119
4.969 -27.113 0.231 0 51 255
5.023 -27.526 0.163 0 255 140
4.984 -21.099 0.350 0 0 255
2.437 -16.968 0.313 0 255 131
4.228 -22.023 0.298 0 255 131
4.550 -23.189 0.272 0 0 255
4.424 -16.135 0.192 0 255 89
2.978 -17.755 0.284 0 255 225
4.111 -21.904 0.442 0 0 255
5.394 -16.607 0.241 0 255 148
5.583 -18.503 0.245 0 255 148
4.856 -27.019 0.262 0 255 72
3.632 -16.287 0.259 0 178 255
2.344 -16.376 0.283 0 255 93
2.448 -19.090 0.171 0 255 106
3.583 -17.636 0.337 4 255 0
3.881 -17.926 0.334 0 255 93
4.063 -18.770 0.224 0 255 144
3.187 -20.826 0.217 0 255 123
3.742 -21.996 0.368 0 17 255
2.511 -16.695 0.196 0 255 106
3.857 -20.626 0.414 0 212 255
3.075 -21.513 0.495 0 0 255
3.118 -20.324 0.177 0 255 136
3.302 -19.021 0.322 0 255 106
4.565 -24.546 0.440 0 8 255
4.258 -17.021 0.303 0 255 140
3.488 -18.906 0.354 0 255 136
3.378 -21.174 0.287 0 255 153
3.520 -21.990 0.254 0 255 153
2.817 -17.064 0.285 0 8 255
2.443 -17.309 0.231 0 255 114
2.734 -16.955 0.328 0 255 161
4.557 -18.618 0.405 0 8 255
3.962 -16.918 0.216 0 255 119
2.427 -16.914 0.187 0 255 127
2.258 -16.905 0.203 0 255 148
4.305 -26.263 0.387 0 153 255
3.429 -18.549 0.309 0 255 153
3.779 -21.547 0.316 0 246 255
3.157 -16.008 0.247 0 255 106
4.381 -17.017 0.384 0 255 140
4.009 -17.994 0.387 0 51 255
3.101 -23.340 0.183 0 51 255
3.814 -20.022 0.343 0 255 127
4.005 -19.025 0.263 0 255 153
2.828 -22.093 0.344 0 51 255
3.109 -18.258 0.232 0 255 127
3.883 -20.098 0.449 0 255 153
2.922 -19.101 0.167 0 255 153
4.462 -26.133 0.281 0 34 255
3.232 -20.398 0.229 0 255 140
3.238 -16.858 0.296 0 153 255
2.643 -16.788 0.223 0 255 102
2.863 -16.911 0.279 0 255 157
3.792 -26.460 0.382 0 8 255
4.213 -27.737 0.166 0 255 127
6.966 -26.139 0.144 0 0 255
7.217 -27.562 0.280 0 0 255
2.813 -16.462 0.354 0 255 102
3.085 -16.406 0.280 0 255 119
4.270 -17.402 0.258 0 255 136
5.951 -17.157 0.291 0 8 255
2.635 -22.686 0.271 0 8 255
3.863 -21.921 0.268 0 255 153
5.739 -17.955 0.341 0 0 255
2.515 -16.768 0.251 0 255 136
2.547 -20.131 0.323 0 42 255
4.741 -29.860 1.061 0 25 255
4.400 -23.285 0.194 0 255 123
3.347 -24.354 0.299 0 42 255
4.699 -21.238 0.302 0 255 106
3.741 -23.085 0.293 0 255 153
2.221 -17.031 0.413 0 17 255
4.247 -17.551 0.308 0 8 255
4.302 -16.655 0.155 0 255 127
4.618 -21.384 0.332 0 255 153
3.366 -21.169 0.255 0 255 123
3.036 -19.152 0.166 0 255 144
2.139 -16.341 0.182 0 255 182
5.024 -31.143 0.147 0 255 148
4.271 -24.316 0.146 0 255 144
3.618 -22.025 0.261 0 255 127
4.800 -24.474 0.445 0 212 255
4.459 -16.847 0.447 0 8 255
3.132 -17.733 0.321 0 0 255
3.390 -20.785 0.195 0 102 255
4.625 -17.723 0.322 12 255 0
3.888 -17.671 0.313 0 255 140
4.192 -18.053 0.339 0 255 110
2.193 -17.213 0.458 0 0 255
3.000 -20.079 0.481 0 0 255
3.244 -17.487 0.352 0 255 136
3.627 -18.095 0.297 0 255 153
3.423 -24.771 0.292 0 17 255
5.196 -23.506 0.324 0 0 255
3.896 -20.042 0.453 0 42 255
3.017 -18.201 0.239 0 255 170
3.370 -20.856 0.150 0 255 161
5.846 -19.899 0.253 0 0 255
3.482 -16.037 0.220 0 255 148
2.662 -16.788 0.228 0 255 93
4.014 -22.234 0.389 0 76 255
3.908 -21.555 0.299 0 255 187
4.104 -19.181 0.272 0 8 255
2.991 -20.067 0.239 0 255 123
2.845 -17.933 0.189 0 0 255
2.196 -19.161 0.258 0 0 255
3.661 -19.533 0.233 0 255 140
5.118 -26.799 0.342 0 0 255
2.425 -17.733 0.204 0 255 114
3.039 -20.020 0.415 0 255 157
3.350 -20.965 0.278 0 255 102
4.704 -24.470 0.435 0 17 255
2.419 -19.035 0.404 0 8 255
4.397 -18.683 0.491 0 17 255
4.461 -17.573 0.324 0 255 136
2.310 -18.568 0.308 0 0 255
2.913 -20.445 0.154 0 255 136
3.569 -21.789 0.275 0 255 102
4.057 -27.653 0.348 0 42 255
2.776 -20.088 0.156 0 255 110
4.381 -18.673 0.331 0 255 136
4.417 -17.044 0.361 0 136 255
5.887 -17.692 0.222 0 144 255
2.352 -17.151 0.241 0 255 131
8.251 -28.976 0.287 0 255 165
2.974 -17.437 0.344 0 255 144
3.099 -20.151 0.304 0 255 165
4.315 -16.921 0.293 0 255 123
2.221 -17.722 0.352 0 110 255
2.292 -17.788 0.159 0 255 127
3.576 -25.284 0.440 0 0 255
2.234 -17.299 0.358 0 0 255
2.180 -17.385 0.399 0 8 255
5.595 -19.025 0.253 0 255 165
5.547 -18.927 0.417 0 17 255
3.126 -20.051 0.400 0 255 136
2.611 -20.104 0.165 0 212 255
4.687 -29.644 1.158 0 255 157
4.580 -16.674 0.261 0 255 140
2.765 -18.683 0.270 0 255 85
3.056 -21.780 0.189 0 255 136
4.596 -17.091 0.347 0 178 255
4.474 -23.853 0.364 0 229 255
3.092 -19.492 0.223 0 0 255
4.282 -23.915 0.220 0 255 161
3.235 -17.264 0.267 0 255 127
3.991 -22.800 0.384 0 0 255
2.981 -16.929 0.332 0 255 76
2.512 -16.452 0.297 0 0 255
2.947 -17.867 0.265 0 255 136
4.515 -18.558 0.364 0 255 157
2.852 -16.375 0.337 0 170 255
2.559 -20.627 0.197 0 34 255
3.438 -24.908 0.175 0 34 255
4.118 -20.637 0.325 0 42 255
4.887 -24.521 0.392 0 0 255
2.332 -17.251 0.228 0 255 127
2.772 -19.952 0.152 0 255 119
3.693 -18.029 0.376 0 255 165
2.882 -20.036 0.229 0 255 153
6.628 -23.369 0.351 0 255 191
2.563 -18.178 0.219 0 187 255
2.350 -18.110 0.158 0 255 161
4.670 -29.627 1.184 0 0 255
8.709 -24.738 0.234 0 8 255
2.376 -16.756 0.200 0 0 255
5.035 -25.148 0.202 0 255 89
2.774 -17.504 0.293 0 255 114
3.147 -17.852 0.341 0 0 255
3.032 -17.809 0.316 0 255 157
3.145 -23.603 0.295 0 25 255
2.870 -17.242 0.310 0 255 187
6.568 -25.080 0.262 0 51 255
4.465 -19.761 0.238 0 255 153
4.388 -21.650 0.297 0 255 63
3.020 -21.297 0.149 0 255 131
5.576 -18.133 0.274 0 51 255
3.458 -17.747 0.319 0 255 136
3.147 -17.842 0.321 0 255 153
4.246 -16.524 0.289 0 255 161
3.906 -20.025 0.470 0 127 255
3.251 -22.017 0.363 0 34 255
3.682 -20.809 0.378 0 255 97
4.437 -24.609 0.265 0 255 127
2.796 -22.788 0.220 0 0 255
2.734 -21.991 0.181 0 255 229
3.515 -21.806 0.237 0 255 119
2.416 -16.410 0.263 0 0 255
2.857 -16.925 0.365 0 255 72
2.697 -21.082 0.400 0 0 255
2.526 -19.456 0.178 0 255 114
4.394 -16.622 0.196 0 255 114
3.302 -20.181 0.414 0 255 34
4.712 -29.648 0.632 0 255 157
3.477 -19.376 0.244 0 255 165
4.818 -21.008 0.301 0 255 136
4.251 -21.055 0.303 0 255 123
2.998 -21.319 0.257 0 25 255
2.553 -16.835 0.174 0 93 255
5.211 -23.906 0.305 0 255 165
4.262 -18.700 0.337 0 255 114
3.852 -17.942 0.345 0 255 250
3.096 -18.740 0.155 0 255 157
2.670 -17.626 0.266 0 255 187
4.378 -25.977 0.427 0 0 255
3.764 -22.242 0.238 0 255 157
7.465 -27.447 0.226 0 0 255
4.730 -29.918 0.966 0 51 255
3.655 -16.207 0.211 0 255 97
3.218 -20.368 0.273 0 255 144
2.649 -16.482 0.325 0 255 127
4.718 -25.745 0.281 0 42 255
3.207 -21.440 0.190 0 255 157
4.645 -17.278 0.329 0 255 55
2.235 -18.123 0.350 0 25 255
3.281 -21.420 0.175 0 255 127
4.497 -24.562 0.422 0 255 144
3.574 -20.052 0.338 0 255 153
2.901 -19.370 0.153 0 255 93
3.039 -18.210 0.263 0 255 153
2.222 -17.657 0.439 0 8 255
3.371 -19.462 0.281 0 255 119
3.965 -20.120 0.363 0 255 238
3.270 -18.214 0.280 0 255 140
3.920 -23.029 0.221 0 255 114
4.709 -28.395 0.272 0 255 216
4.429 -17.136 0.368 0 255 46
3.655 -17.702 0.328 0 255 106
2.425 -19.504 0.414 0 0 255
4.515 -16.945 0.346 0 255 153
2.948 -18.439 0.236 0 255 110
3.226 -23.365 0.296 0 255 212
4.511 -18.858 0.375 0 255 114
3.004 -18.471 0.210 0 42 255
3.565 -19.399 0.230 0 255 127
2.868 -18.009 0.196 0 255 131
4.333 -26.010 0.300 0 195 255
4.365 -18.836 0.284 0 255 144
3.202 -19.890 0.283 0 255 144
5.297 -23.894 0.357 0 119 255
2.695 -19.364 0.167 0 255 102
2.244 -18.839 0.187 0 255 110
3.976 -17.871 0.276 0 255 136
3.241 -18.828 0.323 0 255 157
4.600 -21.202 0.303 0 255 178
2.196 -16.202 0.159 0 255 161
5.707 -18.557 0.350 0 0 255
2.743 -16.339 0.349 0 255 144
3.355 -19.802 0.340 0 255 144
2.442 -16.701 0.250 0 255 131
3.830 -25.997 0.187 0 255 161
2.237 -17.838 0.295 0 42 255
3.659 -21.862 0.250 0 255 114
3.671 -20.081 0.351 0 255 225
2.232 -17.332 0.352 0 59 255
3.790 -18.103 0.435 0 0 255
3.405 -25.135 0.293 0 0 255
3.018 -16.416 0.304 0 255 140
4.532 -24.494 0.270 0 255 229
4.654 -16.439 0.175 0 255 131
2.760 -17.189 0.309 0 255 140
3.159 -18.739 0.383 0 195 255
3.612 -18.035 0.531 0 0 255
4.044 -26.883 0.149 0 255 72
2.406 -16.994 0.163 0 17 255
3.336 -19.995 0.286 0 255 114
4.266 -19.105 0.318 0 255 153
4.779 -16.592 0.245 0 255 127
3.518 -25.216 0.175 0 255 208
3.111 -23.680 0.306 0 8 255
3.451 -19.122 0.369 0 255 161
3.471 -25.126 0.341 0 68 255
4.479 -18.798 0.399 0 195 255
4.449 -16.884 0.293 0 255 136
2.330 -17.737 0.233 0 34 255
2.722 -19.486 0.182 0 255 102
3.438 -24.716 0.349 0 0 255
4.009 -21.783 0.258 0 255 157
5.611 -18.351 0.239 0 255 157
2.181 -16.494 0.179 0 255 131
2.716 -21.486 0.370 0 17 255
2.552 -20.154 0.427 0 17 255
3.060 -16.863 0.347 34 255 0
3.345 -19.894 0.337 0 255 131
4.159 -19.662 0.221 0 255 136
4.256 -23.990 0.508 0 0 255
4.327 -28.306 0.183 0 255 127
2.659 -20.607 0.191 0 34 255
4.538 -21.538 0.288 0 0 255
2.426 -16.834 0.169 0 255 102
2.556 -19.022 0.193 0 255 21
2.850 -21.297 0.359 0 255 161
5.109 -18.494 0.226 0 255 127
3.337 -16.679 0.244 0 255 182
3.300 -18.900 0.320 0 255 153
3.191 -20.121 0.427 0 76 255
2.702 -21.188 0.394 0 0 255
4.110 -22.096 0.447 0 42 255
2.749 -22.428 0.149 0 255 174
3.056 -21.408 0.276 0 51 255
3.009 -16.274 0.184 0 255 136
4.620 -24.396 0.425 0 255 161
2.264 -17.733 0.303 0 68 255
2.332 -18.792 0.401 0 17 255
4.387 -25.981 0.515 0 25 255
3.524 -21.239 0.289 0 255 119
2.711 -21.329 0.171 0 221 255
4.424 -18.394 0.394 0 102 255
3.053 -22.289 0.308 0 0 255
3.731 -23.077 0.416 0 0 255
3.648 -25.573 0.145 0 255 153
3.182 -20.078 0.385 0 255 144
3.684 -23.061 0.358 0 34 255
2.801 -17.909 0.274 0 255 157
3.603 -19.117 0.324 0 255 140
4.043 -17.994 0.323 0 255 144
3.696 -15.985 0.240 0 255 97
4.088 -19.971 0.351 0 255 63
2.642 -21.021 0.373 0 25 255
3.474 -17.408 0.315 0 255 136
2.391 -17.992 0.177 0 0 255
2.820 -17.274 0.222 0 153 255
5.122 -24.552 0.351 0 255 144
4.004 -27.863 0.254 0 255 221
4.357 -24.011 0.391 0 229 255
3.295 -20.190 0.330 0 255 127
2.851 -22.593 0.260 0 255 182
3.180 -23.224 0.235 0 255 97
2.818 -18.304 0.188 0 255 157
3.320 -20.189 0.300 0 255 144
3.575 -21.120 0.276 0 255 140
7.304 -22.865 0.152 0 0 255
5.292 -20.131 0.293 0 102 255
4.495 -24.245 0.218 0 255 195
3.366 -16.191 0.289 0 255 182
2.812 -21.758 0.291 0 25 255
4.067 -16.936 0.267 0 255 246
5.323 -16.378 0.184 0 255 161
4.094 -21.994 0.465 0 42 255
4.506 -24.958 0.162 0 255 136
2.831 -19.591 0.239 0 255 127
3.688 -21.421 0.292 0 255 97
4.373 -21.599 0.255 0 195 255
5.184 -18.045 0.334 0 255 157
2.987 -20.173 0.314 0 255 208
3.424 -24.908 0.249 0 34 255
3.544 -20.552 0.283 0 51 255
3.039 -21.544 0.550 0 0 255
3.505 -19.044 0.349 0 161 255
3.627 -16.264 0.234 0 255 140
3.506 -25.321 0.244 0 255 136
4.937 -21.599 0.308 0 0 255
2.975 -17.265 0.316 0 255 110
2.231 -17.675 0.237 0 255 144
4.639 -16.924 0.326 0 255 119
3.324 -16.278 0.311 0 0 255
4.355 -26.114 0.414 0 255 199
2.952 -21.404 0.159 0 255 127
4.311 -16.431 0.196 0 255 131
2.766 -21.604 0.212 0 255 144
2.298 -17.796 0.158 0 255 144
4.564 -21.289 0.316 80 255 0
2.795 -17.010 0.331 0 255 110
2.454 -17.375 0.213 0 255 250
3.111 -17.576 0.220 0 255 233
3.448 -21.109 0.290 0 255 136
2.540 -20.232 0.430 0 34 255
2.995 -20.114 0.237 0 255 165
4.096 -22.036 0.330 0 85 255
3.789 -23.037 0.350 0 255 76
3.747 -21.206 0.290 0 255 131
2.454 -19.047 0.166 0 255 242
4.197 -18.884 0.270 0 0 255
4.427 -16.871 0.284 0 255 123
3.526 -21.997 0.193 0 255 106
2.430 -19.928 0.404 0 8 255
2.311 -17.737 0.347 0 8 255
2.710 -22.846 0.210 0 25 255
3.783 -17.430 0.308 0 255 114
3.379 -22.401 0.182 0 255 106
3.145 -22.107 0.373 0 17 255
3.560 -19.434 0.251 0 255 153
3.480 -16.753 0.214 0 255 140
2.691 -17.014 0.301 0 255 136
4.413 -16.421 0.204 0 255 127
3.583 -21.413 0.292 0 68 255
3.513 -19.781 0.322 0 255 110
2.233 -17.697 0.331 0 8 255
4.307 -16.704 0.165 0 255 144
3.824 -21.970 0.317 0 255 161
3.856 -20.435 0.505 0 0 255
4.258 -19.086 0.360 0 17 255
5.692 -18.517 0.298 0 0 255
4.302 -20.975 0.393 0 255 114
2.609 -17.040 0.264 0 255 119
5.277 -23.395 0.253 0 255 136
2.456 -17.073 0.228 0 255 127
3.007 -17.811 0.278 0 255 157
4.833 -18.244 0.317 0 255 140
4.788 -16.742 0.231 0 255 153
2.192 -17.977 0.171 0 255 170
3.075 -16.326 0.223 0 255 114
2.237 -16.493 0.157 0 255 144
3.054 -20.138 0.266 0 255 140
2.957 -21.240 0.337 0 255 182
2.541 -20.141 0.352 0 42 255
4.236 -16.520 0.234 0 255 63
6.044 -26.816 0.200 0 255 144
3.058 -22.281 0.446 0 0 255
3.585 -25.272 0.473 0 0 255
3.115 -20.797 0.159 0 0 255
3.743 -16.257 0.181 0 255 59
4.221 -16.926 0.451 0 42 255
2.833 -17.092 0.355 0 255 153
3.439 -21.169 0.277 0 255 136
4.779 -20.056 0.222 0 255 144
4.533 -18.757 0.379 0 255 127
3.138 -20.544 0.207 0 255 157
2.899 -20.279 0.149 0 255 136
4.060 -17.643 0.332 0 255 136
5.429 -22.561 0.240 0 8 255
4.324 -18.605 0.322 0 255 136
3.112 -18.808 0.288 0 255 148
4.701 -20.075 0.239 0 255 80
2.210 -16.281 0.258 0 246 255
4.430 -25.973 0.243 0 119 255
4.464 -26.085 0.338 0 0 255
3.755 -23.605 0.221 0 102 255
5.561 -22.703 0.392 0 0 255
3.144 -15.913 0.189 0 255 148
4.142 -20.009 0.381 0 255 4
2.340 -18.095 0.225 0 255 140
8.687 -24.800 0.242 0 0 255
3.532 -16.251 0.269 0 255 106
4.623 -25.540 0.322 0 0 255
3.021 -17.284 0.295 0 255 119
3.402 -15.892 0.165 0 255 72
2.346 -17.644 0.219 0 255 153
2.851 -21.291 0.173 0 0 255
3.757 -22.035 0.378 0 51 255
5.738 -19.891 0.296 0 0 255
4.295 -16.991 0.324 0 238 255
2.286 -17.809 0.233 0 255 161
4.707 -16.793 0.319 0 255 170
3.264 -24.219 0.312 0 8 255
2.318 -18.366 0.196 0 255 110
4.611 -24.604 0.278 0 0 255
2.612 -20.268 0.155 0 195 255
2.219 -18.084 0.177 0 195 255
2.841 -22.157 0.153 0 34 255
4.086 -18.446 0.276 0 255 157
3.186 -22.064 0.293 0 102 255
3.460 -19.216 0.309 0 255 131
5.095 -23.905 0.309 0 0 255
4.598 -29.674 1.242 0 93 255
4.425 -17.061 0.285 0 68 255
4.134 -21.207 0.319 0 255 199
4.478 -21.637 0.263 0 255 136
4.598 -29.830 0.382 0 0 255
4.056 -27.878 0.195 0 255 114
4.629 -28.839 0.357 0 25 255
2.413 -17.952 0.195 0 255 161
4.714 -28.933 0.475 0 0 255
2.194 -18.037 0.181 0 246 255
4.123 -22.550 0.346 0 0 255
2.244 -16.423 0.427 0 25 255
3.317 -22.258 0.277 0 255 114
4.039 -19.856 0.484 0 0 255
2.846 -22.194 0.376 0 0 255
3.202 -16.004 0.253 0 255 123
2.847 -19.417 0.224 0 255 123
3.699 -20.707 0.293 0 255 165
4.931 -23.056 0.354 0 17 255
4.958 -17.915 0.271 0 255 165
4.665 -24.622 0.202 0 255 131
3.029 -20.329 0.173 0 0 255
3.370 -19.051 0.298 0 255 136
3.421 -17.071 0.254 0 144 255
2.863 -17.277 0.417 0 255 8
4.777 -21.126 0.331 0 255 97
2.211 -16.270 0.200 0 255 114
4.364 -16.895 0.306 0 255 144
4.481 -24.663 0.320 0 255 170
2.720 -17.090 0.314 0 255 157
2.329 -17.318 0.174 0 255 46
3.467 -21.137 0.254 0 255 148
4.348 -24.149 0.206 0 255 72
2.353 -17.787 0.186 0 255 157
3.519 -19.037 0.315 0 255 148
3.757 -19.416 0.308 0 255 110
3.040 -19.808 0.277 0 255 144
2.297 -16.544 0.202 0 144 255
2.239 -16.482 0.229 0 255 119
2.952 -19.232 0.255 0 255 161
4.478 -16.330 0.171 0 255 127
4.339 -18.544 0.386 0 255 229
5.272 -26.450 0.322 0 0 255
3.787 -17.359 0.334 0 255 157
4.640 -29.666 0.583 0 221 255
7.162 -27.575 0.385 0 51 255
3.239 -20.592 0.181 0 255 136
3.709 -25.728 0.403 0 34 255
4.406 -23.891 0.467 0 255 233
4.706 -16.891 0.357 0 255 0
3.707 -20.022 0.344 0 255 97
3.727 -23.069 0.340 0 178 255
2.824 -17.409 0.360 0 255 76
2.221 -17.328 0.385 0 8 255
2.598 -17.605 0.198 0 255 127
4.707 -29.953 0.268 0 17 255
4.179 -23.656 0.226 0 255 46
3.344 -23.162 0.172 63 255 0
3.210 -20.193 0.304 0 255 212
4.297 -16.527 0.231 0 255 131
4.620 -24.535 0.341 0 204 255
4.053 -22.990 0.188 0 255 131
5.876 -17.050 0.367 0 170 255
4.744 -17.201 0.285 0 119 255
4.072 -16.656 0.205 0 255 140
2.230 -18.138 0.268 0 0 255
2.819 -17.437 0.181 0 255 106
2.537 -20.115 0.457 0 25 255
3.942 -17.087 0.229 0 255 131
3.331 -25.135 0.277 0 255 170
3.244 -24.095 0.302 0 59 255
5.696 -18.617 0.340 0 25 255
2.800 -17.455 0.317 0 255 157
3.032 -18.427 0.270 0 255 174
2.899 -22.819 0.172 0 8 255
4.918 -31.007 0.194 0 255 204
2.233 -17.868 0.402 0 34 255
3.131 -17.974 0.294 0 255 97
4.806 -17.336 0.341 0 255 4
4.400 -24.349 0.392 0 255 170
3.675 -26.100 0.225 0 25 255
4.725 -29.909 1.204 0 212 255
3.426 -24.941 0.315 0 25 255
6.982 -27.485 0.243 0 144 255
3.949 -20.671 0.418 0 0 255
4.166 -18.358 0.304 0 255 114
3.194 -16.617 0.295 0 255 106
2.686 -16.556 0.345 0 255 68
4.071 -27.568 0.155 0 255 140
3.178 -23.813 0.308 0 25 255
2.566 -16.949 0.267 0 255 144
5.897 -23.676 0.272 0 0 255
4.077 -16.666 0.182 0 255 136
2.784 -21.146 0.149 0 255 204
2.665 -21.365 0.186 0 255 131
3.872 -21.922 0.286 0 255 144
4.634 -29.679 0.954 0 255 127
5.096 -24.595 0.340 0 0 255
3.733 -19.703 0.320 0 255 76
4.509 -18.117 0.287 0 255 114
2.663 -16.700 0.241 0 255 119
2.847 -16.868 0.336 0 255 131
2.304 -17.085 0.216 0 255 153
3.716 -23.078 0.495 0 51 255
2.442 -19.142 0.213 0 255 68
3.879 -20.755 0.321 0 255 140
4.546 -24.618 0.257 0 255 165
2.724 -20.285 0.195 0 255 38
3.653 -25.783 0.348 0 0 255
4.655 -22.157 0.258 0 255 110
3.398 -24.447 0.285 0 0 255
2.934 -18.428 0.219 0 255 144
3.429 -19.155 0.330 0 255 136
2.431 -16.767 0.184 0 42 255
3.236 -16.739 0.283 0 255 140
4.860 -24.552 0.482 0 0 255
4.019 -25.009 0.150 0 255 148
3.369 -25.118 0.161 0 255 93
2.184 -17.999 0.180 0 255 246
4.834 -30.131 0.945 0 255 131
3.018 -19.195 0.241 0 255 148
3.314 -19.070 0.241 0 0 255
3.118 -18.858 0.250 0 255 93
4.236 -17.448 0.284 0 255 148
3.073 -20.372 0.172 0 255 131
3.829 -20.443 0.437 0 255 140
2.229 -16.962 0.433 0 51 255
3.476 -18.965 0.348 0 255 119
3.694 -25.599 0.157 0 255 153
2.891 -18.439 0.224 0 255 242
2.867 -21.297 0.368 0 34 255
2.883 -21.691 0.215 0 255 182
3.892 -21.895 0.396 0 17 255
3.332 -22.059 0.328 0 102 255
4.063 -27.677 0.299 0 0 255
3.655 -20.314 0.454 0 255 80
3.385 -16.013 0.202 0 255 136
4.666 -24.466 0.525 0 127 255
4.060 -19.063 0.261 0 255 131
2.417 -19.526 0.397 0 51 255
4.652 -24.478 0.495 0 187 255
2.313 -18.892 0.167 0 102 255
3.752 -18.124 0.375 0 255 123
2.803 -19.448 0.207 0 255 106
3.646 -16.042 0.238 4 255 0
2.981 -22.116 0.225 0 25 255
4.585 -25.920 0.171 0 255 106
3.208 -24.211 0.336 0 170 255
2.575 -20.594 0.324 0 8 255
2.953 -17.416 0.285 0 255 136
4.056 -18.091 0.341 0 255 68
2.922 -20.244 0.191 0 255 123
3.273 -19.713 0.247 0 0 255
3.595 -20.632 0.353 0 195 255
3.031 -21.280 0.344 0 255 127
3.122 -24.173 0.409 0 8 255
2.334 -17.612 0.183 0 255 140
3.424 -17.468 0.302 0 153 255
3.173 -20.032 0.234 0 255 131
3.049 -20.208 0.441 0 59 255
4.142 -23.368 0.165 0 255 131
5.389 -23.558 0.246 0 0 255
4.433 -23.839 0.386 0 51 255
4.661 -29.644 0.947 0 255 148
3.762 -26.339 0.309 0 0 255
4.050 -16.987 0.233 0 255 123
3.001 -19.420 0.282 0 255 144
5.269 -26.443 0.318 0 0 255
3.831 -17.769 0.280 0 255 93
3.369 -20.491 0.278 0 255 153
3.536 -17.356 0.327 0 255 119
4.729 -29.677 0.234 0 255 136
4.688 -24.664 0.375 0 0 255
2.631 -20.648 0.392 0 17 255
4.392 -16.144 0.146 0 255 136
3.418 -16.682 0.233 0 255 144
3.202 -19.655 0.290 0 255 119
3.882 -20.143 0.397 0 255 174
2.902 -21.933 0.212 0 255 204
3.234 -19.986 0.279 0 255 136
3.250 -17.785 0.391 0 0 255
4.181 -18.344 0.344 0 255 59
2.833 -17.844 0.231 0 255 127
3.457 -20.060 0.378 0 255 140
3.146 -20.233 0.316 0 255 153
4.279 -24.089 0.404 0 255 212
2.796 -16.518 0.349 0 255 119
3.708 -19.203 0.322 0 255 85
3.370 -20.986 0.294 0 255 127
4.041 -17.008 0.254 0 255 140
2.994 -22.205 0.407 0 255 212
4.042 -16.876 0.219 0 255 127
4.260 -24.364 0.498 0 0 255
4.131 -16.641 0.194 0 255 157
3.448 -21.179 0.306 0 255 114
2.299 -18.883 0.167 0 255 80
4.376 -18.901 0.445 0 0 255
2.975 -21.223 0.263 0 25 255
2.862 -16.814 0.332 0 255 93
3.208 -18.749 0.292 0 255 140
3.449 -25.332 0.441 0 0 255
3.097 -23.302 0.231 0 8 255
3.173 -20.283 0.470 0 8 255
3.037 -20.283 0.168 0 255 153
2.948 -16.445 0.340 0 161 255
3.533 -21.426 0.280 0 255 204
3.726 -18.054 0.317 0 255 136
3.079 -23.338 0.158 0 76 255
3.371 -24.551 0.337 0 0 255
5.120 -20.014 0.263 0 255 140
3.463 -25.198 0.315 0 255 225
4.006 -22.343 0.198 0 255 110
3.077 -17.476 0.320 0 255 114
3.301 -20.692 0.200 0 255 212
3.249 -17.236 0.287 0 255 131
3.150 -21.840 0.193 0 255 148
4.684 -16.890 0.392 0 76 255
2.843 -17.956 0.252 0 255 157
5.616 -18.844 0.255 0 0 255
5.547 -17.843 0.327 0 0 255
2.183 -16.966 0.390 0 0 255
2.846 -19.585 0.228 0 255 131
4.646 -29.951 0.236 0 59 255
3.842 -22.307 0.245 0 255 136
4.192 -17.469 0.425 0 42 255
5.023 -17.289 0.285 0 212 255
3.422 -16.245 0.322 0 255 157
4.793 -30.180 1.161 0 246 255
3.826 -20.442 0.396 0 76 255
4.902 -28.172 0.294 0 110 255
3.270 -18.797 0.301 0 255 153
2.450 -17.130 0.216 0 255 123
2.804 -18.593 0.277 0 255 63
3.708 -20.878 0.258 0 221 255
5.627 -17.880 0.301 0 34 255
3.204 -22.012 0.291 0 255 187
2.965 -19.437 0.226 0 0 255
2.440 -16.325 0.277 0 255 72
2.408 -17.707 0.198 0 255 165
3.637 -22.053 0.275 0 255 136
4.443 -16.924 0.295 0 255 127
3.098 -20.179 0.276 0 255 153
3.942 -23.665 0.186 0 255 140
4.524 -23.516 0.192 0 255 76
3.902 -26.911 0.352 0 0 255
5.302 -22.547 0.227 0 255 136
4.296 -21.059 0.314 0 255 136
2.502 -20.205 0.408 0 17 255
2.208 -16.579 0.423 0 42 255
3.675 -23.100 0.612 0 25 255
2.773 -16.329 0.334 0 255 144
4.326 -20.992 0.418 0 178 255
5.138 -25.246 0.212 0 255 178
4.270 -17.589 0.317 0 34 255
3.090 -23.322 0.189 0 59 255
3.188 -15.901 0.157 0 255 140
4.314 -22.113 0.228 0 17 255
3.875 -21.915 0.404 0 0 255
3.911 -21.804 0.473 0 0 255
2.483 -16.827 0.234 0 255 119
2.270 -18.217 0.368 0 0 255
4.802 -27.072 0.338 0 0 255
2.940 -17.558 0.285 0 255 144
2.469 -19.750 0.202 0 85 255
2.685 -21.345 0.162 0 178 255
3.310 -25.380 0.261 0 59 255
3.958 -19.851 0.308 0 255 119
4.307 -24.329 0.260 0 255 131
5.657 -23.963 0.269 0 255 51
4.662 -17.701 0.318 0 255 12
2.258 -17.587 0.162 0 255 119
4.423 -28.645 0.349 0 255 63
2.970 -17.892 0.289 0 255 123
4.364 -24.316 0.439 0 136 255
4.444 -23.194 0.160 0 255 114
3.137 -23.320 0.170 0 255 161
4.994 -19.974 0.278 0 255 225
4.477 -24.462 0.242 0 255 140
4.497 -18.582 0.320 0 76 255
4.329 -18.459 0.378 0 255 114
2.539 -20.118 0.193 0 255 191
2.991 -16.905 0.320 0 255 89
3.251 -20.085 0.329 0 187 255
4.557 -21.539 0.380 0 0 255
3.887 -20.710 0.359 0 59 255
3.284 -16.702 0.257 0 255 157
3.361 -24.528 0.278 0 25 255
3.955 -22.225 0.321 0 255 161
3.528 -15.965 0.177 0 255 157
4.527 -16.797 0.315 0 255 123
2.288 -18.554 0.240 0 42 255
2.403 -17.076 0.240 0 255 127
2.340 -16.942 0.227 0 255 123
2.192 -16.953 0.157 0 136 255
2.485 -16.278 0.248 0 255 136
4.668 -29.661 0.992 0 255 170
4.172 -19.976 0.331 0 255 76
3.439 -22.124 0.172 0 255 136
5.468 -22.574 0.253 0 17 255
3.317 -20.389 0.333 0 255 119
3.631 -17.435 0.274 0 255 136
5.932 -24.744 0.315 0 0 255
3.357 -17.583 0.332 0 255 131
3.455 -20.547 0.258 0 255 157
4.609 -29.675 0.787 0 255 170
3.320 -18.668 0.266 0 255 161
2.679 -18.887 0.163 0 255 225
3.508 -16.278 0.300 0 255 114
2.198 -16.393 0.434 0 34 255
4.647 -19.716 0.335 0 255 119
3.343 -21.302 0.254 0 255 136
2.487 -16.439 0.300 0 255 42
3.285 -16.265 0.325 0 255 4
4.636 -17.771 0.329 0 255 4
4.273 -22.798 0.222 0 255 76
2.903 -21.549 0.244 0 255 170
4.646 -16.803 0.416 0 0 255
3.896 -19.931 0.301 0 255 114
2.428 -16.686 0.259 0 255 119
4.023 -27.525 0.343 0 51 255
3.255 -22.010 0.256 0 25 255
4.422 -26.145 0.321 0 246 255
4.074 -16.946 0.293 0 25 255
2.248 -18.165 0.288 0 34 255
4.340 -18.796 0.338 0 255 165
4.077 -23.137 0.206 0 255 21
3.713 -17.933 0.285 0 255 153
2.695 -17.124 0.258 0 255 208
4.317 -28.533 0.412 0 255 216
4.139 -27.943 0.303 0 25 255
4.736 -26.907 0.395 0 0 255
4.393 -17.885 0.289 0 255 97
4.852 -25.785 0.284 0 0 255
2.349 -16.524 0.259 0 255 161
3.284 -16.871 0.299 0 255 85
3.349 -20.757 0.230 0 255 153
3.199 -21.975 0.173 0 255 178
3.449 -21.539 0.175 0 144 255
3.418 -22.038 0.180 0 255 85
2.276 -16.550 0.245 0 255 119
3.172 -19.603 0.292 0 255 80
4.617 -22.199 0.360 0 255 204
2.945 -21.809 0.161 0 255 242
3.527 -21.950 0.190 0 255 136
4.846 -21.291 0.325 0 255 157
3.612 -25.479 0.302 0 0 255
3.458 -17.233 0.302 0 255 170
3.473 -17.544 0.313 0 246 255
4.737 -17.080 0.336 0 255 102
5.754 -18.469 0.278 0 0 255
3.810 -16.141 0.200 0 255 76
4.509 -21.481 0.378 0 0 255
3.247 -16.018 0.209 0 255 127
5.709 -19.788 0.228 0 85 255
4.662 -18.233 0.303 0 255 148
3.856 -18.151 0.365 0 255 174
3.362 -20.843 0.250 0 255 127
4.241 -16.407 0.146 0 255 144
5.962 -23.516 0.315 0 136 255
3.735 -17.275 0.329 0 255 85
3.339 -22.048 0.277 0 255 140
3.793 -22.036 0.286 0 255 144
3.798 -20.682 0.348 0 255 153
2.827 -22.138 0.335 0 8 255
2.944 -20.115 0.246 0 255 153
3.209 -20.209 0.431 0 255 161
3.981 -20.382 0.374 0 255 195
3.987 -22.799 0.168 0 255 114
2.752 -21.928 0.214 0 25 255
2.300 -18.651 0.420 0 25 255
4.820 -24.452 0.382 0 34 255
3.372 -16.137 0.275 0 255 153
3.058 -21.099 0.186 0 255 148
2.388 -16.723 0.160 0 255 119
4.759 -21.549 0.314 0 255 136
5.578 -18.929 0.246 0 8 255
4.301 -22.589 0.184 0 255 174
3.186 -17.862 0.259 0 255 157
4.472 -18.527 0.442 0 0 255
6.132 -17.149 0.322 0 0 255
2.193 -17.010 0.414 0 0 255
5.880 -24.322 0.251 0 17 255
4.686 -24.833 0.244 0 255 140
4.631 -24.316 0.457 0 17 255
3.209 -15.811 0.153 0 255 144
3.990 -20.531 0.416 0 255 55
4.018 -24.281 0.458 0 0 255
3.049 -22.749 0.199 8 255 0
5.159 -23.234 0.364 0 0 255
3.956 -21.775 0.310 0 119 255
4.018 -27.447 0.312 0 42 255
6.633 -23.378 0.338 0 119 255
3.957 -26.463 0.165 0 255 148
5.746 -18.492 0.275 0 0 255
4.413 -23.985 0.318 29 255 0
3.689 -17.520 0.298 0 255 127
2.727 -16.962 0.345 0 255 140
3.148 -17.651 0.347 0 255 161
2.818 -18.018 0.189 0 0 255
3.507 -17.500 0.346 0 255 110
3.178 -17.437 0.294 0 255 131
2.610 -17.254 0.185 0 255 144
7.016 -23.886 0.204 0 25 255
4.578 -21.305 0.499 0 8 255
2.926 -18.495 0.385 0 255 119
2.197 -16.868 0.428 0 0 255
2.257 -17.731 0.372 0 25 255
4.750 -17.114 0.356 0 255 89
3.401 -24.459 0.322 0 204 255
2.743 -17.063 0.325 0 136 255
3.561 -20.961 0.230 0 255 119
3.860 -21.909 0.434 0 102 255
2.636 -17.908 0.156 0 255 123
5.025 -30.155 0.187 0 255 242
3.118 -21.349 0.224 0 255 68
3.585 -16.293 0.324 0 0 255
4.609 -21.612 0.352 0 0 255
5.738 -16.097 0.185 0 0 255
4.540 -21.024 0.273 0 255 127
3.041 -19.255 0.243 0 255 106
4.540 -24.394 0.382 0 255 144
2.373 -17.931 0.254 0 255 59
5.780 -24.814 0.199 0 0 255
2.159 -16.489 0.217 0 255 170
2.279 -18.401 0.408 0 0 255
2.740 -21.502 0.384 0 0 255
3.310 -20.664 0.291 0 255 97
3.563 -16.664 0.256 0 255 93
3.838 -17.344 0.358 0 255 63
3.485 -21.749 0.200 0 255 191
2.334 -17.715 0.160 0 255 119
2.733 -16.704 0.220 0 255 102
3.114 -16.009 0.210 0 255 131
3.513 -20.879 0.354 0 255 119
2.857 -16.740 0.284 0 0 255
3.323 -19.893 0.298 0 255 131
4.012 -16.920 0.225 0 255 144
3.309 -19.807 0.316 0 255 140
4.540 -23.099 0.189 0 255 114
4.115 -22.039 0.483 0 17 255
2.864 -19.635 0.223 0 255 140
2.884 -16.735 0.263 0 255 106
3.555 -21.621 0.231 0 255 136
3.137 -20.158 0.445 0 255 182
3.681 -18.980 0.306 0 255 199
5.290 -23.895 0.403 0 0 255
3.493 -25.284 0.309 0 51 255
4.687 -29.843 1.070 0 34 255
3.100 -20.082 0.198 0 255 144
4.618 -21.490 0.320 0 255 42
2.956 -17.043 0.336 0 255 131
3.215 -16.232 0.256 0 255 136
3.052 -20.184 0.274 0 255 140
6.219 -26.642 0.204 0 255 161
4.004 -20.502 0.374 0 255 114
2.991 -22.839 0.323 0 17 255
4.787 -30.094 1.226 0 255 233
3.875 -22.882 0.187 0 255 161
5.633 -18.558 0.295 0 25 255
2.858 -18.421 0.212 0 255 157
2.783 -17.894 0.257 0 255 127
3.209 -17.518 0.341 0 255 136
4.409 -16.816 0.438 0 17 255
3.396 -19.180 0.235 0 0 255
3.721 -25.044 0.203 0 255 165
4.411 -17.013 0.375 0 255 144
3.386 -17.175 0.308 0 255 187
5.464 -18.031 0.338 0 34 255
4.533 -24.871 0.169 0 255 127
3.878 -21.252 0.280 0 255 182
3.230 -21.405 0.251 0 255 93
2.350 -16.890 0.151 0 255 140
4.681 -16.867 0.335 0 51 255
4.771 -18.336 0.271 0 255 114
4.339 -17.201 0.303 0 255 123
5.184 -19.587 0.267 0 76 255
5.803 -17.922 0.259 0 93 255
3.146 -20.054 0.441 0 255 157
3.079 -19.122 0.186 0 255 144
5.091 -19.609 0.284 0 255 59
3.695 -23.042 0.576 0 34 255
5.045 -23.199 0.184 0 255 97
4.255 -16.568 0.188 0 255 127
3.940 -22.024 0.322 0 255 148
2.809 -19.381 0.155 0 255 195
3.383 -19.079 0.245 0 255 153
2.218 -17.768 0.368 0 0 255
4.764 -29.635 0.430 0 127 255
4.488 -18.163 0.275 0 255 119
4.373 -24.382 0.436 0 255 208
3.157 -18.482 0.281 0 255 140
2.955 -21.911 0.180 0 255 242
4.293 -22.527 0.183 0 255 127
3.394 -17.451 0.335 0 255 208
7.375 -27.491 0.277 0 0 255
4.391 -16.128 0.151 0 0 255
3.716 -23.130 0.583 0 42 255
4.056 -22.075 0.297 0 255 153
5.668 -18.550 0.278 0 212 255
3.862 -25.842 0.169 0 255 110
2.239 -17.945 0.428 0 0 255
3.117 -23.509 0.273 0 8 255
3.189 -21.253 0.375 0 59 255
4.573 -16.648 0.312 0 255 127
3.854 -17.509 0.259 0 255 140
2.834 -20.345 0.172 0 255 114
3.537 -16.629 0.256 0 255 102
3.219 -16.732 0.289 0 255 80
4.864 -30.211 0.785 0 255 102
3.271 -23.371 0.286 0 229 255
3.664 -21.823 0.257 0 195 255
2.459 -19.501 0.384 0 0 255
3.247 -17.997 0.256 0 255 136
7.761 -27.052 0.172 0 255 212
2.207 -17.033 0.415 0 42 255
3.837 -21.742 0.377 0 255 221
4.818 -30.183 1.053 0 255 233
2.885 -18.420 0.190 0 255 110
5.442 -23.256 0.212 0 255 29
3.724 -25.785 0.500 0 25 255
5.248 -26.443 0.313 0 0 255
2.869 -20.033 0.161 0 76 255
3.611 -19.089 0.344 0 255 127
3.790 -23.007 0.605 0 25 255
5.016 -21.082 0.342 0 246 255
3.290 -23.194 0.171 0 255 38
3.941 -17.261 0.280 0 255 131
3.228 -18.632 0.195 0 255 131
3.627 -18.082 0.395 0 255 136
4.376 -16.694 0.223 0 255 157
4.778 -19.990 0.247 0 255 140
5.340 -18.040 0.301 0 255 106
5.194 -24.433 0.292 0 255 110
2.876 -19.565 0.199 0 255 110
4.678 -21.298 0.328 0 255 136
4.365 -20.064 0.263 0 51 255
3.194 -17.397 0.326 0 255 148
3.073 -21.066 0.175 0 255 144
4.379 -16.406 0.200 0 255 85
3.069 -16.313 0.217 0 255 110
3.000 -17.720 0.273 0 255 238
4.838 -27.779 0.481 0 0 255
2.730 -16.768 0.288 0 255 140
3.425 -16.620 0.296 0 255 123
3.953 -17.098 0.274 0 255 153
4.174 -18.585 0.230 0 255 161
2.556 -20.046 0.217 0 255 136
3.900 -19.892 0.342 0 255 225
5.046 -21.386 0.408 0 0 255
4.363 -17.252 0.318 0 255 136
2.334 -18.217 0.237 0 255 119
3.184 -19.859 0.283 0 255 127
4.334 -16.662 0.187 0 255 123
4.802 -21.568 0.340 0 8 255
2.204 -16.399 0.204 0 255 140
3.170 -18.853 0.357 0 255 131
3.159 -22.355 0.288 0 255 153
2.739 -17.311 0.331 0 255 165
2.483 -19.394 0.331 0 25 255
3.911 -18.251 0.251 0 255 187
4.441 -21.512 0.546 0 0 255
4.977 -30.184 0.574 0 0 255
3.178 -15.974 0.195 0 255 127
3.287 -16.156 0.280 0 255 140
3.937 -18.123 0.335 0 255 157
4.458 -24.523 0.344 0 255 246
3.499 -24.964 0.341 0 0 255
5.079 -31.294 0.286 0 255 148
4.955 -23.958 0.243 0 0 255
2.348 -19.091 0.314 0 8 255
4.336 -19.135 0.336 0 255 72
2.907 -20.308 0.165 0 255 144
2.764 -22.658 0.181 0 110 255
3.334 -23.179 0.222 0 255 89
4.311 -26.244 0.379 0 42 255
2.830 -21.711 0.149 0 255 148
2.920 -21.380 0.289 0 255 170
3.138 -18.496 0.258 0 255 204
4.275 -16.690 0.233 0 255 153
2.441 -19.744 0.334 0 59 255
3.216 -16.204 0.265 0 212 255
4.456 -26.109 0.313 0 42 255
4.258 -17.496 0.293 0 229 255
3.811 -21.174 0.283 0 255 144
4.621 -21.636 0.357 0 119 255
2.500 -16.769 0.254 0 34 255
5.043 -24.586 0.380 0 102 255
2.408 -17.818 0.203 0 255 131
4.551 -24.996 0.149 0 255 153
2.827 -16.359 0.313 0 0 255
2.625 -16.675 0.288 0 255 106
7.138 -27.558 0.261 0 255 233
2.693 -16.930 0.300 0 255 153
2.162 -18.025 0.164 0 255 119
2.825 -19.073 0.166 0 127 255
3.785 -18.122 0.370 0 255 136
4.867 -28.378 0.348 0 0 255
5.186 -23.613 0.161 0 255 161
2.358 -16.878 0.177 0 255 89
4.945 -27.495 0.566 0 255 246
4.303 -26.297 0.395 0 0 255
3.415 -20.655 0.327 0 255 144
3.400 -16.085 0.267 0 144 255
3.770 -26.491 0.168 0 25 255
4.716 -28.386 0.312 0 255 165
2.498 -18.881 0.181 0 255 161
3.279 -20.187 0.427 4 255 0
3.229 -21.264 0.284 0 255 89
4.901 -27.589 0.458 0 204 255
3.977 -22.449 0.205 0 255 119
3.444 -19.733 0.314 0 255 161
3.353 -16.609 0.217 0 255 199
3.514 -19.396 0.252 0 255 136
3.444 -24.833 0.271 0 0 255
4.324 -24.226 0.257 0 255 123
3.026 -20.151 0.421 0 255 97
2.743 -17.181 0.343 0 255 216
2.919 -20.056 0.197 0 255 136
2.302 -18.105 0.301 0 8 255
3.699 -24.139 0.234 0 119 255
3.265 -18.988 0.226 0 255 136
2.236 -17.893 0.432 0 0 255
3.708 -26.129 0.215 0 0 255
2.633 -20.216 0.288 0 25 255
3.747 -22.510 0.175 0 255 161
3.800 -24.017 0.154 0 255 93
2.841 -20.148 0.149 0 255 106
2.213 -16.573 0.424 0 42 255
2.930 -17.428 0.347 0 255 85
4.014 -22.072 0.336 0 25 255
3.456 -20.869 0.246 0 255 161
3.559 -17.401 0.368 0 212 255
2.275 -19.107 0.334 0 17 255
3.887 -22.947 0.211 0 255 114
2.332 -18.868 0.397 0 93 255
3.037 -17.718 0.248 0 255 157
2.470 -17.213 0.237 0 255 212
3.352 -19.646 0.232 0 255 119
2.414 -19.366 0.163 0 255 157
3.273 -20.331 0.344 0 255 85
5.253 -17.814 0.270 0 255 131
2.761 -22.764 0.229 0 255 63
4.066 -18.401 0.325 0 255 114
6.226 -26.461 0.274 4 255 0
2.291 -19.057 0.213 0 102 255
3.105 -18.732 0.281 0 255 97
3.396 -22.145 0.275 0 255 114
4.249 -18.812 0.289 0 255 136
4.504 -21.350 0.434 0 51 255
3.090 -20.725 0.202 0 255 106
2.190 -17.378 0.386 0 0 255
3.738 -19.223 0.320 0 255 102
2.408 -18.464 0.182 0 119 255
7.002 -26.137 0.148 0 255 148
3.144 -15.914 0.148 0 255 144
5.353 -18.048 0.275 0 255 127
3.882 -20.719 0.378 0 93 255
2.480 -16.477 0.243 0 255 110
2.939 -21.770 0.273 0 34 255
3.370 -22.385 0.185 0 255 110
3.881 -21.826 0.426 0 25 255
2.713 -20.184 0.199 0 255 80
3.083 -18.469 0.260 0 255 148
3.174 -20.012 0.366 0 255 161
2.931 -20.227 0.349 0 255 250
4.445 -18.743 0.378 0 255 216
2.678 -21.007 0.220 0 102 255
2.429 -16.772 0.235 0 255 114
2.438 -16.841 0.232 0 255 136
3.640 -22.044 0.291 0 255 127
2.381 -19.463 0.352 0 51 255
3.305 -18.703 0.282 0 255 165
3.897 -17.940 0.316 0 255 153
2.742 -22.664 0.194 0 255 250
4.511 -16.654 0.265 0 255 114
4.861 -24.177 0.251 0 255 204
2.986 -19.683 0.209 0 255 153
2.291 -18.571 0.317 0 0 255
3.996 -23.020 0.175 0 255 136
3.106 -18.468 0.257 0 255 233
4.050 -17.268 0.282 0 255 144
5.980 -24.845 0.238 0 195 255
5.136 -16.728 0.240 0 255 140
3.844 -21.149 0.311 0 255 170
3.684 -17.421 0.233 0 255 140
2.283 -16.945 0.152 0 255 148
3.281 -15.975 0.209 0 255 123
6.475 -24.870 0.178 0 153 255
4.442 -18.655 0.433 0 51 255
3.239 -23.326 0.313 0 0 255
4.547 -25.961 0.231 0 34 255
3.175 -18.662 0.289 0 255 161
2.390 -18.943 0.171 0 34 255
5.627 -18.659 0.226 0 51 255
3.310 -20.443 0.480 0 25 255
3.309 -17.985 0.350 0 255 102
2.221 -17.889 0.211 0 221 255
2.779 -16.825 0.379 0 255 191
3.857 -17.549 0.252 0 221 255
3.709 -26.054 0.356 0 8 255
3.598 -18.022 0.543 0 0 255
5.382 -19.835 0.240 0 255 127
3.708 -21.467 0.318 0 255 216
3.342 -24.487 0.326 0 42 255
7.321 -27.036 0.326 0 0 255
3.593 -19.809 0.351 0 17 255
4.722 -16.878 0.368 0 255 46
3.834 -26.020 0.223 0 25 255
3.921 -21.782 0.405 0 0 255
3.007 -17.800 0.267 0 255 123
3.755 -26.390 0.321 0 0 255
7.162 -27.495 0.304 0 8 255
8.169 -28.620 0.186 0 255 106
3.637 -19.346 0.366 0 255 68
2.247 -17.351 0.151 0 59 255
3.333 -16.423 0.317 0 255 110
3.830 -19.353 0.347 8 255 0
4.539 -21.576 0.251 0 255 140
3.135 -19.975 0.251 0 255 144
4.758 -31.125 0.251 0 0 255
4.021 -22.244 0.452 0 0 255
3.684 -26.122 0.293 0 17 255
2.494 -20.144 0.362 0 51 255
3.056 -20.940 0.197 0 255 93
3.258 -20.913 0.163 0 255 157
2.180 -16.278 0.195 0 255 127
4.062 -16.692 0.194 0 255 157
2.405 -17.020 0.220 0 255 208
3.074 -20.248 0.158 0 8 255
2.291 -17.949 0.152 0 255 187
3.990 -19.909 0.465 0 0 255
4.281 -16.576 0.227 0 255 157
2.251 -18.120 0.388 0 34 255
2.751 -17.779 0.269 0 170 255
3.202 -18.985 0.228 0 255 157
4.690 -23.989 0.176 0 255 136
2.862 -17.304 0.311 0 255 68
4.688 -16.814 0.242 0 255 195
3.219 -23.348 0.310 0 255 63
4.368 -16.661 0.208 0 255 106
2.566 -16.442 0.275 0 255 110
3.210 -20.168 0.327 0 255 153
3.665 -17.223 0.256 0 255 97
2.562 -20.439 0.407 0 0 255
2.856 -18.049 0.174 0 255 148
6.550 -24.627 0.266 0 25 255
3.308 -20.261 0.327 0 255 97
6.048 -24.656 0.253 0 25 255
2.960 -20.299 0.311 0 255 51
7.350 -27.505 0.239 0 17 255
2.712 -18.772 0.155 0 255 157
2.844 -16.581 0.312 0 255 110
3.526 -16.845 0.283 0 255 102
3.995 -17.300 0.290 0 255 106
2.603 -20.585 0.330 0 34 255
3.141 -18.676 0.310 0 255 195
4.142 -18.141 0.279 0 255 238
2.827 -22.141 0.394 0 42 255
2.336 -18.511 0.357 0 68 255
3.565 -25.180 0.259 0 25 255
2.564 -16.662 0.214 0 255 89
2.540 -20.233 0.363 0 17 255
2.889 -22.321 0.338 0 0 255
4.535 -26.026 0.326 0 0 255
2.243 -17.690 0.172 0 238 255
6.083 -26.417 0.358 0 255 255
3.080 -17.808 0.272 0 255 148
4.025 -17.277 0.352 0 0 255
3.404 -20.962 0.269 0 255 127
3.113 -18.773 0.312 0 255 144
2.486 -19.772 0.306 0 34 255
3.397 -20.763 0.280 0 255 140
2.736 -16.345 0.329 0 255 140
3.952 -21.525 0.272 0 255 102
3.808 -23.537 0.333 0 0 255
2.265 -16.363 0.164 0 255 140
4.339 -18.417 0.293 0 255 161
4.425 -19.439 0.202 0 255 136
3.777 -22.637 0.220 0 255 136
3.834 -21.992 0.291 0 255 123
4.303 -21.520 0.278 0 255 136
2.712 -17.532 0.223 0 255 161
4.330 -18.528 0.336 0 255 123
4.651 -18.564 0.266 0 255 131
3.493 -21.331 0.325 0 255 102
6.100 -17.360 0.391 0 8 255
4.995 -23.981 0.241 0 0 255
2.517 -16.755 0.260 0 0 255
2.865 -21.671 0.242 0 17 255
3.584 -19.993 0.332 0 255 131
4.094 -16.803 0.241 0 255 127
2.992 -19.626 0.254 0 255 246
5.208 -19.920 0.307 0 17 255
3.181 -23.756 0.323 0 34 255
5.595 -23.260 0.252 0 102 255
2.502 -17.932 0.233 0 255 242
4.542 -18.925 0.292 0 255 148
5.812 -17.919 0.305 0 0 255
4.696 -29.681 0.629 0 51 255
4.213 -19.186 0.341 0 255 148
3.764 -17.302 0.246 0 255 97
3.381 -19.155 0.244 0 0 255
5.104 -21.154 0.472 0 0 255
4.724 -17.431 0.314 0 255 59
4.790 -20.856 0.255 0 25 255
7.239 -25.625 0.150 0 0 255
3.044 -18.417 0.266 0 255 144
2.257 -16.940 0.251 0 0 255
4.321 -18.923 0.288 0 255 140
3.035 -23.028 0.282 0 0 255
2.603 -16.443 0.253 0 255 157
3.519 -21.668 0.192 0 255 119
5.304 -24.036 0.313 0 59 255
4.285 -19.036 0.317 0 255 131
2.586 -20.689 0.393 0 25 255
6.139 -27.309 0.317 0 17 255
5.155 -19.601 0.316 0 255 136
4.422 -18.836 0.407 0 255 246
2.937 -22.593 0.223 0 34 255
3.316 -22.284 0.361 0 255 46
2.482 -19.851 0.254 0 17 255
2.728 -16.728 0.207 0 255 157
4.341 -24.437 0.268 0 255 131
3.498 -25.234 0.488 0 255 157
2.828 -17.082 0.384 0 255 182
4.989 -23.975 0.240 0 255 12
3.026 -20.227 0.205 0 255 127
2.373 -17.885 0.184 0 255 148
4.094 -17.438 0.352 0 25 255
4.404 -17.076 0.433 0 0 255
4.344 -28.779 0.219 0 119 255
3.253 -22.053 0.346 0 0 255
6.485 -24.683 0.318 0 0 255
3.572 -16.260 0.303 0 255 153
5.685 -18.598 0.313 0 51 255
4.466 -24.252 0.184 0 255 119
4.042 -17.063 0.309 0 255 114
4.528 -18.827 0.395 0 136 255
3.658 -20.481 0.410 0 255 106
3.532 -20.547 0.294 0 255 148
2.553 -20.214 0.182 0 51 255
2.327 -18.543 0.375 0 0 255
3.302 -16.674 0.302 0 0 255
3.655 -16.005 0.235 0 255 93
2.329 -16.335 0.228 0 255 157
3.960 -27.274 0.339 0 17 255
3.983 -20.041 0.377 0 255 161
2.800 -22.556 0.267 0 255 187
4.819 -30.180 1.194 0 255 191
3.669 -16.137 0.246 0 255 34
3.916 -21.224 0.313 0 255 157
2.817 -20.026 0.194 0 255 204
3.482 -21.116 0.242 0 255 127
4.337 -26.006 0.500 0 0 255
4.034 -22.829 0.229 0 255 131
2.276 -17.319 0.157 0 255 131
2.663 -16.819 0.269 0 255 127
5.022 -23.068 0.373 0 0 255
7.035 -27.492 0.223 0 255 191
3.128 -22.083 0.160 0 255 25
3.124 -17.235 0.271 0 255 208
4.682 -19.710 0.338 0 255 127
2.905 -21.894 0.218 0 255 170
2.230 -17.685 0.408 0 0 255
5.950 -16.630 0.407 0 255 182
3.432 -20.154 0.392 0 255 38
2.360 -19.176 0.389 0 0 255
3.689 -18.976 0.275 0 255 140
4.970 -17.946 0.306 0 255 148
4.719 -29.651 0.538 0 0 255
3.948 -21.836 0.424 0 0 255
3.559 -19.469 0.247 0 255 136
4.309 -28.604 0.372 0 25 255
3.241 -24.266 0.295 0 255 195
3.513 -21.034 0.242 0 255 136
2.227 -17.181 0.271 0 255 106
6.243 -24.027 0.307 0 17 255
4.249 -17.304 0.326 0 255 119
4.600 -16.396 0.159 0 255 148
2.968 -16.414 0.302 0 255 97
2.753 -17.004 0.378 0 255 119
5.924 -17.560 0.262 0 0 255
3.701 -26.158 0.288 0 25 255
2.520 -18.922 0.186 0 255 102
2.333 -18.315 0.152 0 255 127
3.235 -17.064 0.315 59 255 0
2.432 -16.797 0.205 0 255 127
3.969 -27.235 0.328 0 0 255
4.397 -22.806 0.186 0 255 38
5.088 -23.980 0.338 0 25 255
2.232 -16.952 0.412 0 8 255
3.333 -19.770 0.324 0 255 140
3.691 -25.495 0.159 0 255 157
2.376 -19.130 0.424 0 0 255
4.790 -24.835 0.281 0 0 255
3.045 -20.020 0.273 0 255 144
3.666 -20.342 0.405 0 255 85
2.919 -18.525 0.214 0 255 110
4.096 -22.022 0.473 0 0 255
3.033 -18.502 0.266 0 255 136
2.735 -16.315 0.303 0 255 161
2.337 -18.896 0.400 0 85 255
2.551 -16.859 0.256 0 255 127
3.753 -23.718 0.232 0 25 255
4.160 -17.035 0.334 0 255 102
3.453 -19.776 0.333 0 255 148
5.098 -20.088 0.380 0 25 255
2.241 -18.083 0.271 0 255 221
2.568 -16.554 0.303 0 255 93
2.199 -16.408 0.412 0 34 255
4.356 -21.559 0.311 0 255 165
3.428 -21.266 0.278 0 255 187
4.234 -28.491 0.281 0 8 255
3.837 -20.382 0.495 0 0 255
4.117 -18.996 0.284 0 255 161
4.673 -29.940 0.261 0 42 255
4.858 -21.349 0.325 0 0 255
4.785 -31.211 0.342 0 0 255
4.492 -24.563 0.239 0 255 131
2.541 -17.789 0.163 0 255 144
3.036 -20.088 0.483 0 0 255
5.992 -26.881 0.229 0 255 97
4.459 -24.511 0.422 0 85 255
3.322 -24.517 0.252 0 0 255
2.749 -16.838 0.372 0 255 165
5.020 -25.383 0.185 0 255 106
4.791 -24.552 0.410 0 17 255
3.631 -17.351 0.388 0 255 157
5.125 -18.507 0.285 0 255 102
4.582 -27.654 0.258 0 17 255
5.635 -22.951 0.152 0 255 161
7.303 -27.068 0.294 0 0 255
4.541 -16.398 0.184 0 255 161
3.266 -20.116 0.331 0 255 140
3.149 -21.479 0.201 0 255 119
2.816 -18.424 0.160 0 255 157
4.304 -24.307 0.380 0 255 178
2.710 -16.521 0.307 0 255 89
3.350 -18.428 0.296 0 255 161
2.932 -19.643 0.201 0 255 110
4.434 -17.390 0.295 0 255 102
3.467 -16.854 0.301 0 255 136
2.660 -16.433 0.308 0 255 106
3.055 -20.258 0.222 0 255 144
3.322 -20.226 0.316 0 255 140
4.327 -18.218 0.328 0 255 97
4.683 -29.686 1.163 0 76 255
3.637 -16.331 0.243 0 255 97
2.373 -19.106 0.407 0 25 255
4.038 -20.845 0.341 0 255 114
3.329 -24.286 0.334 0 76 255
8.333 -28.499 0.243 0 0 255
3.193 -16.503 0.270 0 255 119
3.499 -17.423 0.313 0 255 119
4.602 -25.463 0.163 0 255 127
5.542 -16.989 0.264 0 255 136
3.434 -17.374 0.355 0 255 131
3.145 -17.239 0.288 0 255 136
3.110 -15.950 0.164 0 255 144
4.696 -28.376 0.278 0 255 174
2.733 -16.899 0.323 0 255 110
3.580 -25.205 0.372 0 0 255
3.438 -24.923 0.151 0 59 255
5.109 -21.099 0.421 0 0 255
4.257 -25.995 0.507 0 102 255
2.879 -19.502 0.163 0 8 255
4.682 -22.069 0.352 0 0 255
4.122 -21.953 0.308 0 255 127
2.989 -18.579 0.366 0 255 127
2.777 -16.769 0.299 0 255 127
2.168 -18.011 0.195 0 255 204
3.353 -18.292 0.298 0 255 123
4.086 -27.637 0.157 0 136 255
3.764 -20.628 0.312 0 255 157
3.347 -15.974 0.214 0 255 123
3.380 -21.422 0.162 0 255 157
2.947 -19.805 0.178 0 255 110
2.748 -17.046 0.402 0 255 242
3.832 -18.114 0.270 0 255 123
2.835 -22.651 0.272 0 0 255
3.770 -21.464 0.251 0 255 170
3.407 -19.189 0.240 0 255 153
3.932 -20.682 0.347 0 255 170
3.892 -22.227 0.236 0 255 106
3.826 -17.639 0.342 0 0 255
3.165 -18.433 0.273 0 255 199
7.260 -25.632 0.181 0 0 255
