-4.251 -38.510 0.310 0 255 153
-7.215 -37.235 0.193 0 255 221
-3.529 -39.230 0.274 0 255 153
-6.196 -37.567 0.304 0 255 161
-8.046 -37.791 0.296 0 255 119
-4.776 -38.384 0.516 0 0 255
-4.440 -39.389 0.310 0 255 174
-7.909 -37.575 0.384 0 255 182
-5.113 -39.613 0.380 0 255 144
-7.683 -37.273 0.337 0 8 255
-8.352 -41.527 0.364 0 255 161
-8.993 -39.578 0.207 0 255 127
-9.321 -39.932 0.206 0 255 127
-8.190 -39.752 0.352 0 85 255
-9.390 -40.752 0.257 0 255 195
-2.382 -39.453 0.240 0 255 182
-4.910 -39.740 0.304 0 255 153
-8.554 -41.020 0.459 0 25 255
-7.628 -38.546 0.310 0 255 119
-3.984 -39.823 0.311 0 255 170
-3.118 -39.720 0.368 0 0 255
-4.225 -37.848 0.163 0 255 123
-4.100 -39.352 0.325 0 255 93
-5.854 -39.395 0.404 0 255 93
-8.563 -39.468 0.373 0 255 89
-4.973 -37.527 0.164 0 255 119
-4.544 -38.343 0.203 0 255 123
-6.127 -39.301 0.437 0 255 0
-5.876 -37.794 0.266 0 255 140
-8.680 -42.217 0.338 0 255 165
-3.078 -39.802 0.367 0 17 255
-4.400 -40.495 0.382 0 255 106
-4.655 -38.301 0.241 0 255 144
-5.126 -38.066 0.285 0 255 123
-8.217 -40.127 0.377 0 255 140
-5.907 -39.808 0.397 0 255 140
-7.861 -37.914 0.338 0 255 246
-7.114 -37.943 0.334 0 255 110
-3.567 -39.182 0.294 0 255 136
-5.716 -37.215 0.224 0 255 102
-7.026 -36.986 0.199 0 255 195
-7.912 -38.454 0.350 0 255 136
-5.420 -37.683 0.178 0 255 131
-8.031 -41.038 0.436 0 255 136
-8.303 -37.361 0.198 0 8 255
-8.156 -41.614 0.555 0 0 255
-7.112 -39.850 0.448 0 255 123
-7.655 -38.605 0.318 0 255 89
-6.492 -38.304 0.366 0 255 127
-4.602 -38.847 0.283 0 255 250
-6.202 -37.981 0.315 0 255 148
-8.047 -39.722 0.383 0 255 157
-2.972 -39.506 0.331 0 255 123
-1.914 -39.254 0.636 0 255 208
-5.398 -38.089 0.338 0 255 106
-6.514 -37.400 0.300 0 255 157
-6.022 -39.154 0.408 0 255 178
-7.432 -37.375 0.241 0 255 161
-7.126 -41.363 0.516 0 17 255
-6.318 -39.009 0.399 0 255 182
-6.850 -41.565 0.439 0 255 136
-8.533 -37.895 0.208 0 204 255
-9.482 -40.882 0.270 0 255 148
-2.780 -38.655 0.173 0 255 140
-7.833 -37.380 0.211 0 255 191
-3.919 -38.686 0.224 0 255 102
-6.520 -40.151 0.523 0 68 255
-8.264 -38.348 0.268 0 255 165
-7.845 -39.090 0.375 0 17 255
-5.959 -40.121 0.419 0 255 148
-6.435 -36.975 0.242 0 0 255
-4.220 -39.157 0.325 0 255 119
-9.602 -42.303 0.179 0 255 148
-3.042 -39.833 0.292 0 127 255
-7.729 -40.415 0.421 0 255 140
-4.364 -40.585 0.397 0 255 157
-8.626 -39.444 0.374 0 255 140
-6.484 -38.342 0.361 0 255 136
-4.271 -39.335 0.359 0 110 255
-7.945 -38.348 0.300 0 255 204
-9.884 -41.419 0.261 0 8 255
-7.197 -36.954 0.159 0 255 136
-7.795 -38.796 0.370 0 255 157
-6.087 -38.793 0.382 0 255 140
-6.065 -40.251 0.454 0 255 174
-6.918 -38.437 0.347 0 255 106
-5.756 -40.690 0.488 0 0 255
-5.788 -39.880 0.394 0 255 140
-9.759 -40.376 0.156 0 255 136
-6.958 -41.400 0.507 0 0 255
-6.433 -37.628 0.327 0 255 106
-3.252 -38.364 0.170 0 255 165
-6.766 -38.662 0.410 0 255 0
-5.789 -40.270 0.482 0 255 246
-6.699 -37.436 0.291 0 0 255
-6.123 -37.301 0.181 0 255 153
-5.923 -39.728 0.395 0 255 114
-7.356 -38.343 0.344 0 255 106
-7.831 -38.796 0.390 0 255 144
-7.073 -37.712 0.251 0 255 204
-2.904 -39.012 0.276 0 255 136
-7.947 -41.568 0.451 0 255 165
-7.270 -37.019 0.207 0 255 148
-5.019 -38.524 0.338 0 255 4
-7.852 -37.686 0.309 0 255 148
-8.971 -40.614 0.354 29 255 0
-2.861 -39.746 0.415 0 17 255
-6.221 -39.987 0.449 0 255 123
-5.846 -37.584 0.226 0 204 255
-5.449 -38.573 0.379 34 255 0
-7.993 -39.674 0.368 0 255 127
-4.420 -38.228 0.255 0 76 255
-3.733 -40.769 0.324 0 255 140
-7.231 -37.211 0.170 0 255 178
-4.407 -37.941 0.204 0 255 102
-7.785 -37.134 0.204 0 8 255
-6.868 -39.297 0.490 0 255 119
-7.713 -37.527 0.383 0 255 187
-3.665 -39.866 0.444 0 0 255
-7.931 -39.193 0.404 0 255 153
-5.101 -38.495 0.314 0 255 208
-2.179 -38.431 0.253 0 0 255
-6.223 -37.479 0.213 0 212 255
-8.656 -38.081 0.211 0 255 199
-7.179 -39.829 0.525 0 59 255
-9.015 -40.717 0.292 0 255 42
-8.081 -39.160 0.362 0 255 140
-9.009 -39.690 0.200 0 255 110
-8.495 -40.593 0.382 0 255 127
-7.340 -41.224 0.502 0 255 114
-8.806 -39.171 0.277 0 255 136
-6.800 -38.244 0.343 0 255 170
-7.318 -41.104 0.486 0 255 136
-6.428 -38.560 0.436 0 255 119
-7.319 -37.641 0.213 0 255 144
-7.222 -37.169 0.216 0 68 255
-7.591 -38.382 0.332 0 255 153
-6.023 -37.433 0.201 0 255 204
-4.578 -37.774 0.211 0 255 157
-7.511 -37.989 0.278 0 255 204
-7.198 -37.207 0.173 0 255 157
-5.614 -37.117 0.163 0 255 127
-5.786 -38.101 0.236 0 255 127
-6.972 -38.845 0.463 0 255 131
-5.098 -39.657 0.387 0 255 144
-8.849 -39.257 0.278 0 255 114
-5.490 -38.921 0.306 0 255 123
-6.846 -39.635 0.443 0 255 157
-4.201 -38.323 0.281 0 0 255
-6.375 -37.192 0.257 0 255 144
-8.487 -39.422 0.348 0 255 153
-7.930 -38.402 0.310 0 255 136
-6.471 -36.553 0.155 0 255 127
-7.022 -38.356 0.426 0 255 93
-9.159 -39.150 0.212 0 255 102
-7.505 -39.102 0.416 0 255 174
-5.464 -39.716 0.386 0 255 127
-7.348 -38.721 0.401 0 255 131
-6.632 -39.920 0.431 0 255 157
-6.402 -39.042 0.443 0 255 106
-6.086 -39.936 0.464 0 255 161
-8.830 -39.114 0.278 0 85 255
-8.129 -38.734 0.299 0 255 187
-8.084 -39.172 0.378 0 255 144
-7.469 -38.280 0.392 0 255 72
-6.882 -38.400 0.378 0 255 119
-7.877 -37.364 0.349 0 255 127
-8.162 -42.554 0.507 0 42 255
-7.159 -38.930 0.416 0 255 174
-5.762 -40.004 0.451 0 255 123
-8.788 -41.788 0.330 0 255 153
-5.233 -37.516 0.165 0 255 131
-3.124 -38.870 0.293 0 255 80
-7.827 -40.481 0.401 0 255 127
-7.224 -39.858 0.488 0 255 144
-5.656 -39.665 0.402 0 255 161
-8.231 -41.276 0.447 0 153 255
-9.602 -40.656 0.268 0 255 119
-7.208 -41.368 0.504 0 153 255
-7.214 -37.999 0.364 0 255 114
-7.618 -41.716 0.441 0 255 114
-5.941 -37.196 0.160 0 34 255
-7.110 -37.729 0.327 0 221 255
-4.299 -38.689 0.307 0 255 119
-6.774 -36.783 0.214 0 255 144
-7.738 -39.645 0.387 0 255 119
-7.820 -37.424 0.275 0 255 153
-6.782 -40.603 0.485 0 255 51
-5.610 -37.129 0.182 0 255 157
-9.456 -41.421 0.213 0 255 114
-5.400 -37.095 0.167 0 255 131
-3.125 -39.694 0.403 0 255 242
-7.646 -40.437 0.404 0 255 153
-6.043 -37.295 0.211 0 255 114
-5.668 -41.130 0.434 0 255 55
-4.542 -39.022 0.337 0 255 114
-8.691 -38.649 0.320 0 255 72
-7.390 -41.369 0.551 0 0 255
-6.457 -37.146 0.217 0 255 119
-5.742 -38.253 0.316 0 255 136
-7.825 -37.259 0.200 0 255 216
-7.463 -39.710 0.474 0 255 123
-9.632 -41.270 0.199 0 255 97
-7.192 -37.909 0.360 0 255 221
-5.331 -40.702 0.423 0 255 187
-5.827 -37.543 0.269 0 255 148
-6.320 -36.991 0.169 0 255 136
-5.174 -37.466 0.193 0 255 153
-6.691 -40.031 0.473 0 255 144
-7.093 -37.160 0.208 0 255 114
-9.513 -39.610 0.198 0 255 97
-6.254 -38.937 0.412 0 255 72
-6.250 -40.462 0.506 0 0 255
-7.743 -37.470 0.169 0 255 119
-9.328 -41.342 0.267 0 255 148
-6.285 -36.624 0.165 0 255 127
-5.250 -38.530 0.355 0 255 97
-6.832 -37.800 0.301 0 255 170
-5.112 -37.986 0.288 0 255 153
-8.101 -38.028 0.287 0 221 255
-8.113 -39.212 0.377 0 255 157
-4.497 -37.680 0.152 0 255 136
-5.003 -37.713 0.224 0 255 123
-8.695 -40.996 0.378 0 255 140
-8.422 -38.955 0.328 0 255 127
-7.884 -37.167 0.206 0 255 229
-8.615 -41.827 0.320 0 255 161
-6.114 -38.936 0.430 0 255 127
-8.152 -39.398 0.311 0 255 144
-5.259 -39.604 0.352 0 255 148
-3.090 -39.841 0.335 0 85 255
-4.450 -39.024 0.329 0 255 110
-5.642 -38.560 0.316 0 255 148
-7.319 -37.013 0.186 0 255 170
-4.589 -41.093 0.443 0 0 255
-6.947 -38.775 0.425 0 255 76
-4.598 -38.958 0.358 0 255 59
-8.849 -39.407 0.324 0 110 255
-6.373 -38.315 0.394 0 255 136
-9.579 -40.354 0.288 0 255 144
-4.300 -38.434 0.292 0 255 127
-8.192 -38.617 0.267 0 255 153
-7.159 -38.856 0.446 0 255 119
-7.163 -37.747 0.253 0 255 97
-7.064 -36.679 0.158 0 255 131
-7.058 -37.676 0.284 0 255 136
-4.788 -40.768 0.343 0 255 153
-6.705 -38.523 0.427 0 59 255
-9.129 -38.861 0.201 0 255 157
-7.810 -37.750 0.451 0 51 255
-8.794 -39.440 0.332 0 255 140
-8.654 -39.447 0.357 0 255 225
-6.366 -37.082 0.254 0 255 165
-6.006 -37.208 0.171 0 255 123
-8.476 -39.010 0.231 0 0 255
-7.928 -37.935 0.364 0 255 170
-7.035 -38.137 0.385 0 255 191
-5.167 -37.384 0.158 0 255 165
-6.453 -36.857 0.168 0 255 123
-9.532 -42.194 0.173 0 187 255
-6.408 -38.915 0.446 0 255 148
-5.789 -37.598 0.246 0 255 144
-6.656 -38.300 0.402 0 255 187
-7.306 -37.165 0.249 0 255 114
-7.870 -40.043 0.408 0 255 89
-8.052 -38.288 0.310 0 255 148
-9.205 -38.876 0.226 0 255 250
-9.030 -38.661 0.174 0 255 131
-7.297 -37.626 0.232 0 255 161
-7.054 -38.898 0.451 0 68 255
-7.060 -37.331 0.264 0 255 97
-7.941 -40.771 0.353 0 255 127
-6.495 -40.197 0.450 0 255 148
-8.446 -38.195 0.226 0 255 165
-8.064 -38.464 0.276 0 255 131
-8.061 -39.274 0.374 0 0 255
-7.270 -38.349 0.408 0 255 89
-5.629 -38.067 0.339 0 255 174
-9.267 -42.086 0.293 0 255 153
-7.801 -40.177 0.343 0 51 255
-5.500 -40.329 0.420 0 255 80
-8.673 -40.649 0.397 0 51 255
-2.334 -37.889 0.209 0 255 191
-2.849 -38.538 0.176 0 255 144
-4.913 -37.578 0.176 0 255 144
-8.161 -38.586 0.318 0 255 97
-8.808 -39.505 0.369 0 51 255
-6.305 -37.107 0.224 0 255 191
-6.166 -41.049 0.491 0 255 182
-8.149 -37.855 0.342 0 59 255
-7.170 -38.864 0.417 0 255 106
-6.799 -37.930 0.359 0 255 110
-7.005 -36.699 0.162 0 255 123
-6.169 -38.558 0.447 0 255 144
-7.186 -38.556 0.387 0 255 136
-7.065 -38.719 0.376 0 255 144
-8.470 -39.669 0.329 0 255 140
-8.726 -40.903 0.441 0 255 140
-7.125 -39.576 0.461 0 255 165
-7.334 -39.695 0.486 0 187 255
-7.911 -39.613 0.343 0 255 131
-9.162 -41.976 0.287 0 255 136
-7.976 -38.881 0.378 0 255 153
-6.645 -36.725 0.153 0 0 255
-8.241 -42.367 0.389 0 255 123
-6.632 -39.687 0.461 0 255 123
-5.988 -40.854 0.487 0 25 255
-6.505 -36.553 0.221 0 255 123
-4.872 -38.146 0.283 0 255 136
-7.487 -37.172 0.228 0 255 157
-5.636 -38.169 0.350 0 255 106
-6.620 -39.604 0.458 0 255 148
-8.286 -39.443 0.375 0 255 153
-9.277 -40.870 0.388 0 51 255
-7.024 -36.961 0.281 0 255 119
-7.316 -37.040 0.255 0 255 110
-5.960 -38.855 0.410 0 255 140
-8.114 -37.562 0.180 0 255 97
-8.221 -37.945 0.271 0 255 119
-4.786 -39.721 0.354 0 255 89
-6.635 -38.324 0.424 0 255 165
-8.376 -37.614 0.176 0 255 127
-5.085 -37.947 0.250 0 255 144
-7.127 -37.352 0.231 0 0 255
-6.610 -41.145 0.494 0 255 170
-9.585 -40.194 0.165 0 255 136
-8.538 -38.908 0.220 0 255 170
-8.466 -38.610 0.240 0 255 174
-6.108 -38.585 0.332 0 255 144
-4.666 -41.326 0.366 0 255 123
-6.281 -39.702 0.430 0 255 131
-7.922 -40.291 0.342 0 204 255
-6.546 -42.762 0.530 0 0 255
-6.714 -40.434 0.431 0 255 63
-6.732 -38.001 0.310 0 255 144
-8.875 -39.378 0.361 0 255 110
-6.111 -37.652 0.300 0 255 221
-4.794 -38.020 0.226 0 255 127
-1.897 -37.913 0.185 0 255 114
-8.203 -37.815 0.258 0 255 144
-9.608 -40.319 0.303 0 42 255
-7.174 -37.963 0.358 0 68 255
-4.724 -37.835 0.204 0 255 144
-8.375 -38.605 0.226 0 255 127
-7.118 -41.441 0.638 0 0 255
-8.510 -37.743 0.208 0 136 255
-6.848 -41.369 0.442 0 255 148
-8.911 -38.923 0.208 0 255 161
-8.498 -37.496 0.181 0 255 102
-6.242 -39.819 0.441 0 255 136
-4.744 -40.207 0.432 0 255 51
-8.839 -40.803 0.422 0 0 255
-4.975 -38.412 0.318 0 255 85
-7.799 -37.881 0.400 0 255 114
-7.806 -37.714 0.327 0 8 255
-5.118 -37.787 0.215 0 255 144
-7.619 -39.265 0.444 0 255 97
-6.524 -40.330 0.449 0 255 42
-7.795 -37.683 0.317 0 0 255
-2.353 -37.951 0.215 0 153 255
-9.321 -40.313 0.299 0 255 161
-6.029 -39.782 0.439 0 255 97
-6.903 -40.440 0.504 0 255 55
-9.023 -39.785 0.238 0 255 114
-6.867 -38.277 0.341 0 255 127
-6.508 -36.738 0.201 0 255 102
-8.925 -39.460 0.292 0 255 110
-5.631 -38.452 0.276 0 255 144
-8.558 -40.385 0.331 0 255 127
-8.648 -39.014 0.255 0 255 127
-8.901 -38.466 0.158 0 255 93
-7.727 -40.431 0.494 0 0 255
-9.097 -38.786 0.180 0 255 144
-8.392 -39.111 0.335 0 255 136
-8.236 -38.214 0.229 0 255 144
-7.970 -41.371 0.520 0 17 255
-7.842 -37.234 0.187 0 255 148
-4.512 -39.871 0.315 0 255 106
-6.836 -36.705 0.187 0 255 157
-7.448 -38.768 0.556 0 25 255
-7.336 -38.731 0.438 0 255 68
-7.193 -37.485 0.187 0 255 161
-8.944 -41.374 0.282 0 255 97
-5.931 -39.895 0.423 0 255 161
-5.070 -37.758 0.236 0 255 119
-6.327 -37.716 0.280 0 195 255
-6.680 -37.343 0.254 0 255 161
-7.225 -41.454 0.621 0 0 255
-7.880 -37.683 0.460 0 102 255
-9.683 -40.360 0.167 0 255 136
-3.286 -38.472 0.205 0 255 127
-8.094 -38.428 0.289 0 255 144
-8.296 -37.371 0.201 0 255 136
-6.845 -38.168 0.372 0 255 229
-8.133 -37.721 0.223 0 255 144
-5.681 -37.032 0.155 0 255 136
-7.029 -37.143 0.180 0 255 170
-4.606 -37.631 0.169 0 255 127
-3.034 -39.790 0.432 0 0 255
-7.091 -38.510 0.380 0 255 144
-9.071 -38.775 0.231 0 42 255
-7.785 -37.288 0.367 0 255 157
-3.515 -38.771 0.304 0 255 114
-4.289 -39.179 0.355 0 255 199
-5.865 -37.962 0.294 0 255 51
-5.575 -37.639 0.222 0 255 140
-5.829 -38.382 0.319 0 255 157
-7.093 -39.310 0.504 0 255 127
-4.420 -37.821 0.198 0 255 140
-5.954 -37.525 0.239 0 255 114
-6.953 -38.954 0.439 0 255 148
-5.227 -37.714 0.201 0 255 127
-8.692 -41.406 0.322 0 255 93
-6.263 -41.539 0.599 0 0 255
-4.645 -38.498 0.245 0 255 119
-6.013 -38.706 0.368 0 178 255
-5.769 -37.318 0.169 0 255 136
-4.051 -40.197 0.363 0 255 68
-6.204 -39.812 0.405 0 255 140
-8.284 -38.888 0.300 0 255 136
-6.223 -40.956 0.412 0 255 140
-7.835 -37.885 0.301 0 255 199
-7.151 -41.540 0.496 0 255 242
-4.020 -38.387 0.214 0 255 119
-7.298 -37.028 0.158 0 255 170
-5.426 -37.466 0.171 0 255 114
-7.044 -38.178 0.382 0 255 170
-4.090 -38.082 0.208 0 255 140
-7.303 -37.051 0.218 0 255 110
-8.531 -38.239 0.250 0 102 255
-2.383 -37.946 0.185 0 255 161
-7.554 -40.875 0.451 0 255 102
-9.128 -40.147 0.308 0 255 148
-7.800 -41.198 0.445 0 255 170
-6.005 -38.466 0.296 0 255 114
-8.262 -38.753 0.267 0 255 174
-6.612 -40.352 0.483 140 255 0
-8.514 -39.393 0.352 0 0 255
-4.940 -39.765 0.352 0 255 144
-7.032 -36.931 0.297 0 255 102
-6.706 -39.842 0.426 0 255 106
-6.433 -37.283 0.266 0 255 131
-3.789 -39.968 0.289 0 255 136
-7.872 -39.805 0.401 0 255 136
-6.646 -38.419 0.380 0 255 127
-7.651 -37.474 0.206 0 255 119
-7.939 -37.767 0.335 0 255 242
-8.494 -39.029 0.338 0 255 140
-7.514 -37.387 0.274 0 255 208
-7.088 -39.326 0.509 0 255 80
-4.102 -38.444 0.215 0 255 144
-5.389 -39.899 0.430 0 17 255
-9.393 -40.558 0.318 0 255 161
-8.128 -39.528 0.335 0 255 140
-7.791 -37.837 0.389 0 255 165
-7.291 -36.939 0.174 0 255 153
-7.529 -37.140 0.174 0 255 114
-8.385 -38.286 0.256 0 0 255
-7.692 -38.721 0.359 0 255 153
-5.913 -37.350 0.203 0 255 140
-3.349 -39.766 0.386 0 93 255
-4.826 -38.591 0.336 0 255 25
-7.328 -37.782 0.323 0 255 114
-5.429 -39.466 0.309 0 255 144
-9.103 -38.819 0.195 0 255 153
-6.132 -38.821 0.390 0 255 153
-5.844 -38.423 0.291 0 255 106
-8.708 -38.211 0.158 0 255 161
-5.867 -40.451 0.411 0 255 131
-9.208 -40.071 0.383 0 246 255
-7.511 -38.843 0.543 0 255 110
-2.244 -38.305 0.239 0 195 255
-3.202 -38.892 0.288 0 255 170
-7.904 -38.717 0.380 0 255 136
-7.190 -39.919 0.544 42 255 0
-6.758 -38.046 0.314 0 255 246
-3.388 -38.581 0.354 0 255 85
-5.857 -40.030 0.429 0 255 114
-9.734 -40.437 0.250 0 255 123
-6.623 -40.142 0.528 0 0 255
-7.884 -39.293 0.370 0 255 29
-7.350 -36.890 0.195 0 255 110
-8.638 -38.413 0.283 0 255 110
-7.323 -37.724 0.280 0 255 123
-8.391 -37.849 0.309 0 255 106
-5.038 -37.846 0.193 0 255 140
-8.439 -39.175 0.315 0 255 123
-3.326 -38.368 0.169 0 255 110
-8.829 -39.569 0.362 0 255 25
-8.801 -40.724 0.335 0 255 153
-5.444 -37.073 0.201 0 255 127
-2.019 -39.330 0.231 0 255 144
-6.481 -40.125 0.443 0 51 255
-4.779 -41.488 0.346 0 255 119
-8.899 -38.558 0.218 0 255 106
-6.852 -40.974 0.488 0 110 255
-6.456 -37.000 0.176 0 255 127
-6.315 -38.080 0.345 0 255 229
-6.267 -38.403 0.386 0 255 153
-8.366 -37.691 0.193 0 255 161
-5.680 -37.997 0.301 0 255 148
-4.331 -38.485 0.307 0 255 136
-5.906 -39.670 0.385 0 255 136
-6.195 -38.191 0.333 0 255 136
-6.252 -36.588 0.217 0 255 165
-8.712 -39.339 0.296 0 34 255
-7.883 -37.770 0.380 0 255 187
-5.395 -40.614 0.556 0 0 255
-6.838 -36.913 0.155 0 255 165
-3.438 -38.586 0.252 0 255 153
-7.636 -39.010 0.462 0 255 144
-6.673 -37.057 0.196 0 255 97
-8.317 -38.124 0.290 0 255 72
-7.791 -37.913 0.425 0 170 255
-7.204 -36.909 0.201 0 255 153
-7.431 -37.080 0.162 0 255 119
-8.229 -38.555 0.250 0 255 136
-4.466 -38.067 0.260 0 255 102
-6.601 -36.865 0.164 0 212 255
-8.185 -40.007 0.399 0 255 85
-5.081 -37.995 0.275 0 255 153
-9.401 -40.115 0.271 0 17 255
-6.684 -37.123 0.193 0 255 157
-3.592 -38.294 0.191 0 255 119
-4.838 -38.142 0.346 0 187 255
-8.012 -37.848 0.322 0 187 255
-6.411 -37.320 0.225 0 255 165
-6.654 -41.049 0.519 0 0 255
-7.032 -36.863 0.208 0 68 255
-6.595 -39.411 0.444 0 161 255
-8.294 -39.217 0.362 0 255 85
-4.239 -40.005 0.381 0 255 153
-9.149 -41.917 0.251 0 255 140
-8.437 -39.034 0.274 0 255 157
-8.097 -42.160 0.447 0 255 38
-7.373 -39.111 0.430 0 255 102
-7.898 -37.230 0.337 0 255 221
-7.023 -37.475 0.216 0 17 255
-7.800 -40.618 0.394 0 255 140
-8.078 -39.438 0.344 0 255 157
-6.344 -37.671 0.290 0 255 123
-8.034 -37.276 0.256 0 255 127
-3.580 -39.952 0.341 0 255 174
-7.182 -39.342 0.441 0 255 59
-9.155 -42.843 0.173 0 255 140
-8.309 -37.748 0.207 0 255 153
-6.834 -39.815 0.446 0 255 170
-8.906 -41.535 0.272 0 255 106
-4.647 -41.039 0.379 0 255 153
-6.960 -38.906 0.422 0 255 165
-6.830 -37.065 0.199 0 255 153
-8.178 -38.215 0.283 0 255 144
-3.717 -39.178 0.292 0 255 123
-6.590 -37.658 0.306 0 255 204
-5.256 -37.409 0.168 0 255 127
-4.533 -37.676 0.215 0 255 140
-7.332 -37.447 0.295 0 255 55
-6.987 -37.471 0.232 0 0 255
-8.558 -38.503 0.229 0 255 216
-6.085 -38.332 0.325 0 255 93
-3.864 -39.934 0.315 0 255 229
-8.251 -40.438 0.411 0 255 97
-8.857 -38.898 0.212 0 255 131
-5.513 -37.956 0.333 0 255 106
-3.819 -39.870 0.298 0 255 182
-9.380 -40.187 0.195 0 255 157
-7.194 -39.083 0.464 0 255 123
-7.093 -39.365 0.483 0 255 34
-4.316 -40.114 0.345 0 102 255
-6.057 -38.507 0.505 0 0 255
-9.415 -41.387 0.199 0 255 165
-7.106 -42.523 0.492 0 8 255
-5.792 -37.551 0.263 0 255 144
-9.487 -41.756 0.200 0 255 140
-6.609 -37.433 0.305 0 144 255
-7.386 -39.345 0.412 0 255 136
-6.378 -36.814 0.215 0 255 255
-7.774 -37.500 0.341 0 85 255
-4.838 -40.435 0.415 29 255 0
-4.638 -39.931 0.368 0 255 148
-6.015 -38.515 0.319 0 255 119
-9.555 -39.976 0.163 0 255 119
-7.628 -40.862 0.438 0 255 140
-7.389 -38.956 0.453 0 255 144
-6.446 -40.096 0.428 0 255 119
-7.944 -37.246 0.286 0 255 127
-4.913 -38.176 0.309 0 255 170
-5.981 -40.863 0.526 0 0 255
-8.845 -38.578 0.178 0 255 144
-8.380 -42.445 0.385 0 255 153
-8.285 -37.678 0.158 0 17 255
-8.013 -40.935 0.460 0 255 165
-4.029 -39.151 0.330 17 255 0
-5.877 -37.636 0.288 0 255 102
-8.908 -39.501 0.258 0 255 131
-9.335 -41.888 0.310 0 0 255
-6.157 -40.174 0.509 0 255 72
-5.488 -37.337 0.235 0 255 136
-8.821 -41.115 0.297 0 255 148
-6.776 -38.440 0.414 0 255 119
-4.409 -37.796 0.167 0 255 131
-8.062 -40.050 0.371 0 255 97
-5.202 -39.830 0.381 0 255 165
-7.657 -39.288 0.384 0 255 140
-5.631 -37.244 0.172 0 255 148
-5.387 -37.422 0.161 0 0 255
-9.222 -40.406 0.267 0 255 144
-5.254 -37.641 0.202 0 255 123
-7.656 -37.594 0.307 0 255 144
-2.555 -39.674 0.269 0 255 148
-8.885 -38.765 0.257 0 255 144
-2.815 -38.759 0.231 0 255 80
-9.068 -38.964 0.188 0 255 110
-5.908 -38.150 0.346 0 255 97
-9.326 -40.063 0.195 0 255 80
-6.787 -40.443 0.453 12 255 0
-8.548 -40.946 0.388 0 68 255
-6.879 -36.921 0.179 0 255 131
-5.647 -41.263 0.460 0 93 255
-3.175 -38.238 0.181 0 255 136
-5.996 -37.272 0.195 0 255 140
-1.986 -39.248 0.204 0 255 102
-5.073 -37.815 0.237 0 255 131
-7.301 -41.170 0.545 0 0 255
-6.882 -36.899 0.262 0 255 110
-7.661 -39.713 0.380 0 8 255
-8.193 -40.314 0.373 0 255 174
-2.417 -38.186 0.201 0 255 131
-9.116 -39.717 0.242 0 255 136
-7.463 -37.573 0.284 0 255 178
-4.766 -39.924 0.388 0 255 153
-7.363 -39.750 0.503 0 85 255
-5.878 -38.325 0.285 0 255 148
-6.828 -40.164 0.402 0 255 148
-8.670 -39.064 0.188 0 255 131
-4.686 -39.413 0.291 0 255 127
-4.343 -38.492 0.298 0 255 110
-3.610 -39.195 0.334 0 255 123
-9.499 -40.101 0.164 0 255 195
-6.301 -37.267 0.204 0 255 182
-7.510 -37.328 0.277 0 255 123
-7.931 -40.965 0.421 0 255 127
-4.832 -37.799 0.209 0 255 131
-4.576 -38.889 0.386 0 0 255
-6.545 -38.083 0.287 0 255 161
-6.535 -42.760 0.495 0 0 255
-5.777 -38.679 0.357 0 255 127
-8.415 -38.723 0.209 0 255 136
-3.245 -39.647 0.383 0 42 255
-7.292 -39.871 0.529 0 0 255
-8.708 -38.182 0.156 0 255 161
-8.420 -37.752 0.250 0 255 21
-8.721 -38.243 0.157 0 255 157
-4.458 -39.983 0.314 0 255 140
-7.973 -37.226 0.378 0 255 127
-8.752 -39.005 0.217 0 255 119
-3.591 -38.426 0.198 0 0 255
-8.060 -38.931 0.296 0 255 89
-4.456 -38.476 0.313 0 255 106
-6.002 -38.767 0.443 0 255 153
-7.188 -41.419 0.564 0 0 255
-4.560 -38.731 0.253 0 255 144
-6.170 -38.929 0.477 0 0 255
-7.075 -38.711 0.464 0 255 148
-7.759 -40.443 0.431 0 255 106
-5.078 -39.660 0.369 0 255 144
-6.142 -37.213 0.167 0 255 127
-9.781 -41.547 0.242 0 255 38
-6.822 -38.122 0.333 0 187 255
-7.266 -37.588 0.216 0 255 110
-5.946 -38.996 0.423 0 255 119
-5.650 -38.055 0.247 0 255 153
-4.759 -39.420 0.281 0 255 161
-7.659 -38.875 0.451 0 34 255
-6.137 -38.915 0.458 4 255 0
-8.114 -38.422 0.286 0 255 174
-9.061 -39.098 0.279 0 255 136
-6.553 -37.231 0.306 0 255 131
-6.428 -36.946 0.168 0 255 144
-5.600 -37.752 0.300 0 255 170
-7.166 -37.089 0.278 0 255 153
-8.056 -38.099 0.339 0 255 144
-7.973 -38.570 0.386 0 255 161
-6.446 -38.848 0.424 0 255 140
-8.241 -39.992 0.381 0 255 127
-6.928 -37.658 0.267 0 255 148
-5.736 -38.389 0.269 0 255 119
-6.111 -38.116 0.308 0 255 127
-3.186 -38.549 0.247 0 0 255
-7.806 -37.340 0.302 0 85 255
-4.034 -39.133 0.300 0 255 93
-5.846 -37.588 0.282 0 255 110
-6.802 -36.751 0.236 0 255 157
-7.688 -37.754 0.375 0 255 144
-2.726 -38.795 0.230 0 255 119
-7.596 -37.979 0.274 0 255 144
-9.337 -41.580 0.216 0 255 144
-8.414 -40.858 0.369 0 255 110
-3.792 -39.992 0.359 0 255 250
-5.481 -38.866 0.355 131 255 0
-6.432 -37.596 0.328 0 0 255
-9.532 -39.696 0.178 0 255 110
-6.961 -40.350 0.434 0 255 131
-3.029 -39.416 0.287 0 255 216
-6.843 -37.862 0.316 0 255 178
-4.257 -38.282 0.212 0 0 255
-2.760 -38.570 0.159 0 255 119
-7.168 -38.204 0.415 0 255 153
-7.350 -39.107 0.424 0 255 174
-4.183 -38.410 0.289 0 255 165
-9.626 -40.202 0.178 0 255 165
-7.126 -39.442 0.498 0 255 161
-7.008 -36.746 0.223 0 255 127
-9.336 -41.843 0.309 0 0 255
-7.843 -37.321 0.384 0 255 170
-8.060 -40.747 0.573 0 0 255
-6.995 -39.811 0.451 12 255 0
-7.664 -38.448 0.371 0 255 127
-4.946 -40.282 0.366 0 255 238
-8.941 -40.676 0.316 0 255 148
-5.795 -37.420 0.222 0 255 208
-9.116 -39.054 0.208 0 255 144
-6.969 -40.248 0.460 0 255 93
-7.739 -37.492 0.389 0 255 161
-6.317 -37.387 0.212 0 255 204
-7.433 -38.337 0.389 0 255 123
-4.375 -38.109 0.253 0 255 136
-5.400 -38.518 0.337 0 25 255
-8.327 -37.772 0.175 0 255 131
-6.386 -41.596 0.559 0 0 255
-4.374 -37.802 0.181 0 255 140
-5.527 -37.066 0.180 0 255 119
-8.494 -38.128 0.240 0 255 136
-8.807 -39.452 0.307 0 255 144
-6.225 -38.227 0.299 0 255 123
-8.876 -39.618 0.314 0 255 140
-5.731 -38.122 0.311 0 8 255
-8.470 -37.823 0.203 0 255 106
-6.797 -41.631 0.549 0 0 255
-9.058 -39.462 0.188 0 255 178
-2.222 -38.093 0.175 0 221 255
-8.872 -39.372 0.239 0 255 119
-9.006 -38.812 0.195 0 255 110
-7.741 -38.695 0.360 0 255 63
-7.951 -38.725 0.360 0 255 119
-7.862 -39.559 0.425 0 255 114
-7.782 -38.725 0.394 0 255 127
-5.592 -39.592 0.354 0 255 153
-6.740 -40.352 0.475 0 255 46
-8.142 -39.591 0.333 0 255 140
-8.634 -38.413 0.252 0 255 216
-7.857 -40.524 0.385 0 255 131
-6.843 -37.399 0.279 0 255 153
-7.223 -38.681 0.370 0 255 157
-9.247 -40.058 0.376 0 0 255
-6.068 -40.970 0.586 0 0 255
-6.026 -40.857 0.549 0 0 255
-8.279 -38.003 0.265 0 255 144
-6.172 -39.737 0.429 0 255 148
-5.790 -38.301 0.277 0 255 131
-5.695 -37.772 0.266 0 255 157
-8.306 -42.067 0.386 0 255 123
-7.985 -40.835 0.354 0 255 89
-7.443 -38.746 0.404 0 255 144
-7.325 -37.179 0.325 0 255 114
-8.926 -40.534 0.276 0 255 144
-5.631 -38.624 0.305 0 255 157
-4.130 -37.954 0.176 0 255 127
-6.182 -37.592 0.205 0 161 255
-7.632 -38.625 0.320 0 255 148
-8.348 -40.220 0.308 0 255 161
-4.803 -39.970 0.408 0 102 255
-7.902 -38.745 0.355 0 255 144
-8.861 -41.735 0.336 0 255 127
-8.274 -37.473 0.167 0 255 233
-6.625 -39.053 0.345 0 255 140
-8.165 -38.559 0.318 0 255 144
-3.639 -38.445 0.209 0 255 148
-3.521 -39.256 0.271 0 255 119
-6.248 -39.802 0.411 0 255 153
-4.453 -40.462 0.373 0 255 93
-3.540 -38.069 0.174 0 255 144
-7.439 -38.008 0.304 0 255 153
-7.931 -37.209 0.212 0 255 187
-7.586 -37.473 0.179 0 255 131
-5.871 -38.967 0.375 0 255 229
-9.416 -40.008 0.223 0 255 148
-9.509 -40.194 0.158 0 255 136
-9.075 -39.822 0.233 0 255 136
-7.179 -37.419 0.209 0 255 212
-9.268 -39.072 0.217 0 255 102
-7.218 -41.511 0.544 0 0 255
-5.922 -37.036 0.152 0 0 255
-6.783 -39.772 0.442 0 255 119
-7.501 -39.006 0.427 0 255 187
-4.637 -41.118 0.406 0 0 255
-4.206 -41.115 0.334 0 255 123
-5.749 -39.363 0.406 0 255 127
-8.450 -40.592 0.377 0 255 97
-5.675 -39.799 0.405 0 255 80
-6.259 -37.134 0.236 0 255 153
-8.499 -41.776 0.339 0 255 153
-6.404 -39.961 0.380 0 34 255
-8.809 -39.389 0.352 0 246 255
-8.305 -37.691 0.196 0 255 123
-5.431 -37.918 0.285 0 255 199
-5.540 -40.692 0.461 0 0 255
-4.251 -39.477 0.367 0 119 255
-4.916 -38.104 0.263 0 255 127
-2.245 -38.394 0.478 0 0 255
-6.656 -36.801 0.262 0 255 93
-4.306 -38.720 0.302 0 255 72
-6.179 -38.994 0.428 0 255 93
-6.958 -36.841 0.178 0 102 255
-7.863 -37.229 0.222 0 255 204
-1.908 -37.874 0.233 0 255 174
-3.191 -38.599 0.229 0 255 140
-8.788 -38.687 0.182 0 255 170
-8.907 -42.290 0.297 0 255 144
-8.052 -38.463 0.313 0 0 255
-8.493 -39.287 0.271 0 255 182
-8.449 -40.687 0.361 0 255 148
-3.344 -38.785 0.284 0 255 136
-7.247 -40.010 0.499 0 255 29
-4.122 -38.446 0.258 0 255 174
-6.355 -41.611 0.541 0 0 255
-7.044 -38.385 0.393 0 255 93
-6.871 -36.676 0.165 0 255 144
-4.218 -40.595 0.347 0 255 119
-7.864 -38.452 0.354 0 255 174
-7.337 -39.101 0.420 0 255 102
-3.478 -39.622 0.367 0 51 255
-8.160 -39.843 0.383 0 255 174
-5.466 -37.364 0.200 0 255 106
-7.031 -39.076 0.482 0 255 29
-5.713 -37.964 0.268 0 255 106
-7.031 -38.668 0.425 0 255 144
-7.471 -37.954 0.315 0 255 123
-8.523 -39.796 0.295 0 25 255
-8.073 -37.739 0.188 0 255 182
-9.051 -39.882 0.327 0 238 255
-6.930 -36.846 0.246 0 212 255
-2.970 -38.601 0.297 0 127 255
-4.710 -39.413 0.287 0 255 106
-6.376 -38.556 0.432 0 255 161
-9.163 -38.843 0.190 0 255 165
-2.118 -38.226 0.354 0 255 46
-4.175 -38.464 0.286 0 255 157
-4.172 -39.989 0.329 0 255 97
-6.707 -38.216 0.445 0 76 255
-8.164 -39.703 0.316 0 255 123
-5.152 -37.900 0.196 0 255 140
-7.386 -37.164 0.166 0 255 157
-7.714 -38.572 0.338 0 255 153
-6.154 -40.211 0.528 0 0 255
-7.482 -37.894 0.287 0 255 148
-7.691 -37.426 0.208 0 255 144
-7.055 -37.121 0.236 0 255 127
-8.930 -42.306 0.277 0 255 148
-5.812 -40.120 0.403 0 255 161
-5.119 -37.949 0.280 0 255 127
-6.469 -38.679 0.444 0 255 153
-1.918 -39.407 0.292 0 187 255
-6.759 -38.221 0.346 0 255 170
-4.391 -38.851 0.335 0 255 72
-9.736 -40.454 0.168 0 255 131
-4.492 -40.757 0.383 0 255 178
-5.302 -38.270 0.305 0 255 148
-8.713 -40.375 0.346 0 255 178
-8.698 -38.011 0.196 0 255 157
-5.463 -38.079 0.315 0 255 144
-5.596 -40.501 0.432 0 255 93
-6.962 -39.053 0.438 0 255 178
-8.091 -37.785 0.240 0 255 127
-3.835 -40.027 0.259 0 0 255
-6.005 -38.768 0.422 0 255 148
-8.367 -37.780 0.226 0 255 123
-5.616 -38.264 0.265 0 255 123
-6.959 -40.242 0.459 0 255 114
-7.676 -39.146 0.412 0 255 131
-5.533 -39.930 0.385 0 255 157
-6.527 -39.087 0.453 0 255 161
-7.299 -37.214 0.363 0 255 68
-8.628 -38.864 0.180 0 255 199
-8.937 -39.209 0.268 0 255 144
-8.835 -40.369 0.370 51 255 0
-4.583 -39.017 0.345 0 51 255
-8.074 -39.407 0.369 0 255 123
-5.523 -40.568 0.548 0 0 255
-7.510 -38.668 0.437 0 255 178
-9.242 -40.135 0.279 0 255 123
-5.618 -39.692 0.408 0 255 144
-6.804 -37.488 0.278 0 255 157
-9.302 -39.232 0.210 0 255 80
-6.500 -37.134 0.277 0 255 242
-6.588 -37.530 0.305 0 255 114
-5.725 -38.801 0.366 0 255 140
-7.095 -36.861 0.173 0 255 127
-8.447 -37.711 0.197 0 42 255
-7.914 -41.877 0.472 0 255 119
-8.846 -39.246 0.294 0 255 140
-5.553 -37.949 0.265 0 255 127
-6.794 -36.942 0.245 0 255 148
-4.990 -37.810 0.220 0 255 144
-5.986 -38.129 0.277 0 255 127
-8.284 -41.360 0.476 0 0 255
-4.075 -39.071 0.373 0 255 42
-8.624 -39.085 0.246 0 255 144
-4.475 -40.224 0.392 0 255 51
-6.104 -41.016 0.528 0 34 255
-2.459 -38.045 0.163 0 255 144
-8.540 -39.347 0.286 0 255 140
-5.718 -40.566 0.522 0 51 255
-7.580 -38.615 0.395 0 255 140
-5.349 -37.253 0.238 0 255 140
-9.363 -40.812 0.256 0 255 161
-4.336 -39.487 0.383 0 119 255
-6.319 -38.471 0.333 0 255 255
-6.330 -37.990 0.332 0 255 85
-7.964 -39.913 0.426 0 8 255
-6.634 -38.044 0.295 0 255 136
-8.666 -39.413 0.362 0 0 255
-7.399 -37.425 0.250 0 255 127
-6.780 -41.202 0.537 0 0 255
-9.251 -41.199 0.309 0 255 136
-4.454 -37.788 0.152 0 255 119
-8.157 -38.407 0.342 0 255 144
-4.638 -41.254 0.384 0 255 17
-7.944 -39.467 0.354 0 255 148
-5.928 -38.571 0.350 0 255 127
-6.826 -37.573 0.314 0 255 157
-7.723 -39.483 0.395 0 255 148
-8.838 -38.762 0.196 0 255 140
-5.510 -41.121 0.416 0 255 8
-3.695 -38.818 0.282 0 255 102
-4.409 -38.446 0.267 0 255 119
-8.318 -41.852 0.339 0 255 140
-7.102 -40.225 0.457 0 255 34
-7.799 -38.921 0.381 0 255 80
-7.484 -37.403 0.317 0 255 161
-7.306 -39.778 0.478 0 255 153
-4.340 -38.031 0.208 0 255 136
-4.254 -39.500 0.324 0 255 233
-7.022 -37.733 0.308 0 255 131
-7.422 -41.399 0.529 0 42 255
-7.902 -37.697 0.193 0 255 225
-8.805 -39.137 0.240 0 255 144
-7.854 -41.057 0.489 0 255 51
-6.799 -38.246 0.426 0 255 114
-4.031 -40.189 0.346 8 255 0
-6.674 -37.549 0.335 0 255 140
-9.508 -40.702 0.281 0 34 255
-2.712 -39.698 0.374 0 0 255
-7.494 -37.537 0.289 0 255 208
-7.248 -37.878 0.321 0 255 140
-3.729 -38.212 0.173 0 255 153
-3.417 -39.300 0.286 0 255 153
-2.606 -38.256 0.156 0 255 123
-6.967 -38.537 0.334 0 255 144
-7.406 -37.793 0.331 0 255 144
-6.238 -38.348 0.342 0 255 123
-6.888 -40.531 0.543 0 0 255
-7.782 -37.432 0.262 0 255 170
-4.253 -38.756 0.368 0 255 42
-6.207 -38.553 0.393 0 255 131
-4.054 -37.884 0.151 0 255 114
-6.187 -39.295 0.350 0 255 46
-7.126 -38.709 0.340 0 255 255
-8.623 -38.953 0.171 0 255 140
-2.670 -39.667 0.341 0 255 161
-1.853 -38.762 0.252 0 0 255
-3.540 -39.929 0.321 0 255 174
-7.261 -37.130 0.215 0 255 153
-5.444 -37.247 0.203 0 255 119
-6.952 -36.648 0.159 0 255 148
-6.262 -39.819 0.393 0 255 144
-7.828 -40.185 0.364 0 255 157
-6.494 -37.649 0.280 0 255 114
-7.755 -38.830 0.377 0 0 255
-9.585 -42.203 0.177 0 255 123
-6.646 -40.843 0.432 0 255 140
-8.627 -39.472 0.405 0 8 255
-4.879 -40.000 0.357 0 76 255
-5.083 -39.640 0.401 0 255 157
-9.402 -42.053 0.326 0 0 255
-6.122 -40.999 0.497 0 255 187
-5.350 -40.873 0.484 0 25 255
-8.998 -40.705 0.381 0 0 255
-8.956 -39.906 0.261 0 255 221
-4.975 -38.006 0.313 0 255 157
-6.140 -38.808 0.487 0 8 255
-6.362 -37.735 0.254 0 255 110
-4.841 -37.963 0.222 0 255 110
-6.394 -38.522 0.331 0 255 140
-9.658 -40.248 0.277 0 255 153
-4.046 -38.911 0.276 0 255 119
-4.121 -38.328 0.203 0 255 144
-9.272 -40.014 0.256 0 229 255
-4.260 -39.221 0.314 0 255 114
-9.263 -40.791 0.284 0 255 165
-7.327 -39.310 0.410 0 255 157
-8.031 -37.724 0.331 0 255 242
-9.058 -39.231 0.288 0 255 140
-6.323 -39.323 0.441 0 42 255
-7.138 -39.624 0.479 0 255 110
-8.168 -37.866 0.310 0 255 148
-6.294 -37.113 0.243 0 255 102
-5.432 -40.457 0.392 0 25 255
-7.575 -37.444 0.204 0 255 131
-2.535 -39.811 0.362 0 0 255
-7.257 -39.760 0.464 0 110 255
-6.167 -37.341 0.239 0 255 216
-5.771 -40.531 0.431 0 255 97
-7.583 -38.070 0.270 0 255 144
-7.314 -38.272 0.377 0 255 131
-4.545 -40.925 0.340 0 170 255
-5.572 -37.376 0.269 0 255 76
-7.029 -38.732 0.453 0 255 97
-7.654 -40.781 0.460 0 255 51
-6.632 -36.649 0.160 0 212 255
-3.711 -38.739 0.253 0 255 127
-4.875 -38.177 0.302 0 255 161
-8.288 -39.520 0.321 0 255 119
-5.580 -40.613 0.512 0 0 255
-7.827 -37.492 0.159 0 178 255
-6.303 -38.759 0.367 0 255 119
-6.510 -37.721 0.373 0 255 34
-8.761 -38.567 0.248 0 255 174
-8.882 -42.395 0.290 0 255 144
-8.105 -38.754 0.334 0 255 144
-4.853 -40.639 0.472 0 255 204
-6.639 -41.061 0.532 0 8 255
-8.164 -37.773 0.224 0 255 127
-4.259 -38.152 0.171 0 255 195
-9.215 -40.095 0.393 0 0 255
-8.725 -39.455 0.308 0 170 255
-6.227 -39.845 0.524 0 0 255
-9.047 -39.905 0.324 0 255 131
-3.202 -39.427 0.336 0 255 191
-6.200 -36.631 0.172 0 0 255
-5.932 -40.650 0.466 0 255 208
-6.662 -39.188 0.385 0 255 110
-3.590 -39.023 0.288 0 255 114
-7.925 -38.334 0.395 0 255 182
-5.362 -38.137 0.341 0 255 89
-7.901 -38.262 0.306 0 255 216
-8.383 -41.288 0.354 0 255 153
-8.810 -41.413 0.378 0 255 68
-6.796 -39.426 0.420 0 59 255
-6.775 -37.095 0.196 0 255 127
-7.146 -37.295 0.286 0 255 119
-7.548 -37.275 0.287 0 255 136
-8.194 -37.577 0.162 0 102 255
-8.937 -39.367 0.386 0 255 12
-7.755 -38.074 0.288 0 255 238
-6.629 -37.052 0.188 0 255 250
-7.600 -39.167 0.363 0 255 110
-8.330 -37.472 0.191 0 238 255
-7.522 -37.937 0.308 0 255 144
-5.788 -38.720 0.352 0 255 110
-4.699 -38.415 0.275 0 255 80
-2.787 -38.570 0.228 0 255 157
-5.937 -40.367 0.435 0 255 97
-7.834 -40.483 0.455 0 255 195
-6.997 -38.915 0.460 0 178 255
-6.904 -38.125 0.344 0 119 255
-4.498 -37.752 0.153 0 255 136
-7.483 -39.836 0.541 0 0 255
-7.708 -39.271 0.338 0 255 127
-7.959 -37.226 0.202 0 255 136
-9.325 -41.866 0.217 0 255 157
-8.498 -39.452 0.352 0 255 140
-4.700 -38.508 0.264 0 255 131
-8.366 -38.206 0.205 0 255 178
-5.705 -37.663 0.228 0 255 136
-6.616 -41.088 0.514 0 0 255
-6.144 -39.080 0.420 0 255 195
-7.130 -36.905 0.235 0 255 123
-5.669 -37.450 0.248 0 110 255
-5.642 -37.484 0.163 0 255 123
-8.294 -37.413 0.167 0 255 119
-7.820 -38.356 0.325 0 255 170
-6.760 -37.435 0.276 0 255 127
-7.390 -38.403 0.322 0 255 140
-3.696 -39.398 0.285 0 255 25
-8.756 -38.674 0.171 0 255 157
-7.979 -37.294 0.209 0 255 148
-3.281 -38.163 0.226 0 255 114
-9.666 -40.120 0.173 0 255 127
-8.439 -41.864 0.337 0 255 161
-6.227 -37.856 0.277 0 255 144
-6.391 -41.548 0.511 0 0 255
-5.425 -38.377 0.368 0 255 144
-2.728 -40.012 0.355 0 0 255
-6.923 -37.220 0.204 0 255 233
-7.221 -41.351 0.476 0 255 131
-7.987 -37.321 0.225 0 255 195
-4.745 -39.912 0.352 0 255 148
-7.485 -38.223 0.323 0 255 165
-8.007 -37.226 0.160 0 255 157
-8.271 -40.770 0.374 0 255 123
-7.851 -37.373 0.167 0 59 255
-4.575 -40.818 0.416 0 204 255
-8.940 -39.448 0.375 0 255 97
-4.759 -37.552 0.197 0 255 144
-8.597 -38.481 0.265 0 255 148
-8.175 -37.836 0.299 0 255 212
-5.220 -39.006 0.319 0 255 140
-4.105 -39.526 0.368 0 255 114
-5.865 -38.218 0.279 0 255 136
-4.404 -39.283 0.266 0 255 161
-6.607 -36.606 0.157 0 255 136
-5.653 -40.298 0.384 0 255 165
-1.878 -38.042 0.230 0 255 140
-7.455 -37.166 0.162 0 255 127
-4.222 -38.423 0.284 0 255 174
-5.115 -38.189 0.374 0 119 255
-6.811 -38.024 0.398 0 255 110
-8.708 -38.413 0.300 0 255 110
-3.802 -39.185 0.317 0 255 29
-7.293 -37.306 0.286 0 229 255
-7.285 -38.281 0.409 0 255 161
-7.229 -39.807 0.490 0 255 136
-9.187 -42.131 0.275 0 255 157
-4.458 -39.074 0.312 0 255 63
-8.447 -39.617 0.351 0 255 68
-5.288 -39.806 0.368 0 255 131
-7.503 -37.769 0.323 0 102 255
-4.540 -38.529 0.272 0 255 153
-3.713 -38.533 0.206 0 255 127
-7.201 -37.635 0.232 0 255 170
-7.456 -38.813 0.519 0 238 255
-2.428 -38.352 0.302 0 0 255
-6.630 -37.103 0.185 0 51 255
-6.776 -37.540 0.249 0 255 148
-9.628 -40.727 0.184 0 255 221
-8.300 -38.699 0.261 0 255 148
-5.365 -40.186 0.370 0 255 131
-6.905 -38.753 0.422 0 255 136
-8.925 -40.658 0.295 0 255 191
-7.429 -38.889 0.481 0 255 144
-7.900 -37.390 0.249 0 255 165
-7.205 -37.035 0.259 0 255 106
-9.152 -40.954 0.287 0 255 148
-7.264 -38.846 0.414 0 255 153
-7.993 -37.569 0.207 0 255 110
-9.455 -39.538 0.157 0 255 153
-5.617 -38.079 0.289 0 255 136
-8.200 -38.093 0.323 0 255 114
-5.022 -39.776 0.352 0 255 131
-4.770 -39.532 0.320 0 255 85
-8.768 -39.010 0.224 0 255 140
-8.894 -38.866 0.197 0 255 161
-7.391 -37.237 0.201 0 255 221
-7.477 -38.602 0.358 0 255 144
-6.823 -40.774 0.448 0 255 72
-8.555 -41.344 0.339 0 25 255
-7.939 -38.781 0.392 0 255 127
-7.337 -41.188 0.597 0 0 255
-8.036 -39.164 0.312 0 255 136
-6.319 -41.566 0.505 0 0 255
-5.789 -38.284 0.309 0 255 144
-7.139 -37.653 0.221 0 255 106
-8.365 -38.422 0.253 0 255 144
-6.690 -41.027 0.563 0 8 255
-7.270 -40.027 0.517 63 255 0
-7.271 -37.314 0.301 0 255 76
-8.019 -37.296 0.219 0 255 195
-7.564 -37.460 0.190 0 255 131
-6.822 -37.475 0.244 0 8 255
-5.541 -38.024 0.326 0 255 114
-6.631 -37.410 0.282 0 255 131
-6.426 -41.084 0.458 0 255 170
-8.782 -41.760 0.349 0 255 161
-3.540 -38.593 0.267 0 255 136
-4.731 -38.791 0.311 0 255 68
-7.838 -37.857 0.424 0 255 119
-5.015 -39.417 0.305 0 255 89
-7.387 -38.141 0.273 0 255 131
-7.417 -37.200 0.225 0 255 136
-8.146 -39.045 0.322 0 255 140
-6.758 -36.795 0.164 0 255 140
-6.785 -36.666 0.201 0 255 114
-6.602 -36.679 0.206 0 255 144
-9.793 -41.155 0.157 0 255 157
-6.069 -40.493 0.474 0 255 97
-5.769 -37.745 0.258 0 255 131
-1.908 -37.877 0.241 0 34 255
-1.785 -39.365 0.408 0 204 255
-6.560 -38.504 0.418 0 255 140
-6.946 -40.436 0.532 0 8 255
-4.447 -37.998 0.221 0 0 255
-8.084 -39.878 0.492 0 8 255
-5.304 -39.714 0.330 0 255 110
-5.041 -38.163 0.303 0 255 106
-6.416 -37.526 0.314 0 255 170
-5.884 -39.572 0.363 0 255 131
-6.116 -37.772 0.272 0 136 255
-6.705 -37.442 0.361 0 0 255
-6.363 -37.951 0.341 0 255 114
-6.877 -37.011 0.236 0 255 161
-8.407 -37.328 0.183 0 255 144
-7.196 -37.691 0.324 0 255 153
-5.502 -38.908 0.340 0 255 136
-8.726 -38.324 0.175 0 255 148
-8.794 -38.133 0.221 0 0 255
-8.769 -39.819 0.309 0 255 136
-4.197 -39.500 0.384 0 255 178
-9.112 -38.811 0.217 0 255 140
-4.622 -38.809 0.305 0 255 182
-5.948 -38.656 0.338 0 255 148
-2.676 -39.742 0.321 0 255 114
-5.436 -38.174 0.291 0 255 157
-6.903 -36.609 0.161 0 255 136
-8.360 -37.783 0.300 0 25 255
-9.225 -41.052 0.320 0 238 255
-4.256 -38.397 0.306 0 34 255
-5.161 -37.695 0.178 0 255 119
-6.485 -37.315 0.193 0 255 191
-8.839 -39.284 0.297 0 255 153
-6.838 -41.314 0.451 0 255 25
-6.486 -40.277 0.445 0 255 80
-7.136 -38.673 0.467 0 255 29
-7.482 -38.431 0.359 0 255 174
-6.495 -38.818 0.442 0 255 119
-9.111 -39.640 0.284 0 255 97
-6.777 -41.111 0.430 0 255 161
-6.124 -39.003 0.452 0 255 208
-6.403 -37.221 0.275 0 255 106
-5.304 -37.988 0.224 0 255 153
-7.162 -37.340 0.314 0 255 102
-7.956 -41.323 0.455 0 255 106
-5.450 -38.160 0.304 0 255 161
-8.330 -37.490 0.189 0 255 136
-6.484 -41.121 0.420 0 255 144
-4.392 -37.960 0.193 0 255 114
-9.125 -40.062 0.358 0 255 89
-3.364 -38.077 0.158 0 255 161
-7.730 -37.350 0.350 0 25 255
-6.385 -41.054 0.441 0 255 199
-8.132 -37.486 0.186 0 119 255
-9.177 -42.206 0.278 0 0 255
-6.083 -39.876 0.427 0 255 119
-7.414 -38.800 0.427 0 255 140
-6.672 -37.897 0.296 0 255 161
-4.972 -37.830 0.192 0 255 119
-7.555 -37.461 0.279 0 255 170
-8.981 -40.018 0.268 0 255 165
-6.194 -37.886 0.315 0 255 157
-7.580 -38.725 0.403 0 255 97
-4.097 -39.112 0.302 0 255 221
-9.061 -39.054 0.211 0 102 255
-7.165 -39.610 0.474 0 153 255
-7.798 -37.223 0.194 0 255 221
-7.450 -41.384 0.525 0 93 255
-4.851 -37.906 0.209 0 255 127
-6.954 -37.609 0.278 0 42 255
-7.723 -37.595 0.178 0 0 255
-9.533 -40.210 0.183 0 255 131
-8.596 -39.918 0.368 0 255 140
-9.356 -39.997 0.238 0 255 187
-1.974 -39.391 0.281 0 255 250
-7.973 -38.297 0.408 0 246 255
-4.490 -40.197 0.343 0 255 119
-7.270 -41.293 0.506 0 255 250
-4.403 -37.853 0.210 0 255 153
-5.725 -39.476 0.349 0 255 157
-2.245 -38.284 0.354 0 59 255
-6.154 -39.791 0.498 0 85 255
-8.868 -40.866 0.275 0 255 144
-7.741 -38.699 0.333 0 255 153
-6.569 -38.454 0.407 0 255 178
-5.796 -38.317 0.292 0 255 144
-8.325 -37.528 0.161 0 255 97
-8.658 -39.810 0.323 0 255 140
-8.457 -40.619 0.326 0 255 178
-4.058 -38.883 0.271 0 255 123
-9.334 -42.955 0.234 0 8 255
-3.711 -38.201 0.194 0 255 140
-8.688 -38.608 0.287 0 255 17
-7.900 -41.413 0.474 0 255 119
-7.105 -38.930 0.447 0 255 161
-8.114 -38.824 0.278 0 0 255
-6.714 -39.185 0.429 0 255 59
-7.718 -39.459 0.383 0 255 144
-6.672 -40.196 0.481 0 255 136
-9.752 -41.443 0.190 0 255 157
-8.124 -37.832 0.340 0 255 119
-8.219 -38.138 0.249 0 255 153
-5.705 -37.454 0.218 0 255 123
-8.309 -38.667 0.279 0 255 157
-6.316 -37.707 0.295 0 255 161
-6.443 -38.689 0.465 0 255 170
-7.002 -37.907 0.309 0 229 255
-9.042 -38.663 0.230 0 255 136
-5.360 -38.719 0.358 0 255 144
-9.292 -39.131 0.177 0 255 89
-5.815 -38.486 0.331 0 255 123
-7.125 -39.836 0.460 0 255 123
-7.027 -39.581 0.441 0 255 136
-6.646 -37.366 0.267 0 0 255
-4.689 -38.809 0.267 0 255 140
-4.877 -39.898 0.357 0 212 255
-4.631 -38.696 0.234 0 255 153
-4.708 -38.818 0.276 0 255 174
-9.227 -41.155 0.233 0 255 136
-5.499 -38.094 0.263 0 255 144
-7.221 -37.668 0.269 0 255 144
-2.929 -39.546 0.338 0 255 191
-7.662 -38.558 0.331 0 255 127
-6.407 -38.532 0.434 0 255 144
-4.434 -38.229 0.247 0 255 153
-8.614 -42.056 0.342 0 255 123
-7.780 -38.378 0.338 0 255 76
-5.789 -37.628 0.275 0 255 136
-6.286 -36.568 0.157 0 255 182
-7.437 -38.016 0.362 0 255 114
-8.992 -38.859 0.220 0 255 165
-7.892 -42.147 0.460 0 93 255
-6.277 -36.809 0.186 0 255 85
-6.225 -37.702 0.331 0 255 165
-4.211 -39.310 0.346 0 42 255
-3.360 -38.645 0.282 0 255 161
-7.885 -37.791 0.218 0 255 170
-6.845 -36.680 0.164 0 255 136
-9.000 -39.412 0.273 0 255 110
-8.275 -41.112 0.429 0 255 123
-6.811 -41.194 0.540 0 0 255
-7.008 -37.354 0.221 0 255 157
-6.989 -37.456 0.310 0 255 127
-8.175 -37.618 0.194 0 153 255
-7.653 -37.559 0.305 0 255 208
-7.757 -38.686 0.379 0 255 136
-8.511 -38.049 0.161 0 255 195
-8.864 -39.489 0.276 0 255 165
-5.597 -38.054 0.338 0 255 178
-7.085 -36.671 0.206 0 255 144
-9.354 -41.277 0.174 0 255 174
-7.271 -37.294 0.240 0 255 140
-8.691 -38.460 0.260 0 255 191
-4.712 -37.842 0.234 0 255 136
-7.606 -38.437 0.356 0 255 140
-7.158 -38.586 0.381 0 255 114
-3.351 -38.365 0.150 0 255 123
-5.725 -39.259 0.369 0 255 136
-8.921 -39.093 0.204 0 255 140
-8.896 -38.393 0.198 0 255 76
-8.220 -39.887 0.366 0 144 255
-8.042 -37.790 0.279 0 255 144
-7.899 -37.744 0.411 0 93 255
-7.067 -38.275 0.303 0 255 174
-6.153 -38.827 0.398 0 255 136
-6.695 -39.301 0.379 0 255 131
-8.487 -37.698 0.204 0 255 229
-8.365 -39.430 0.348 0 255 144
-4.772 -38.979 0.299 0 255 119
-6.710 -36.837 0.179 0 255 199
-6.915 -38.846 0.450 0 255 140
-4.476 -38.709 0.247 0 255 153
-8.354 -38.700 0.287 0 255 127
-9.319 -40.973 0.332 0 255 182
-6.812 -37.941 0.340 0 255 140
-6.469 -37.111 0.211 0 255 114
-6.680 -38.235 0.452 0 255 161
-4.660 -39.041 0.354 0 110 255
-4.062 -38.473 0.242 0 255 123
-4.450 -38.791 0.311 0 255 127
-3.074 -39.722 0.299 0 255 144
-9.186 -38.795 0.228 0 255 238
-6.898 -38.381 0.393 0 255 106
-7.496 -37.367 0.254 0 255 165
-9.574 -40.417 0.198 0 255 144
-9.481 -40.945 0.334 0 59 255
-5.527 -38.424 0.304 0 255 140
-6.785 -40.989 0.442 0 187 255
-9.190 -39.996 0.300 0 255 170
-7.784 -37.483 0.263 0 255 148
-5.778 -37.431 0.195 0 255 110
-8.313 -41.505 0.429 0 255 131
-6.574 -37.180 0.189 0 255 127
-6.605 -37.494 0.327 0 255 136
-8.471 -40.070 0.344 0 255 89
-8.911 -39.167 0.235 0 255 153
-2.516 -39.806 0.412 0 0 255
-8.270 -39.408 0.351 0 255 144
-9.637 -40.818 0.194 0 255 89
-5.488 -37.976 0.249 0 255 119
-8.208 -37.311 0.160 0 255 250
-8.418 -38.582 0.301 0 255 123
-8.461 -42.205 0.329 0 255 136
-6.300 -41.389 0.474 0 8 255
-5.423 -37.358 0.219 0 255 123
-5.570 -38.069 0.320 0 255 153
-7.157 -37.911 0.339 0 255 136
-6.609 -39.390 0.418 0 255 127
-6.500 -37.681 0.274 0 255 144
-6.691 -40.001 0.461 0 255 165
-9.130 -39.514 0.167 0 255 127
-8.973 -38.744 0.166 0 255 144
-8.338 -38.574 0.289 0 255 148
-8.721 -41.115 0.344 0 255 153
-6.184 -40.118 0.511 0 17 255
-8.784 -38.458 0.202 0 255 157
-8.539 -38.689 0.225 0 255 170
-5.492 -37.070 0.157 0 255 136
-6.639 -37.528 0.278 0 255 165
-4.476 -40.048 0.382 0 255 165
-9.392 -40.146 0.238 0 255 136
-9.310 -39.969 0.242 0 255 148
-7.762 -38.721 0.361 0 255 144
-6.095 -37.885 0.308 0 255 204
-7.498 -37.500 0.309 0 255 199
-6.686 -40.979 0.464 0 255 123
-6.337 -38.243 0.346 0 255 136
-8.449 -39.263 0.331 0 255 148
-3.146 -38.321 0.194 0 255 144
-7.147 -37.708 0.315 0 255 182
-6.674 -41.036 0.525 0 0 255
-7.978 -37.970 0.324 0 255 161
-6.574 -37.797 0.269 0 255 174
-6.365 -37.311 0.281 0 255 127
-7.291 -39.014 0.366 0 255 148
-5.171 -38.832 0.320 0 255 127
-8.162 -38.964 0.340 0 255 114
-7.910 -41.560 0.579 0 8 255
-8.017 -37.218 0.294 0 34 255
-7.987 -38.397 0.334 0 255 136
-8.253 -41.475 0.472 0 255 46
-8.935 -39.699 0.371 127 255 0
-6.081 -37.853 0.272 0 255 153
-6.314 -36.625 0.197 0 255 136
-7.051 -37.253 0.277 0 0 255
-7.423 -37.197 0.287 0 255 102
-7.569 -39.577 0.371 0 34 255
-9.404 -40.276 0.231 0 255 161
-5.369 -41.096 0.389 0 255 93
-6.566 -38.351 0.358 0 255 148
-5.781 -37.990 0.234 0 255 127
-3.703 -40.022 0.294 0 255 157
-3.470 -39.453 0.397 0 187 255
-6.906 -38.680 0.429 0 255 161
-8.763 -39.091 0.274 0 255 136
-5.644 -37.084 0.167 0 255 127
-6.234 -37.661 0.351 0 255 76
-7.606 -38.642 0.375 0 255 140
-8.210 -39.509 0.364 0 255 127
-7.953 -37.748 0.273 0 255 165
-8.869 -39.731 0.370 0 255 187
-7.386 -37.334 0.230 0 255 233
-8.544 -39.083 0.224 0 255 131
-7.239 -37.422 0.208 0 255 140
-2.674 -39.828 0.393 0 0 255
-5.737 -39.533 0.365 0 255 131
-8.073 -39.720 0.409 0 255 89
-2.739 -39.746 0.410 0 0 255
-6.725 -38.312 0.378 0 255 148
-6.498 -39.910 0.452 0 255 153
-5.342 -38.593 0.443 0 0 255
-7.551 -37.977 0.324 0 255 136
-6.142 -37.384 0.263 0 255 144
-5.028 -38.119 0.297 0 255 140
-4.549 -39.084 0.358 12 255 0
-5.271 -38.062 0.232 0 255 131
-5.209 -37.954 0.268 0 255 123
-6.763 -36.948 0.206 0 255 131
-9.084 -41.596 0.246 0 255 144
-6.542 -38.881 0.380 0 51 255
-5.228 -38.006 0.273 0 255 140
-6.056 -40.737 0.475 0 255 136
-8.477 -38.950 0.221 0 255 114
-8.527 -42.299 0.365 0 255 195
-4.174 -37.786 0.178 0 255 119
-5.714 -37.624 0.254 0 255 114
-6.363 -36.879 0.198 0 0 255
-7.523 -39.056 0.449 0 255 208
-5.088 -37.652 0.156 0 255 114
-8.323 -39.649 0.396 0 59 255
-6.791 -37.975 0.389 0 255 93
-6.531 -38.407 0.397 0 255 144
-7.726 -37.523 0.344 0 255 170
-5.426 -37.377 0.251 0 255 97
-6.779 -37.277 0.235 0 255 140
-7.452 -37.106 0.201 0 255 178
-8.928 -38.330 0.194 0 255 123
-6.672 -37.593 0.381 0 255 55
-6.283 -38.359 0.390 0 255 106
-8.892 -39.514 0.284 0 255 110
-7.614 -39.005 0.404 0 255 114
-6.083 -38.058 0.305 0 255 136
-9.246 -39.512 0.278 0 255 72
-8.099 -41.247 0.519 0 0 255
-7.605 -41.183 0.483 0 255 178
-8.757 -39.310 0.329 0 255 178
-8.034 -37.627 0.170 0 255 238
-3.226 -38.661 0.277 0 255 127
-5.823 -40.008 0.434 0 255 221
-8.323 -38.306 0.218 0 255 178
-6.360 -37.772 0.307 0 255 114
-5.199 -37.813 0.183 0 255 131
-8.781 -40.749 0.307 0 255 148
-7.612 -37.456 0.346 0 255 165
-8.296 -37.732 0.196 0 255 140
-9.284 -39.242 0.186 0 255 170
-7.760 -37.260 0.154 0 255 174
-8.570 -41.005 0.493 0 0 255
-4.066 -38.146 0.180 0 255 157
-6.644 -39.611 0.433 0 255 161
-4.581 -39.924 0.311 0 255 153
-7.268 -38.935 0.385 0 255 140
-6.559 -39.433 0.401 0 255 140
-6.418 -38.591 0.418 0 255 178
-6.758 -39.173 0.430 0 255 21
-8.983 -38.834 0.210 0 59 255
-9.582 -40.435 0.286 21 255 0
-8.054 -39.202 0.367 0 255 136
-5.657 -37.642 0.218 0 255 136
-5.635 -38.173 0.340 0 255 144
-7.093 -38.442 0.391 0 255 106
-6.865 -39.277 0.500 0 255 148
-6.271 -36.994 0.192 0 255 161
-6.479 -37.874 0.311 0 255 119
-4.681 -38.338 0.288 0 255 89
-8.285 -37.952 0.205 0 255 131
-5.459 -39.697 0.378 0 255 140
-6.575 -40.134 0.492 0 0 255
-4.911 -38.052 0.287 0 255 123
-5.939 -37.954 0.234 0 255 144
-7.550 -37.309 0.182 0 255 136
-3.461 -38.066 0.166 0 255 114
-6.894 -38.148 0.355 0 255 106
-8.229 -39.636 0.360 0 255 148
-9.475 -40.528 0.254 0 255 191
-9.624 -40.371 0.331 0 42 255
-2.199 -38.231 0.291 0 25 255
-9.443 -42.128 0.206 0 255 136
-5.805 -36.847 0.155 0 255 199
-6.545 -38.437 0.424 0 255 165
-7.239 -36.963 0.221 0 255 127
-6.249 -38.912 0.402 0 255 165
-7.193 -38.493 0.385 0 255 110
-8.285 -37.903 0.234 0 255 157
-2.208 -38.296 0.464 0 0 255
-7.299 -37.913 0.332 0 255 170
-8.795 -38.821 0.169 0 255 161
-8.401 -39.250 0.315 0 255 148
-7.914 -39.368 0.385 0 255 114
-7.064 -38.639 0.393 0 255 127
-5.766 -38.206 0.311 0 255 76
-9.550 -39.988 0.155 0 255 97
-8.452 -38.347 0.297 0 255 161
-6.842 -36.767 0.240 0 255 114
-7.299 -38.004 0.285 0 110 255
-5.961 -37.343 0.271 0 255 153
-8.547 -39.912 0.370 0 255 34
-6.518 -36.564 0.209 0 255 123
-7.540 -38.798 0.624 0 0 255
-9.011 -39.391 0.271 0 255 119
-7.036 -39.680 0.426 0 255 97
-8.657 -39.477 0.300 0 255 221
-6.469 -39.443 0.439 0 255 136
-7.972 -37.818 0.253 0 255 161
-4.147 -38.006 0.200 0 255 136
-3.351 -39.579 0.343 0 255 153
-9.613 -40.091 0.159 0 255 153
-8.503 -39.142 0.289 0 255 140
-9.276 -41.782 0.298 0 255 165
-7.563 -37.425 0.362 0 255 165
-3.661 -39.019 0.284 0 255 136
-8.467 -38.436 0.258 0 255 148
-7.156 -41.446 0.462 0 255 93
-3.174 -38.255 0.175 0 255 157
-9.135 -41.027 0.348 0 255 165
-8.361 -38.848 0.226 0 255 131
-4.766 -38.213 0.272 0 195 255
-7.630 -37.542 0.234 0 8 255
-3.025 -38.205 0.165 0 255 140
-2.186 -38.360 0.254 0 255 127
-8.369 -38.961 0.304 0 255 144
-7.499 -39.031 0.486 0 255 225
-2.913 -39.123 0.281 0 0 255
-2.434 -39.780 0.323 0 68 255
-8.451 -37.637 0.165 0 255 114
-7.489 -39.101 0.363 0 255 123
-9.397 -40.127 0.267 0 255 144
-5.263 -39.615 0.369 0 255 204
-6.455 -40.543 0.443 0 255 55
-9.478 -40.941 0.305 0 76 255
-9.217 -40.084 0.251 0 255 106
-5.154 -37.674 0.158 0 255 110
-4.907 -37.978 0.267 0 255 127
-4.773 -38.131 0.274 0 255 136
-7.648 -37.403 0.267 0 255 148
-8.058 -39.850 0.421 0 255 136
-6.400 -39.015 0.472 0 255 4
-9.155 -42.908 0.225 0 255 170
-9.180 -42.959 0.186 0 255 199
-8.895 -39.317 0.285 0 255 106
-7.551 -37.417 0.199 0 255 131
-9.188 -40.017 0.318 0 255 97
-8.409 -38.056 0.309 0 255 102
-6.881 -39.852 0.453 0 255 191
-7.566 -40.613 0.431 0 255 106
-7.612 -37.546 0.315 0 255 153
-7.800 -37.349 0.231 0 255 170
-9.274 -40.021 0.378 0 68 255
-5.776 -39.687 0.397 0 255 136
-8.153 -37.404 0.269 0 255 140
-7.309 -38.223 0.364 0 195 255
-5.921 -38.903 0.368 0 255 93
-6.444 -36.994 0.216 0 255 136
-5.700 -37.829 0.255 0 255 127
-7.368 -39.927 0.478 0 8 255
-7.300 -38.392 0.431 0 255 80
-7.454 -37.459 0.313 0 255 153
-5.659 -37.313 0.173 0 255 136
-6.506 -40.194 0.444 0 255 148
-8.024 -38.012 0.260 0 204 255
-9.355 -40.002 0.319 0 255 110
-6.579 -37.392 0.223 0 255 89
-7.846 -38.265 0.370 0 255 140
-4.905 -39.646 0.322 0 255 127
-3.751 -38.985 0.254 0 255 119
-8.699 -40.306 0.328 0 255 127
-5.915 -37.969 0.231 0 187 255
-4.379 -38.640 0.298 0 255 136
-4.777 -38.081 0.252 0 255 131
-2.119 -38.303 0.190 0 255 63
-8.930 -38.844 0.235 0 255 165
-6.539 -40.918 0.468 0 25 255
-7.016 -40.204 0.473 0 255 29
-5.644 -41.370 0.454 0 0 255
-7.821 -40.673 0.405 0 255 123
-6.460 -38.557 0.451 0 255 157
-8.996 -39.750 0.283 0 255 123
-6.474 -37.136 0.278 0 255 221
-7.555 -37.861 0.304 0 255 136
-8.434 -40.967 0.455 0 8 255
-8.192 -39.425 0.324 0 255 153
-5.838 -40.879 0.449 0 255 114
-5.630 -37.188 0.179 0 255 123
-9.203 -41.083 0.289 0 255 174
-3.486 -39.651 0.311 0 255 250
-3.589 -38.561 0.289 0 255 140
-8.267 -37.879 0.249 0 255 165
-8.278 -38.129 0.202 0 255 157
-8.825 -42.227 0.352 0 255 165
-8.158 -39.492 0.376 0 255 157
-3.684 -40.019 0.291 0 136 255
-8.434 -39.008 0.244 0 255 140
-6.924 -37.202 0.288 0 255 123
-7.215 -38.012 0.388 0 255 102
-6.290 -38.468 0.417 0 255 148
-8.365 -37.817 0.241 0 255 106
-6.632 -36.983 0.196 0 255 233
-4.877 -39.976 0.357 0 255 153
-9.055 -39.940 0.302 0 255 170
-8.081 -39.520 0.375 0 255 127
-5.012 -37.343 0.179 0 255 102
-2.070 -38.013 0.204 0 255 170
-9.063 -39.013 0.221 0 255 153
-5.232 -38.388 0.335 0 255 144
-8.627 -38.194 0.195 0 255 165
-4.925 -40.044 0.323 0 255 161
-4.176 -38.344 0.249 0 255 144
-2.462 -37.932 0.153 0 255 153
-7.845 -38.676 0.357 0 255 178
-8.439 -40.754 0.387 0 255 123
-8.093 -37.786 0.348 0 255 136
-6.373 -36.996 0.182 0 255 221
-8.454 -37.812 0.234 0 255 165
-5.280 -39.894 0.353 0 255 161
-5.350 -38.624 0.458 0 0 255
-8.062 -41.573 0.524 0 0 255
-6.965 -36.982 0.218 0 255 131
-8.804 -39.250 0.258 0 255 140
-7.169 -38.093 0.378 0 255 127
-8.607 -38.804 0.228 0 255 131
-8.672 -39.579 0.408 0 255 72
-5.695 -37.560 0.265 0 255 114
-7.285 -39.618 0.513 0 255 34
-6.512 -37.612 0.262 0 255 255
-7.281 -41.289 0.490 0 255 250
-6.750 -38.109 0.339 0 255 123
-7.181 -39.532 0.597 0 8 255
-9.220 -41.817 0.274 0 255 127
-7.867 -39.321 0.446 0 255 148
-5.265 -37.303 0.192 0 255 93
-5.510 -38.307 0.324 0 255 114
-5.215 -37.910 0.208 0 255 131
-7.170 -38.186 0.362 0 255 110
-8.472 -42.567 0.373 0 255 157
-2.596 -39.052 0.241 0 255 157
-9.730 -42.038 0.164 0 255 161
-7.638 -37.446 0.359 0 255 161
-6.972 -38.843 0.438 0 255 178
-7.109 -37.014 0.221 0 255 157
-7.749 -38.750 0.375 0 255 136
-8.067 -41.335 0.479 0 255 174
-9.601 -40.430 0.213 0 255 131
-8.662 -39.081 0.270 0 255 140
-8.338 -41.003 0.431 0 0 255
-5.321 -38.499 0.342 0 255 136
-6.514 -40.143 0.463 0 255 242
-5.995 -37.945 0.284 0 255 106
-4.965 -39.600 0.296 0 255 131
-8.214 -39.659 0.415 0 170 255
-6.966 -38.515 0.341 0 255 140
-3.933 -37.955 0.165 0 255 127
-4.936 -39.763 0.331 0 255 136
-5.401 -37.325 0.264 0 255 59
-6.359 -38.076 0.295 0 119 255
-7.095 -36.940 0.213 0 255 140
-6.162 -38.792 0.356 0 255 144
-4.913 -37.829 0.246 0 0 255
-9.088 -39.448 0.245 0 255 148
-6.836 -36.790 0.210 0 255 136
-6.708 -37.944 0.286 0 255 233
-7.282 -39.776 0.488 21 255 0
-7.562 -38.519 0.332 0 255 131
-7.034 -37.448 0.251 0 255 140
-8.391 -39.125 0.330 0 255 144
-4.877 -39.226 0.266 0 255 136
-3.864 -39.913 0.277 0 255 140
-7.909 -38.910 0.384 0 255 123
-8.499 -40.824 0.357 0 255 127
-2.026 -38.151 0.191 0 255 110
-9.022 -42.124 0.293 0 255 153
-6.816 -41.605 0.530 0 0 255
-9.057 -39.723 0.268 0 255 136
-8.825 -38.611 0.204 0 255 229
-8.396 -39.513 0.341 0 255 148
-7.671 -40.489 0.464 0 255 114
-7.782 -37.160 0.203 0 8 255
-7.113 -37.192 0.224 0 255 233
-9.510 -40.932 0.213 0 255 119
-9.657 -40.253 0.155 0 255 221
-7.480 -38.631 0.406 0 255 144
-4.482 -40.055 0.341 0 255 170
-4.602 -38.478 0.236 0 255 153
-8.003 -38.436 0.420 0 255 85
-8.679 -41.689 0.302 0 255 144
-7.071 -36.678 0.253 0 255 153
-9.064 -39.366 0.346 0 0 255
-7.186 -39.988 0.529 0 0 255
-7.914 -38.363 0.366 0 178 255
-8.809 -40.258 0.300 0 255 114
-4.693 -39.750 0.321 0 255 161
-4.419 -37.744 0.154 0 255 127
-9.186 -39.496 0.157 0 255 119
-6.748 -39.085 0.409 0 255 123
-7.006 -38.071 0.306 0 255 114
-5.918 -37.310 0.180 0 255 153
-7.254 -39.921 0.632 0 0 255
-8.765 -40.681 0.350 0 255 199
-4.771 -37.760 0.156 0 255 144
-5.965 -39.953 0.426 0 255 127
-9.671 -40.397 0.315 0 0 255
-6.882 -38.799 0.440 0 34 255
-8.557 -39.348 0.337 0 255 127
-5.837 -37.745 0.281 0 255 119
-9.491 -40.914 0.191 0 255 153
-5.913 -39.640 0.405 0 255 119
-5.584 -37.246 0.218 0 255 123
-7.453 -37.256 0.260 0 255 161
-9.343 -40.969 0.364 0 0 255
-5.346 -38.330 0.259 0 255 221
-7.148 -38.639 0.433 0 255 153
-8.927 -38.304 0.160 0 255 140
-6.944 -37.663 0.309 0 255 123
-6.643 -38.527 0.407 0 255 148
-8.893 -39.274 0.270 0 255 123
-5.274 -37.097 0.193 0 255 161
-2.056 -38.022 0.221 0 255 110
-4.246 -39.464 0.375 0 127 255
-7.893 -38.350 0.304 0 255 216
-8.356 -40.809 0.342 0 255 140
-6.141 -37.523 0.215 0 255 131
-4.270 -39.727 0.269 0 255 140
-3.887 -38.934 0.301 0 255 127
-7.302 -36.703 0.171 0 255 144
-4.814 -39.230 0.257 0 255 140
-7.060 -39.823 0.493 0 51 255
-6.903 -40.480 0.480 0 255 29
-8.592 -39.044 0.235 0 255 136
-9.467 -39.556 0.200 0 255 216
-7.420 -38.855 0.463 0 255 136
-8.709 -38.485 0.202 0 255 140
-8.625 -38.547 0.240 0 255 127
-3.499 -39.465 0.364 0 255 187
-5.362 -38.109 0.217 0 255 119
-9.501 -41.042 0.192 0 255 165
-6.623 -36.884 0.215 0 255 97
-8.169 -41.912 0.460 0 255 170
-8.766 -38.338 0.189 0 255 97
-8.588 -39.559 0.403 0 255 153
-4.900 -41.650 0.367 0 51 255
-7.294 -38.228 0.338 0 246 255
-9.278 -40.655 0.315 0 255 191
-7.509 -38.307 0.298 0 255 148
-5.849 -37.530 0.234 0 255 123
-3.273 -38.412 0.230 0 255 80
-7.991 -41.800 0.540 0 0 255
-8.782 -39.557 0.327 0 255 144
-2.001 -37.941 0.196 0 255 89
-8.068 -37.379 0.224 0 255 161
-2.370 -39.449 0.226 0 0 255
-6.572 -37.400 0.292 0 255 170
-6.553 -36.524 0.169 0 255 144
-8.500 -38.380 0.259 0 102 255
-6.457 -39.974 0.409 0 255 136
-9.381 -40.067 0.189 0 255 127
-6.212 -37.625 0.225 0 255 148
-8.085 -38.678 0.279 0 255 144
-5.800 -38.579 0.349 0 255 144
-5.565 -39.758 0.420 0 255 131
-7.948 -38.109 0.333 0 255 144
-5.308 -38.534 0.375 0 255 148
-8.113 -38.957 0.308 0 255 131
-5.615 -38.045 0.297 0 255 123
-6.086 -39.972 0.446 0 255 127
-8.471 -39.285 0.338 0 255 144
-6.936 -38.212 0.357 0 255 97
-6.450 -38.255 0.302 0 255 106
-9.029 -40.121 0.274 0 255 144
-5.936 -36.884 0.167 0 255 123
-6.169 -37.217 0.241 0 8 255
-3.507 -38.262 0.162 0 255 144
-6.629 -37.620 0.380 17 255 0
-4.689 -39.636 0.303 0 255 233
-7.043 -38.239 0.320 0 255 165
-9.756 -41.472 0.200 0 255 204
-6.840 -37.995 0.346 0 255 174
-4.888 -40.536 0.542 0 0 255
-7.958 -38.621 0.350 0 255 136
-6.138 -37.462 0.262 0 255 140
-9.077 -39.113 0.208 0 255 110
-6.228 -38.206 0.279 0 136 255
-8.967 -43.055 0.234 0 255 182
-6.076 -40.518 0.448 0 255 110
-5.771 -39.538 0.361 0 153 255
-5.207 -38.056 0.313 0 255 127
-5.146 -37.170 0.159 0 0 255
-7.280 -37.173 0.314 0 255 174
-6.147 -39.038 0.439 0 255 114
-4.722 -37.895 0.202 0 255 153
-8.081 -38.558 0.303 0 255 161
-8.130 -38.408 0.374 0 255 123
-7.114 -37.647 0.234 0 255 161
-6.598 -37.336 0.315 0 255 123
-9.572 -40.606 0.163 0 42 255
-7.893 -37.026 0.161 0 255 144
-7.311 -38.559 0.385 0 255 157
-8.187 -40.865 0.472 0 8 255
-6.558 -36.705 0.224 0 255 144
-6.421 -39.036 0.460 0 255 119
-9.205 -39.811 0.247 0 255 127
-7.942 -37.692 0.240 0 255 191
-8.804 -38.645 0.255 0 255 157
-6.022 -37.400 0.216 0 255 165
-4.447 -38.742 0.267 0 255 136
-9.329 -42.294 0.163 0 0 255
-6.469 -38.706 0.424 0 255 123
-6.111 -40.142 0.473 0 59 255
-9.291 -39.896 0.169 0 255 131
-3.472 -38.774 0.256 0 255 161
-8.850 -39.041 0.199 0 255 195
-6.605 -37.309 0.192 0 119 255
-8.479 -41.062 0.411 0 255 131
-7.586 -37.476 0.400 0 255 161
-3.244 -38.589 0.262 0 255 136
-7.175 -38.124 0.369 0 255 140
-7.322 -39.950 0.446 0 255 161
-6.459 -37.111 0.205 0 255 106
-7.855 -40.320 0.461 0 255 170
-3.997 -38.545 0.243 0 255 97
-5.936 -37.441 0.247 0 255 119
-4.316 -38.297 0.273 0 255 76
-8.586 -38.127 0.191 0 255 161
-7.639 -39.829 0.585 0 0 255
-8.087 -37.655 0.156 0 255 242
-7.613 -40.526 0.446 0 187 255
-7.236 -36.927 0.168 0 255 157
-8.232 -39.136 0.336 0 255 165
-8.113 -38.543 0.209 0 255 119
-8.246 -38.032 0.246 0 255 170
-6.751 -40.080 0.501 0 68 255
-7.629 -37.520 0.379 0 85 255
-4.289 -39.451 0.310 0 255 212
-7.161 -38.428 0.385 0 255 178
-6.293 -38.112 0.330 0 119 255
-7.604 -39.200 0.381 0 255 119
-7.028 -36.790 0.216 0 255 114
-6.824 -38.520 0.380 0 255 119
-6.836 -38.607 0.389 0 255 144
-9.033 -39.064 0.249 0 255 140
-6.274 -38.078 0.387 0 255 161
-8.150 -38.142 0.230 0 255 191
-8.045 -41.689 0.524 0 17 255
-8.346 -39.407 0.362 0 255 140
-7.820 -37.808 0.397 0 255 140
-4.565 -39.141 0.359 8 255 0
-2.084 -38.215 0.370 0 8 255
-9.127 -40.525 0.258 0 255 110
-9.260 -40.530 0.240 0 255 157
-8.036 -40.892 0.457 0 42 255
-7.896 -37.979 0.288 0 255 153
-9.301 -40.351 0.275 0 255 153
-8.263 -40.761 0.448 0 127 255
-9.508 -41.106 0.210 0 255 140
-8.987 -38.818 0.233 0 255 144
-8.368 -40.431 0.366 0 255 131
-8.839 -39.282 0.293 0 255 114
-6.836 -38.043 0.322 0 255 123
-5.604 -37.853 0.236 0 255 144
-9.578 -40.396 0.216 0 255 136
-3.157 -39.667 0.385 0 0 255
-7.999 -37.274 0.217 0 255 127
-8.015 -41.101 0.465 0 255 123
-7.567 -37.517 0.252 0 255 204
-7.596 -41.144 0.470 0 255 140
-8.211 -39.923 0.377 0 255 144
-4.126 -37.998 0.195 0 255 148
-7.532 -38.804 0.537 0 255 131
-6.403 -37.181 0.170 0 255 170
-8.028 -37.935 0.407 0 255 119
-8.591 -40.765 0.335 0 255 127
-9.150 -39.902 0.324 0 255 148
-4.582 -41.116 0.373 0 255 110
-4.722 -40.243 0.383 0 255 119
-7.751 -38.287 0.303 0 255 157
-8.315 -37.932 0.256 0 255 131
-7.479 -38.026 0.360 0 255 148
-6.215 -38.110 0.312 0 68 255
-7.387 -38.591 0.374 0 255 161
-8.679 -38.073 0.194 0 255 212
-5.425 -39.645 0.387 0 255 119
-5.463 -37.713 0.205 0 255 153
-6.961 -37.187 0.305 0 255 153
-8.037 -38.326 0.284 0 255 114
-6.150 -37.480 0.247 0 255 136
-9.041 -43.003 0.280 0 59 255
-7.464 -36.962 0.159 0 255 110
-2.953 -39.660 0.325 0 51 255
-9.079 -41.109 0.248 0 255 140
-9.189 -39.832 0.310 0 51 255
-6.972 -36.703 0.235 0 255 114
-9.293 -39.930 0.268 0 255 123
-8.138 -41.584 0.528 0 0 255
-6.063 -38.733 0.391 0 255 114
-5.717 -38.938 0.382 0 255 106
-8.159 -40.814 0.418 0 255 199
-6.180 -38.624 0.435 0 255 148
-6.093 -37.494 0.261 0 255 170
-9.039 -38.959 0.257 0 255 127
-6.376 -39.954 0.370 0 0 255
-8.982 -39.308 0.280 0 255 153
-8.077 -39.857 0.556 0 8 255
-9.532 -42.516 0.181 0 255 174
-5.864 -38.749 0.339 0 255 127
-9.167 -39.148 0.229 0 255 110
-6.613 -37.361 0.279 0 255 131
-7.037 -38.065 0.346 0 255 119
-4.059 -39.062 0.348 0 255 55
-7.423 -38.676 0.415 0 255 127
-7.623 -37.507 0.213 0 255 161
-6.054 -40.898 0.566 0 25 255
-8.383 -39.109 0.307 0 255 157
-6.977 -36.964 0.244 0 255 170
-8.482 -37.750 0.203 0 136 255
-5.493 -38.555 0.326 0 255 157
-6.467 -38.675 0.394 0 255 72
-6.445 -40.457 0.459 0 255 93
-7.993 -37.888 0.375 0 255 178
-4.386 -38.590 0.287 0 255 119
-8.333 -37.532 0.188 0 255 153
-6.141 -39.958 0.467 0 255 165
-6.030 -41.029 0.417 0 255 106
-8.772 -41.239 0.360 0 255 85
-6.262 -41.179 0.541 0 59 255
-8.182 -39.316 0.388 0 255 97
-6.563 -37.363 0.302 0 255 148
-3.159 -38.415 0.196 0 255 144
-8.086 -38.186 0.272 0 255 199
-6.468 -37.476 0.440 0 0 255
-5.790 -36.916 0.161 0 255 114
-5.755 -37.561 0.268 0 255 119
-2.224 -38.068 0.157 0 255 153
-2.399 -40.112 0.337 0 255 110
-4.926 -37.607 0.196 0 255 144
-4.081 -38.453 0.206 0 255 174
-5.154 -38.230 0.331 0 255 144
-8.804 -40.047 0.244 0 255 136
-7.501 -40.062 0.396 0 127 255
-5.462 -39.502 0.300 0 255 97
-8.277 -38.100 0.201 0 255 161
-3.795 -40.909 0.429 0 0 255
-9.273 -40.956 0.287 0 255 153
-8.417 -39.142 0.338 0 255 123
-7.134 -37.950 0.314 0 255 208
-9.309 -40.922 0.248 0 255 148
-9.041 -40.181 0.349 0 255 59
-6.595 -40.912 0.496 0 255 93
-7.700 -37.464 0.205 0 34 255
-7.905 -37.571 0.383 0 255 165
-7.941 -37.774 0.256 0 255 174
-7.875 -37.258 0.221 0 255 221
-5.624 -37.501 0.202 0 255 106
-5.428 -38.411 0.454 0 0 255
-4.991 -39.839 0.378 0 255 136
-6.208 -38.874 0.418 0 255 144
-8.092 -37.970 0.300 0 255 157
-8.943 -42.176 0.300 0 255 136
-8.406 -39.167 0.365 0 255 157
-4.443 -39.965 0.331 0 255 123
-9.352 -39.733 0.184 0 255 68
-8.677 -41.021 0.416 0 127 255
-8.520 -37.622 0.216 0 255 0
-4.796 -38.306 0.441 0 8 255
-7.861 -40.905 0.441 0 255 114
-5.841 -38.318 0.305 0 255 144
-5.162 -39.036 0.294 0 178 255
-6.821 -38.220 0.381 0 255 153
-6.326 -37.281 0.296 0 255 127
-7.734 -37.374 0.367 0 255 161
-8.990 -38.989 0.215 0 8 255
-8.894 -39.896 0.269 0 68 255
-6.353 -38.212 0.311 0 204 255
-7.432 -38.788 0.436 0 255 157
-7.184 -38.720 0.409 0 255 153
-6.214 -39.040 0.453 0 255 8
-5.503 -37.935 0.267 0 255 144
-6.266 -38.577 0.365 0 255 153
-6.639 -38.325 0.377 0 255 140
-5.156 -37.994 0.295 0 255 148
-7.836 -37.848 0.432 0 255 246
-8.222 -40.570 0.328 0 255 76
-6.527 -40.941 0.467 0 255 140
-6.265 -38.372 0.341 0 255 131
-6.959 -36.721 0.197 0 255 114
-8.014 -37.718 0.164 0 255 131
-8.452 -41.250 0.373 0 255 161
-8.478 -39.540 0.335 0 255 127
-9.044 -39.727 0.224 0 255 93
-7.287 -41.202 0.474 0 255 170
-6.438 -39.361 0.434 0 255 136
-6.412 -37.966 0.327 0 255 165
-7.816 -40.600 0.459 0 255 131
-8.243 -38.429 0.260 0 255 136
-9.271 -39.931 0.244 0 161 255
-8.346 -40.858 0.409 0 51 255
-8.749 -40.259 0.255 0 255 148
-7.147 -38.553 0.392 0 255 119
-4.778 -37.766 0.165 0 255 140
-6.596 -38.276 0.338 0 255 165
-7.545 -40.229 0.392 0 0 255
-8.958 -39.333 0.279 0 255 161
-8.074 -37.747 0.277 0 255 178
-8.432 -40.180 0.328 0 255 106
-8.127 -39.269 0.367 0 255 131
-8.864 -41.788 0.337 0 255 131
-8.410 -40.407 0.343 0 255 110
-1.789 -39.569 0.620 0 178 255
-6.197 -39.013 0.407 0 255 165
-4.391 -38.417 0.294 0 0 255
-7.022 -39.885 0.525 0 255 46
-6.653 -37.377 0.237 0 255 123
-7.901 -39.895 0.471 0 17 255
-4.114 -39.960 0.354 0 255 178
-9.454 -40.945 0.197 0 255 136
-6.566 -37.371 0.291 0 255 102
-6.302 -38.224 0.362 0 255 106
-6.721 -37.639 0.274 0 255 187
-5.363 -37.236 0.184 0 255 114
-6.571 -38.543 0.427 0 255 144
-6.468 -38.598 0.361 0 255 131
-7.174 -39.073 0.525 0 8 255
-9.682 -41.171 0.190 0 255 144
-8.562 -38.464 0.259 0 255 148
-6.141 -40.793 0.485 0 76 255
-9.364 -40.139 0.240 0 255 123
-8.250 -38.056 0.239 0 255 199
-9.650 -41.261 0.181 0 255 114
-3.258 -38.537 0.251 0 255 131
-5.596 -39.617 0.379 0 255 123
-5.124 -39.058 0.352 0 255 153
-2.684 -39.635 0.270 0 255 174
-8.141 -39.897 0.378 0 255 216
-3.714 -39.908 0.423 0 25 255
-8.157 -40.171 0.407 72 255 0
-6.616 -37.978 0.394 0 255 85
-3.685 -40.021 0.271 0 255 136
-7.680 -37.578 0.265 0 0 255
-5.804 -36.820 0.156 0 255 106
-7.123 -36.896 0.207 0 255 153
-5.284 -37.156 0.181 0 255 144
-8.908 -41.736 0.274 0 255 144
-6.895 -39.535 0.420 0 255 238
-8.366 -39.272 0.386 0 255 165
-8.930 -38.636 0.188 0 255 174
-4.529 -38.889 0.379 0 255 161
-9.487 -40.224 0.181 0 255 106
-7.601 -38.053 0.384 0 255 165
-7.384 -38.632 0.369 0 255 131
-5.576 -37.556 0.181 0 255 144
-9.169 -39.842 0.296 0 255 144
-8.171 -38.434 0.325 0 255 106
-3.258 -38.852 0.336 68 255 0
-6.203 -38.818 0.384 0 255 216
-4.797 -38.373 0.498 0 0 255
-7.294 -37.025 0.174 0 255 144
-5.421 -39.848 0.378 0 255 174
-7.646 -38.740 0.315 0 255 127
-7.524 -38.857 0.469 0 255 161
-8.129 -37.760 0.183 0 255 246
-7.216 -37.300 0.309 0 178 255
-5.414 -37.132 0.200 0 255 119
-6.647 -37.514 0.340 0 255 136
-4.981 -40.056 0.374 0 255 136
-9.062 -39.271 0.316 0 93 255
-6.009 -38.514 0.254 0 255 242
-6.989 -39.577 0.408 0 255 191
-8.335 -37.510 0.186 0 255 216
-8.066 -38.754 0.276 0 255 165
-8.260 -41.854 0.389 0 255 170
-5.582 -38.018 0.298 0 255 148
-8.385 -41.250 0.390 0 255 131
-8.404 -37.342 0.196 0 255 144
-8.148 -40.455 0.371 0 255 85
-8.656 -38.492 0.301 0 255 153
-8.274 -40.679 0.348 0 255 136
-6.872 -38.091 0.365 0 255 161
-9.223 -39.863 0.216 0 25 255
-5.978 -38.617 0.338 0 255 144
-6.416 -40.986 0.558 0 0 255
-6.355 -38.856 0.447 0 255 182
-9.417 -40.154 0.300 0 59 255
-7.079 -39.635 0.438 0 255 136
-6.566 -42.684 0.438 0 255 191
-6.239 -36.671 0.233 0 255 80
-4.150 -40.011 0.385 0 255 238
-5.361 -37.054 0.159 0 255 136
-5.425 -37.030 0.160 0 255 140
-9.742 -41.431 0.250 0 68 255
-6.489 -41.020 0.538 0 0 255
-6.551 -38.220 0.354 0 255 153
-6.982 -37.226 0.225 0 255 246
-9.236 -40.934 0.346 0 0 255
-7.463 -39.027 0.430 0 255 170
-3.725 -39.078 0.257 0 255 136
-6.471 -37.174 0.275 0 255 204
-6.689 -36.829 0.173 0 255 174
-1.822 -37.894 0.189 0 255 119
-6.810 -36.810 0.160 0 255 153
-6.134 -37.455 0.247 0 255 119
-8.045 -39.997 0.416 0 255 55
-5.350 -37.185 0.157 0 255 136
-4.744 -39.009 0.334 0 255 85
-8.424 -38.572 0.263 0 255 174
-5.002 -39.927 0.397 0 255 93
-4.350 -38.178 0.236 0 255 148
-7.789 -38.327 0.340 0 255 127
-7.188 -38.593 0.435 0 255 106
-5.159 -39.065 0.386 0 255 144
-8.354 -38.479 0.269 0 255 182
-3.982 -38.527 0.270 0 255 38
-6.963 -36.835 0.204 0 255 123
-9.416 -41.833 0.218 0 255 119
-9.474 -40.830 0.200 0 255 85
-8.340 -38.679 0.290 0 255 127
-6.583 -36.949 0.191 0 255 144
-9.050 -41.607 0.242 0 255 127
-8.694 -38.155 0.170 0 255 199
-5.008 -37.850 0.252 0 255 144
-2.912 -38.607 0.225 0 255 140
-4.185 -38.425 0.262 0 255 161
-2.692 -39.742 0.363 0 0 255
-2.933 -38.493 0.193 0 255 157
-7.380 -37.883 0.313 0 255 191
-9.140 -42.810 0.277 0 255 148
-9.505 -40.986 0.301 0 255 157
-7.297 -37.708 0.268 0 255 161
-9.018 -39.013 0.227 0 255 127
-6.846 -38.568 0.392 0 255 136
-7.582 -38.007 0.311 0 255 148
-7.097 -39.148 0.473 0 255 89
-8.666 -40.717 0.308 0 255 153
-7.072 -38.612 0.397 0 255 140
-6.340 -36.677 0.216 0 76 255
-9.092 -41.882 0.227 0 255 153
-4.748 -38.322 0.340 0 255 174
-5.790 -39.705 0.327 0 153 255
-6.095 -38.490 0.326 0 255 131
-5.728 -37.731 0.261 0 255 106
-2.944 -38.986 0.332 0 0 255
-8.402 -38.991 0.240 0 255 106
-6.319 -38.462 0.427 0 255 119
-5.491 -38.152 0.299 0 255 165
-7.965 -38.466 0.325 0 255 157
-6.388 -39.048 0.418 0 255 242
-6.869 -38.507 0.429 0 0 255
-5.754 -39.635 0.346 0 255 131
-9.800 -41.456 0.195 0 255 153
-5.988 -37.447 0.183 0 255 140
-8.133 -39.794 0.393 0 255 127
-6.954 -36.719 0.170 0 255 178
-5.631 -38.179 0.341 0 59 255
-4.452 -38.258 0.246 0 255 144
-7.578 -38.162 0.348 0 255 102
-6.674 -37.552 0.380 0 255 123
-8.798 -40.298 0.272 0 255 102
-5.586 -40.414 0.425 0 255 97
-7.592 -38.689 0.402 0 255 140
-2.577 -38.413 0.152 0 255 136
-8.746 -40.270 0.254 0 255 148
-7.932 -37.222 0.314 0 255 114
-8.158 -37.390 0.182 0 255 123
-5.846 -37.574 0.228 0 255 140
-6.762 -38.150 0.396 0 255 165
-2.565 -39.872 0.358 0 0 255
-8.033 -38.588 0.373 0 255 136
-7.199 -39.907 0.533 0 42 255
-6.811 -37.386 0.227 0 0 255
-6.132 -40.803 0.442 0 93 255
-6.317 -39.943 0.391 0 255 157
-4.134 -37.902 0.171 0 255 119
-8.057 -38.430 0.266 0 255 195
-2.214 -38.323 0.479 0 8 255
-8.453 -40.513 0.439 0 102 255
-9.325 -39.171 0.159 0 255 157
-9.311 -41.886 0.179 0 255 131
-6.904 -36.789 0.176 0 246 255
-4.929 -37.947 0.293 0 255 119
-7.977 -37.187 0.368 0 255 195
-6.813 -38.262 0.392 0 255 140
-5.479 -38.054 0.222 0 255 144
-6.349 -41.657 0.563 0 0 255
-4.060 -39.034 0.440 0 17 255
-7.388 -37.125 0.227 0 255 136
-6.309 -38.447 0.381 0 255 127
-7.484 -37.990 0.368 0 255 34
-5.908 -40.557 0.486 0 255 174
-7.956 -38.217 0.334 0 255 144
-7.990 -38.220 0.312 0 255 153
-8.373 -39.362 0.349 0 255 140
-7.787 -39.662 0.411 0 255 72
-6.995 -37.703 0.298 0 255 199
-8.170 -38.452 0.241 0 255 148
-6.532 -38.203 0.342 0 255 157
-6.433 -38.347 0.289 0 255 131
-8.332 -38.702 0.264 0 255 161
-5.912 -38.160 0.288 0 255 127
-3.892 -38.024 0.163 0 255 131
-9.690 -40.339 0.265 0 255 174
-8.875 -39.240 0.235 0 255 148
-5.520 -39.780 0.436 0 68 255
-6.904 -37.821 0.296 0 255 140
-7.122 -37.085 0.223 0 238 255
-5.316 -39.841 0.410 0 255 93
-6.199 -40.030 0.447 0 255 97
-6.822 -38.078 0.348 0 255 114
-8.849 -39.199 0.194 0 255 114
-8.419 -37.811 0.207 0 255 119
-7.211 -38.202 0.363 0 255 144
-7.814 -37.709 0.357 0 255 157
-4.279 -38.383 0.255 0 255 153
-6.950 -41.335 0.484 93 255 0
-7.087 -37.137 0.281 0 255 153
-8.130 -40.070 0.284 0 255 131
-9.115 -39.585 0.163 0 212 255
-7.188 -41.424 0.515 0 255 119
-6.186 -38.270 0.363 0 255 106
-8.361 -40.840 0.417 0 178 255
-5.644 -39.040 0.375 0 255 72
-9.464 -40.031 0.199 0 255 127
-6.263 -37.817 0.330 0 255 127
-6.598 -36.906 0.200 0 255 148
-8.754 -42.370 0.377 0 255 136
-7.313 -39.225 0.451 0 255 63
-9.730 -40.223 0.226 0 127 255
-8.383 -40.951 0.438 0 238 255
-7.886 -40.962 0.516 0 42 255
-5.539 -38.054 0.344 0 255 68
-8.504 -39.136 0.276 0 255 161
-8.110 -37.791 0.336 0 255 119
-6.907 -36.929 0.227 0 255 131
-6.986 -37.647 0.262 0 255 148
-6.577 -38.206 0.315 0 255 174
-3.881 -38.679 0.254 0 255 114
-3.178 -39.478 0.373 0 42 255
-7.209 -38.380 0.406 0 255 127
-4.265 -39.367 0.328 0 136 255
-6.936 -38.006 0.322 0 153 255
-8.083 -40.319 0.392 0 255 127
-6.807 -38.193 0.343 0 255 127
-2.797 -38.608 0.151 0 255 127
-7.023 -38.488 0.384 0 255 119
-5.954 -37.741 0.279 0 255 106
-6.634 -37.210 0.248 0 255 131
-7.168 -38.936 0.414 0 255 136
-8.531 -41.088 0.467 0 0 255
-7.113 -38.585 0.404 0 255 127
-6.637 -36.560 0.169 0 255 170
-5.666 -40.833 0.435 0 255 161
-2.378 -38.423 0.263 0 17 255
-8.736 -39.428 0.292 0 255 242
-7.697 -38.973 0.351 0 255 182
-7.831 -37.639 0.352 0 170 255
-7.433 -38.139 0.283 0 255 144
-5.338 -38.581 0.406 0 8 255
-4.650 -38.763 0.272 0 255 161
-7.331 -39.073 0.524 0 85 255
-7.908 -38.165 0.273 0 255 174
-8.615 -40.775 0.346 0 255 136
-4.409 -38.489 0.293 0 255 136
-5.535 -37.258 0.196 0 255 140
-8.940 -38.940 0.220 0 255 157
-7.131 -39.382 0.455 0 255 136
-5.925 -37.562 0.237 0 255 140
-8.151 -38.155 0.320 0 255 119
-2.370 -37.761 0.215 0 255 140
-6.950 -37.792 0.356 0 255 76
-6.459 -38.704 0.401 0 255 182
-3.053 -39.719 0.385 0 8 255
-5.781 -40.664 0.466 0 0 255
-6.468 -40.956 0.461 0 93 255
-7.426 -38.553 0.382 0 255 195
-6.710 -40.238 0.416 0 255 136
-7.002 -38.525 0.351 0 255 119
-3.385 -39.830 0.392 0 25 255
-4.703 -39.946 0.314 0 255 161
-7.946 -37.236 0.302 0 255 131
-2.519 -38.850 0.196 0 255 144
-7.187 -37.761 0.265 0 255 153
-6.017 -40.914 0.424 0 255 174
-8.321 -38.729 0.273 0 255 148
-2.842 -39.654 0.383 0 85 255
-8.159 -39.274 0.303 0 255 119
-8.234 -38.047 0.331 0 255 140
-9.397 -42.160 0.207 0 255 136
-6.868 -38.623 0.415 0 255 106
-4.748 -38.514 0.337 0 255 51
-8.315 -38.130 0.217 0 255 174
-8.056 -39.979 0.431 0 255 4
-8.128 -37.963 0.300 0 255 144
-4.298 -39.436 0.357 0 255 119
-5.808 -40.190 0.429 0 255 157
-5.331 -39.735 0.366 0 255 153
-5.103 -39.736 0.416 0 255 97
-6.863 -37.213 0.184 0 246 255
-7.244 -41.398 0.561 0 34 255
-6.785 -37.558 0.290 0 255 144
-6.431 -36.883 0.210 0 255 238
-6.310 -37.552 0.276 0 255 136
-6.149 -39.757 0.372 0 255 123
-9.098 -39.407 0.198 0 255 199
-7.701 -41.741 0.552 0 25 255
-7.258 -36.967 0.232 0 255 161
-7.345 -39.917 0.562 0 0 255
-2.817 -39.757 0.324 0 255 157
-5.184 -37.870 0.246 0 255 136
-7.423 -39.064 0.409 0 255 191
-6.453 -41.041 0.565 0 0 255
-7.071 -38.944 0.472 0 255 161
-6.821 -37.600 0.262 0 8 255
-4.625 -41.214 0.348 0 255 144
-7.499 -37.771 0.359 0 255 182
-6.384 -40.210 0.410 0 255 29
-6.089 -40.569 0.426 0 161 255
-8.794 -39.179 0.279 0 255 174
-6.315 -38.768 0.453 0 255 187
-9.853 -41.462 0.162 0 255 127
-5.870 -37.598 0.287 0 255 127
-9.556 -40.107 0.175 0 255 136
-7.395 -39.842 0.473 8 255 0
-8.021 -37.350 0.160 0 204 255
-7.079 -40.236 0.485 0 255 114
-9.548 -40.254 0.217 0 255 140
-4.179 -38.398 0.255 0 255 153
-6.963 -36.757 0.247 0 255 123
-7.608 -37.341 0.208 0 255 127
-4.347 -38.249 0.264 0 255 144
-9.335 -39.181 0.166 0 255 153
-8.985 -38.952 0.314 0 68 255
-7.571 -41.156 0.462 0 255 80
-7.603 -37.662 0.336 0 102 255
-4.199 -37.854 0.157 0 255 144
-6.289 -40.474 0.553 0 0 255
-6.630 -40.123 0.500 0 255 123
-3.843 -39.113 0.287 0 255 34
-2.676 -39.789 0.270 0 255 136
-9.016 -40.109 0.325 0 255 144
-8.883 -41.285 0.339 0 255 148
-7.739 -38.973 0.363 0 255 187
-8.741 -39.671 0.314 0 255 140
-6.119 -37.666 0.278 0 59 255
-6.890 -37.406 0.212 0 255 140
-8.604 -39.442 0.382 0 255 161
-9.299 -41.901 0.184 0 255 119
-6.382 -37.179 0.266 0 255 144
-7.418 -37.174 0.271 0 255 187
-7.470 -40.364 0.366 0 255 161
-4.174 -39.975 0.442 0 0 255
-7.331 -39.137 0.422 0 255 114
-8.937 -40.588 0.364 0 102 255
-7.947 -38.252 0.450 0 59 255
-5.204 -39.589 0.376 0 255 119
-8.791 -39.352 0.290 0 255 114
-7.566 -40.806 0.413 0 255 140
-6.625 -38.242 0.388 0 255 250
-8.750 -39.126 0.218 0 255 157
-6.888 -37.732 0.298 0 255 165
-8.814 -40.597 0.387 0 34 255
-8.017 -37.363 0.233 0 255 127
-9.276 -40.661 0.255 0 255 157
-6.895 -40.532 0.476 0 0 255
-2.778 -39.378 0.262 0 255 80
-5.214 -37.910 0.276 0 255 123
-8.751 -38.490 0.281 0 255 72
-7.221 -39.670 0.388 0 255 136
-5.585 -37.705 0.231 0 255 161
-6.675 -37.475 0.330 0 255 106
-7.483 -41.425 0.534 0 0 255
-8.127 -38.860 0.329 0 255 136
-5.250 -37.384 0.184 0 255 46
-7.169 -41.472 0.548 0 0 255
-4.383 -38.193 0.246 0 255 123
-6.276 -41.508 0.450 0 255 76
-6.669 -38.293 0.416 0 255 144
-4.470 -39.010 0.328 0 102 255
-6.972 -38.681 0.428 0 255 123
-8.677 -38.519 0.220 0 255 157
-7.805 -37.303 0.378 0 255 170
-4.405 -40.434 0.366 0 255 80
-7.678 -38.823 0.388 0 255 127
-8.365 -38.041 0.204 0 255 157
-6.165 -38.396 0.290 0 255 191
-9.743 -40.195 0.200 0 0 255
-5.489 -39.563 0.354 0 255 136
-6.779 -36.940 0.182 0 255 165
-9.267 -40.434 0.237 0 255 136
-8.270 -38.869 0.283 0 255 153
-7.669 -38.080 0.294 0 255 225
-4.850 -38.086 0.266 0 255 127
-9.770 -40.322 0.157 0 255 127
-5.054 -38.049 0.294 0 255 136
-4.645 -38.775 0.274 0 255 140
-3.563 -38.232 0.172 0 255 140
-8.317 -41.234 0.379 0 255 153
-8.076 -41.554 0.486 0 255 140
-8.202 -37.931 0.296 0 255 165
-7.965 -37.700 0.287 0 255 225
-7.768 -38.125 0.297 0 255 199
-4.726 -37.556 0.160 0 255 127
-5.987 -39.773 0.429 0 255 80
-7.366 -40.942 0.449 0 255 136
-4.864 -39.370 0.258 0 255 106
-6.621 -37.024 0.238 0 255 127
-7.282 -39.844 0.470 0 255 233
-4.288 -38.891 0.320 0 255 80
-9.199 -38.911 0.223 0 42 255
-8.187 -37.793 0.203 0 255 144
-6.543 -40.455 0.481 0 255 8
-5.428 -38.175 0.268 0 119 255
-4.599 -38.697 0.246 0 255 110
-8.580 -39.459 0.332 0 255 148
-6.440 -41.024 0.574 0 0 255
-7.634 -37.572 0.346 0 119 255
-4.692 -39.050 0.300 0 255 110
-7.866 -39.171 0.371 0 255 102
-2.700 -39.973 0.368 0 0 255
-8.366 -38.914 0.271 0 255 153
-7.749 -37.062 0.160 0 255 119
-7.331 -37.492 0.260 0 255 182
-6.471 -41.000 0.536 0 0 255
-8.211 -38.072 0.316 0 255 148
-8.197 -38.215 0.241 0 255 229
-4.086 -38.986 0.356 0 255 136
-6.263 -38.331 0.413 0 255 110
-7.936 -38.991 0.403 0 255 119
-7.433 -37.270 0.235 0 255 174
-6.725 -37.187 0.233 0 255 148
-8.074 -41.423 0.480 0 255 242
-4.729 -38.562 0.323 0 255 191
-8.342 -38.382 0.255 0 255 97
-4.979 -37.816 0.218 0 255 114
-7.215 -37.242 0.255 0 255 131
-9.383 -41.096 0.310 0 255 97
-6.685 -40.082 0.458 0 59 255
-5.776 -37.522 0.285 0 212 255
-7.853 -40.348 0.382 0 255 161
-7.080 -39.003 0.440 0 255 131
-4.547 -38.868 0.385 0 59 255
-8.712 -40.853 0.362 0 255 182
-6.984 -38.635 0.428 0 255 131
-4.521 -40.199 0.378 0 255 85
-5.950 -40.865 0.467 0 255 170
-4.665 -37.807 0.238 0 255 140
-4.973 -37.756 0.224 0 255 114
-6.331 -38.091 0.380 0 255 123
-9.033 -40.637 0.403 0 0 255
-8.778 -38.249 0.184 0 255 216
-8.027 -37.983 0.320 0 229 255
-8.399 -40.151 0.286 0 255 233
-5.762 -38.724 0.349 0 255 119
-8.662 -39.289 0.283 0 25 255
-7.205 -38.285 0.329 0 255 255
-7.273 -38.692 0.436 0 255 114
-7.684 -39.528 0.443 0 255 140
-8.349 -37.639 0.164 0 255 114
-2.606 -38.879 0.245 0 255 127
-8.157 -38.439 0.252 0 255 153
-7.374 -38.974 0.435 0 255 97
-8.583 -41.062 0.543 0 0 255
-6.710 -37.717 0.272 0 178 255
-5.500 -37.651 0.266 0 255 119
-4.748 -38.170 0.275 0 255 144
-4.272 -38.051 0.247 0 255 106
-5.713 -37.874 0.269 0 255 127
-4.448 -38.197 0.236 0 255 136
-7.886 -38.945 0.379 0 255 170
-4.525 -38.690 0.353 0 255 97
-8.153 -37.952 0.307 0 255 127
-7.865 -39.486 0.387 0 255 144
-5.833 -37.642 0.256 0 255 131
-7.186 -39.883 0.570 0 0 255
-7.944 -40.682 0.417 0 255 127
-4.375 -39.763 0.311 0 255 110
-8.557 -39.037 0.226 0 255 119
-5.025 -39.713 0.375 0 255 157
-5.965 -39.973 0.401 0 255 140
-5.275 -37.686 0.203 0 255 89
-6.373 -38.221 0.328 0 255 127
-3.355 -39.650 0.370 0 255 221
-6.294 -37.232 0.179 0 255 131
-7.184 -37.578 0.228 0 255 208
-5.758 -41.426 0.481 0 0 255
-5.243 -39.743 0.402 0 0 255
-5.127 -39.283 0.384 0 255 97
-8.158 -38.614 0.257 0 255 97
-8.309 -41.584 0.438 0 255 63
-7.981 -37.267 0.210 0 204 255
-9.134 -39.620 0.169 0 144 255
-7.758 -37.523 0.169 0 0 255
-7.106 -38.354 0.366 0 255 114
-8.486 -40.457 0.322 0 255 221
-4.588 -40.873 0.437 0 255 144
-8.820 -38.562 0.211 0 255 140
-8.921 -40.900 0.351 0 255 144
-7.872 -41.341 0.538 0 0 255
-5.320 -40.546 0.488 0 0 255
-4.709 -37.710 0.195 0 255 136
-8.450 -38.169 0.177 0 255 144
-6.718 -38.160 0.382 0 255 157
-6.918 -38.451 0.332 0 255 114
-7.572 -38.342 0.361 0 255 114
-4.037 -38.530 0.238 0 255 114
-5.338 -39.749 0.348 0 255 161
-9.794 -40.442 0.200 0 255 42
-6.653 -36.620 0.167 0 255 157
-4.504 -37.844 0.248 0 255 127
-9.520 -40.888 0.284 0 255 242
-8.596 -37.949 0.168 0 255 85
-7.043 -38.691 0.424 0 255 148
-9.144 -41.826 0.238 0 255 144
-8.467 -40.644 0.324 0 255 127
-5.600 -38.750 0.350 0 255 114
-8.425 -38.391 0.217 0 255 136
-2.570 -39.730 0.288 0 255 178
-8.348 -40.760 0.424 0 255 106
-7.507 -37.267 0.249 0 255 148
-8.246 -37.749 0.266 0 255 187
-7.467 -38.833 0.427 0 255 165
-8.785 -38.661 0.172 0 255 144
-6.386 -41.540 0.541 0 25 255
-8.833 -38.291 0.229 0 255 123
-6.390 -36.908 0.194 0 255 119
-8.757 -41.061 0.417 0 34 255
-3.081 -38.980 0.249 0 255 123
-7.361 -38.916 0.391 0 255 140
-6.411 -37.483 0.301 0 255 144
-6.350 -37.564 0.274 0 255 144
-4.923 -40.544 0.473 0 255 216
-8.176 -38.902 0.293 0 0 255
-6.370 -38.135 0.289 0 255 131
-9.161 -39.724 0.187 0 76 255
-9.139 -40.258 0.304 0 255 80
-6.926 -37.461 0.309 0 255 131
-6.500 -38.539 0.364 0 255 140
-8.280 -40.400 0.379 0 255 136
-7.128 -39.123 0.446 0 255 127
-7.579 -38.817 0.364 0 255 165
-9.000 -40.755 0.297 0 255 157
-2.876 -39.704 0.358 0 34 255
-6.678 -38.530 0.419 0 255 178
-6.978 -36.899 0.243 0 255 140
-7.838 -37.499 0.376 0 255 161
-7.455 -38.663 0.432 0 255 144
-8.160 -40.174 0.390 0 255 55
-6.723 -36.758 0.217 0 255 148
-6.114 -38.727 0.522 0 0 255
-8.763 -38.547 0.273 0 76 255
-3.408 -38.649 0.251 0 255 153
-6.372 -38.792 0.393 0 8 255
-6.674 -36.951 0.191 0 25 255
-5.527 -37.973 0.323 0 255 127
-7.223 -37.120 0.265 0 255 119
-7.693 -37.625 0.363 0 255 165
-4.366 -38.099 0.259 0 255 161
-5.223 -38.114 0.322 0 0 255
-8.861 -39.012 0.200 0 255 131
-5.637 -37.214 0.164 0 255 119
-5.694 -37.235 0.204 0 161 255
-6.530 -36.834 0.206 0 255 136
-2.986 -39.619 0.252 0 255 140
-7.746 -39.069 0.335 0 255 123
-7.942 -37.701 0.206 0 255 144
-4.541 -38.898 0.294 0 255 119
-8.030 -38.073 0.308 0 255 119
-4.966 -37.645 0.165 0 255 140
-6.576 -37.648 0.278 0 255 165
-9.209 -39.427 0.190 0 255 89
-7.736 -41.793 0.461 0 59 255
-8.362 -38.384 0.217 0 255 119
-2.806 -38.797 0.240 0 255 144
-5.293 -38.083 0.277 0 255 136
-7.897 -40.001 0.411 0 255 21
-9.286 -42.175 0.233 0 255 157
-3.235 -39.010 0.273 0 0 255
-3.568 -38.323 0.161 0 255 157
-6.533 -39.159 0.436 0 255 110
-6.950 -40.007 0.448 0 255 131
-8.017 -42.144 0.412 0 255 114
-8.657 -38.845 0.193 0 255 182
-5.868 -37.973 0.233 0 255 161
-5.865 -38.193 0.269 0 255 127
-5.866 -40.527 0.563 0 8 255
-4.217 -38.327 0.253 0 255 127
-7.631 -40.898 0.477 0 255 140
-7.244 -37.723 0.325 0 255 212
-6.870 -37.956 0.323 0 255 165
-5.246 -39.649 0.373 0 255 131
-1.907 -39.251 0.647 0 255 161
-7.241 -37.783 0.322 0 255 157
-8.009 -38.626 0.313 0 255 144
-4.611 -37.797 0.227 0 255 123
-8.376 -40.848 0.389 0 255 140
-5.224 -37.399 0.191 0 255 59
-5.430 -38.064 0.267 0 255 110
-8.830 -41.880 0.335 0 255 178
-8.909 -39.835 0.247 0 110 255
-6.231 -38.349 0.362 0 255 153
-8.856 -41.858 0.337 0 255 123
-3.993 -39.924 0.341 0 255 233
-8.067 -37.811 0.259 0 255 144
-6.890 -38.310 0.420 0 255 246
-7.115 -37.547 0.283 0 255 165
-6.692 -36.876 0.188 0 255 212
-7.519 -38.952 0.438 0 255 178
-8.235 -39.181 0.327 0 255 127
-7.433 -37.229 0.216 0 255 144
-2.093 -37.997 0.152 0 255 157
-8.274 -37.790 0.269 0 255 157
-8.523 -39.033 0.223 0 255 127
-7.766 -37.478 0.353 0 255 157
-5.533 -37.240 0.162 0 76 255
-8.501 -39.276 0.343 0 255 233
-3.498 -38.290 0.185 0 255 131
-6.111 -37.973 0.290 0 255 136
-8.710 -38.616 0.267 0 221 255
-6.194 -40.326 0.476 0 255 63
-7.826 -38.369 0.351 0 255 144
-4.488 -38.272 0.247 0 255 131
-9.669 -41.214 0.171 0 255 127
-8.817 -39.692 0.360 0 255 8
-7.986 -41.458 0.496 0 255 144
-4.664 -38.600 0.280 0 161 255
-8.489 -38.889 0.231 0 255 144
-2.837 -39.770 0.403 0 8 255
-7.855 -38.861 0.353 0 255 144
-4.929 -40.129 0.388 0 255 97
-5.255 -39.223 0.344 0 255 110
-8.253 -37.828 0.310 0 255 161
-6.124 -37.995 0.297 0 0 255
-3.285 -38.657 0.276 0 255 119
-7.915 -38.520 0.340 0 255 199
-3.950 -39.900 0.296 0 255 136
-6.829 -37.788 0.291 0 119 255
-7.547 -38.635 0.338 0 255 165
-8.737 -38.526 0.232 0 255 161
-7.582 -39.770 0.410 0 255 144
-5.727 -38.873 0.364 0 255 131
-7.111 -37.118 0.294 0 255 97
-5.454 -39.477 0.284 0 255 136
-6.100 -36.990 0.153 0 255 144
-4.883 -40.534 0.488 0 255 255
-5.185 -39.636 0.383 0 255 161
-9.649 -40.373 0.242 0 255 157
-2.948 -38.881 0.241 0 255 178
-7.082 -40.591 0.402 0 255 131
-7.328 -39.095 0.393 0 255 148
-8.355 -39.062 0.301 0 255 153
-8.058 -38.346 0.305 0 255 153
-7.981 -38.088 0.290 0 255 127
-7.250 -36.868 0.164 0 255 136
-4.211 -38.426 0.212 0 255 148
-8.971 -38.335 0.228 0 255 93
-6.841 -39.465 0.455 0 255 127
-7.482 -37.406 0.311 0 255 106
-5.596 -38.623 0.335 0 255 144
-9.041 -38.945 0.262 0 255 157
-9.273 -39.872 0.225 0 255 131
-7.232 -37.173 0.176 0 255 178
-6.760 -37.662 0.337 0 255 182
-4.992 -37.536 0.175 0 255 127
-4.064 -39.021 0.374 42 255 0
-6.871 -38.769 0.436 0 255 157
-7.370 -38.935 0.476 0 255 140
-6.503 -37.826 0.317 0 255 144
-4.466 -39.191 0.297 0 255 97
-4.342 -41.466 0.431 0 255 165
-6.923 -37.823 0.377 0 255 72
-5.492 -40.025 0.368 0 255 144
-7.593 -37.467 0.198 0 255 191
-6.630 -37.477 0.343 0 255 204
-6.673 -39.171 0.397 0 255 119
-7.504 -38.185 0.310 0 255 119
-8.953 -42.969 0.269 0 0 255
-4.475 -38.182 0.255 0 255 131
-4.379 -39.421 0.332 0 255 144
-9.349 -41.551 0.195 0 255 161
-8.649 -41.876 0.379 0 255 127
-7.313 -39.549 0.428 0 255 85
-7.529 -38.082 0.353 0 255 182
-4.579 -39.131 0.327 0 255 97
-6.264 -39.960 0.406 0 255 131
-7.024 -38.659 0.376 0 255 127
-3.308 -38.547 0.252 0 255 242
-6.390 -38.196 0.358 0 255 127
-7.987 -39.896 0.436 0 255 55
-7.057 -37.966 0.331 0 255 136
-6.020 -38.093 0.275 0 255 119
-7.441 -38.655 0.387 0 255 114
-6.852 -37.252 0.178 0 255 144
-4.809 -37.577 0.190 0 255 127
-8.052 -42.506 0.515 0 0 255
-7.188 -39.622 0.482 0 255 123
-6.501 -38.429 0.360 0 255 153
-9.167 -42.831 0.181 0 255 131
-7.441 -38.671 0.427 0 255 157
-5.662 -38.112 0.287 0 255 140
-7.667 -37.618 0.347 0 255 136
-7.563 -39.616 0.414 0 255 140
-8.341 -41.220 0.482 0 0 255
-8.505 -38.252 0.183 0 255 161
-8.628 -40.781 0.321 0 255 123
-6.839 -37.892 0.291 0 255 123
-7.419 -37.171 0.245 0 255 136
-4.179 -39.188 0.297 0 255 131
-8.462 -39.037 0.242 0 255 119
-6.489 -36.713 0.188 0 255 187
-7.891 -41.559 0.513 0 0 255
-8.861 -38.655 0.215 0 255 157
-7.163 -39.713 0.441 0 0 255
-4.601 -38.004 0.211 0 255 114
-5.677 -38.045 0.247 0 255 148
-2.924 -38.603 0.268 0 255 178
-9.160 -39.710 0.171 0 255 157
-3.912 -40.155 0.347 0 102 255
-6.196 -38.734 0.387 0 255 144
-6.276 -36.967 0.171 0 0 255
-2.040 -38.197 0.272 0 255 12
-6.442 -37.785 0.293 0 0 255
-7.911 -37.706 0.312 0 255 178
-9.099 -39.123 0.214 0 246 255
-5.463 -38.274 0.329 0 255 114
-5.632 -38.579 0.331 0 255 136
-9.067 -39.058 0.173 0 0 255
-6.100 -38.019 0.320 0 255 119
-8.392 -38.914 0.362 0 255 110
-9.406 -41.988 0.220 0 255 153
-7.705 -37.571 0.336 0 255 131
-7.260 -37.623 0.182 0 255 178
-3.600 -38.694 0.244 0 17 255
-8.408 -38.293 0.217 0 255 161
-8.521 -41.074 0.432 0 255 21
-4.967 -38.121 0.300 0 255 148
-4.414 -40.463 0.352 0 0 255
-8.157 -39.550 0.312 0 255 144
-6.200 -37.634 0.303 0 255 123
-4.778 -38.174 0.286 0 255 144
-5.354 -40.489 0.466 0 8 255
-5.507 -38.030 0.279 0 255 136
-5.030 -39.725 0.397 0 255 187
-6.292 -38.150 0.332 0 42 255
-4.491 -39.665 0.302 0 255 80
-4.978 -37.604 0.217 0 255 114
-7.973 -38.118 0.382 0 51 255
-6.697 -39.121 0.438 0 255 144
-3.650 -38.539 0.239 0 255 131
-6.701 -37.531 0.285 0 255 144
-2.078 -38.138 0.370 0 255 255
-3.247 -38.564 0.259 0 255 119
-8.831 -41.816 0.341 0 255 157
-3.459 -38.523 0.212 0 255 119
-7.918 -37.109 0.199 0 255 148
-8.330 -38.064 0.198 0 255 153
-8.494 -41.067 0.444 0 8 255
-9.219 -41.148 0.280 0 255 114
-9.268 -40.815 0.229 0 255 123
-6.307 -41.195 0.592 0 0 255
-9.294 -41.835 0.207 0 255 161
-7.016 -36.953 0.205 0 255 191
-5.175 -37.876 0.226 0 255 170
-4.793 -37.581 0.175 0 255 123
-8.278 -37.599 0.157 0 255 229
-4.159 -38.383 0.277 0 255 148
-9.615 -40.330 0.211 0 255 140
-6.516 -37.367 0.288 0 255 148
-5.180 -38.547 0.374 29 255 0
-7.042 -37.650 0.286 0 255 161
-7.956 -38.226 0.391 0 255 161
-8.094 -40.826 0.362 0 59 255
-8.456 -37.542 0.180 0 255 165
-8.759 -39.032 0.297 0 255 204
-9.285 -41.795 0.293 0 68 255
-6.179 -38.328 0.417 0 68 255
-3.967 -39.996 0.345 0 255 208
-5.369 -38.539 0.435 0 0 255
-8.185 -38.675 0.298 0 255 144
-7.084 -39.102 0.449 0 255 55
-3.402 -38.057 0.168 0 255 140
-7.800 -37.534 0.251 0 255 153
-5.269 -37.640 0.196 0 255 119
-5.393 -37.389 0.206 0 119 255
-8.225 -40.932 0.403 0 255 233
-6.662 -39.884 0.477 0 255 191
-3.471 -39.335 0.374 0 255 157
-6.276 -38.082 0.422 0 85 255
-9.354 -40.898 0.251 0 255 123
-5.777 -38.771 0.336 0 255 136
-8.327 -40.769 0.423 0 204 255
-9.369 -40.989 0.284 0 255 127
-3.380 -38.647 0.258 0 255 140
-8.226 -37.813 0.254 0 255 136
-8.308 -37.933 0.236 0 255 153
-4.931 -37.763 0.200 0 255 110
-5.254 -38.016 0.279 0 255 106
-9.592 -40.383 0.191 0 255 238
-7.548 -37.265 0.241 0 255 119
-6.209 -41.084 0.487 0 17 255
-6.454 -37.184 0.277 0 255 119
-6.599 -40.876 0.481 0 93 255
-5.199 -38.104 0.363 0 255 144
-7.686 -39.247 0.410 0 255 148
-8.015 -39.032 0.340 0 255 140
-5.359 -40.977 0.389 0 255 191
-9.113 -40.012 0.418 0 17 255
-7.250 -37.222 0.283 0 255 165
-9.252 -40.669 0.280 0 102 255
-4.278 -38.571 0.321 0 255 136
-9.357 -42.279 0.237 0 255 72
-6.949 -38.582 0.353 0 255 148
-4.080 -39.050 0.372 0 59 255
-8.386 -37.903 0.347 0 0 255
-8.801 -40.546 0.352 0 255 114
-8.035 -39.519 0.410 0 187 255
-7.179 -37.818 0.321 0 255 144
-7.450 -38.974 0.495 0 255 127
-6.523 -37.292 0.269 0 255 148
-5.339 -37.405 0.228 0 255 123
-7.667 -37.570 0.393 0 255 110
-3.663 -39.993 0.431 0 0 255
-2.516 -39.094 0.232 0 255 178
-6.813 -36.998 0.180 0 212 255
-6.885 -37.498 0.339 0 255 208
-8.600 -40.690 0.329 0 255 89
-2.399 -37.968 0.217 0 255 208
-7.841 -37.296 0.189 0 255 157
-6.328 -36.991 0.197 0 0 255
-9.089 -39.031 0.168 0 255 153
-8.207 -37.927 0.374 0 8 255
-9.517 -41.996 0.167 0 255 140
-5.444 -37.084 0.190 0 255 127
-7.504 -38.013 0.254 0 255 140
-7.759 -37.390 0.302 0 255 165
-8.123 -41.683 0.579 0 51 255
-8.983 -40.675 0.426 0 0 255
-8.287 -39.412 0.358 0 255 170
-8.229 -37.950 0.245 0 255 178
-8.155 -41.913 0.505 0 255 174
-3.305 -38.978 0.335 0 255 110
-6.976 -38.453 0.370 0 255 174
-6.069 -38.850 0.348 0 255 144
-7.103 -37.982 0.337 0 255 136
-7.354 -37.557 0.258 0 255 136
-5.588 -38.900 0.333 0 255 114
-7.125 -39.144 0.464 0 119 255
-8.277 -38.745 0.310 0 255 110
-8.132 -39.906 0.435 0 0 255
-8.386 -38.009 0.253 0 255 76
-2.731 -39.828 0.378 0 17 255
-5.102 -39.256 0.317 0 255 144
-9.243 -40.202 0.274 0 255 157
-8.564 -38.794 0.281 0 255 119
-8.888 -38.938 0.201 0 255 165
-7.679 -38.021 0.335 0 255 221
-8.734 -39.319 0.254 0 255 136
-5.959 -38.773 0.367 0 255 136
-5.994 -37.400 0.285 0 255 161
-7.525 -37.608 0.365 0 255 17
-8.581 -38.504 0.269 0 255 148
-3.125 -38.861 0.244 0 255 165
-5.483 -37.894 0.241 0 255 136
-6.526 -37.899 0.331 0 255 114
-5.947 -38.882 0.412 0 255 93
-5.745 -38.946 0.361 0 255 153
-8.038 -37.861 0.419 0 255 157
-7.963 -39.251 0.352 0 0 255
-9.309 -39.988 0.181 0 255 114
-7.222 -39.752 0.485 29 255 0
-9.042 -39.181 0.260 0 255 157
-7.362 -39.776 0.434 0 255 106
-8.567 -39.737 0.295 0 34 255
-6.766 -37.000 0.173 0 255 136
-3.995 -38.403 0.279 0 8 255
-7.655 -38.731 0.456 0 255 106
-7.528 -37.440 0.361 0 255 170
-6.759 -38.581 0.369 0 255 153
-4.459 -38.677 0.276 0 255 148
-6.028 -40.889 0.522 0 0 255
-7.187 -37.507 0.205 0 255 93
-4.156 -38.317 0.242 0 255 119
-5.881 -37.700 0.273 0 255 106
-8.045 -38.078 0.281 0 255 114
-6.592 -39.324 0.436 0 255 119
-8.772 -40.362 0.339 0 255 114
-7.193 -38.578 0.407 0 255 119
-9.401 -40.152 0.245 0 17 255
-8.971 -38.857 0.178 0 255 144
-8.429 -39.506 0.355 0 255 136
-7.870 -37.671 0.364 0 170 255
-8.078 -40.560 0.413 0 255 89
-4.958 -40.567 0.529 0 0 255
-5.816 -38.909 0.368 0 255 110
-7.959 -38.057 0.278 0 255 161
-6.276 -37.090 0.175 0 255 127
-6.558 -40.966 0.540 0 0 255
-5.276 -38.060 0.289 0 255 140
-1.875 -38.066 0.246 0 255 85
-3.148 -38.397 0.194 0 255 131
-7.813 -37.524 0.466 0 255 242
-7.771 -41.023 0.428 0 255 131
-8.525 -40.950 0.461 0 0 255
-6.586 -39.507 0.411 0 255 127
-5.206 -39.641 0.374 0 255 140
-9.208 -39.924 0.317 0 255 119
-8.923 -43.113 0.313 0 0 255
-3.439 -37.981 0.153 0 255 144
-7.490 -38.290 0.390 0 255 140
-6.526 -37.390 0.290 0 255 178
-8.483 -38.301 0.266 0 255 136
-1.814 -39.415 0.462 0 255 161
-6.799 -36.747 0.240 0 255 148
