3.740 -9.251 0.318 0 0 255
3.764 -9.404 0.779 0 255 199
3.079 -8.331 0.214 0 255 161
3.416 -9.025 0.351 0 255 221
3.733 -9.505 0.964 0 0 255
3.289 -10.082 0.250 0 255 216
3.016 -8.276 0.231 0 204 255
3.876 -9.713 0.463 0 68 255
4.112 -8.164 0.179 0 255 80
3.761 -9.252 0.879 0 255 63
3.734 -9.447 0.580 0 255 148
4.836 -9.316 0.252 0 102 255
4.068 -8.567 0.274 0 246 255
3.450 -7.419 0.217 0 255 0
3.978 -9.303 0.331 0 255 123
2.832 -10.186 0.313 0 25 255
3.441 -7.681 0.167 0 255 76
3.362 -9.942 0.345 0 255 187
3.741 -9.410 0.656 0 255 68
3.624 -9.517 0.210 0 212 255
3.740 -9.401 0.173 0 0 255
2.443 -6.613 0.161 0 51 255
3.766 -9.244 0.962 0 0 255
3.699 -9.297 0.679 0 0 255
3.436 -9.371 0.258 0 255 136
2.763 -9.403 0.197 0 8 255
2.618 -8.212 0.173 0 0 255
3.825 -9.614 0.459 0 255 212
3.729 -9.247 0.437 0 255 148
2.755 -9.196 0.294 0 25 255
3.295 -7.414 0.172 0 255 153
3.332 -9.070 0.419 0 195 255
3.843 -9.524 0.353 0 255 225
5.145 -8.594 0.213 0 153 255
3.679 -10.150 0.164 0 204 255
4.011 -9.460 0.498 0 17 255
2.557 -7.737 0.292 0 17 255
3.747 -8.392 0.488 0 0 255
3.718 -9.462 0.762 0 0 255
2.609 -7.998 0.259 0 0 255
2.384 -6.376 0.316 0 25 255
5.798 -10.458 0.221 0 8 255
3.618 -8.914 0.177 0 51 255
5.700 -9.700 0.227 0 119 255
4.109 -9.133 0.463 0 34 255
4.127 -8.555 0.203 0 255 157
3.733 -9.357 0.876 0 255 38
4.974 -9.227 0.561 0 0 255
4.211 -9.181 0.499 0 0 255
4.896 -9.374 0.494 0 8 255
3.816 -8.360 0.424 0 93 255
3.928 -9.260 0.404 0 255 153
4.874 -8.951 0.340 0 51 255
3.363 -8.742 0.304 0 255 97
3.240 -9.975 0.381 0 8 255
4.104 -9.106 0.414 0 17 255
4.812 -9.340 0.342 0 0 255
4.059 -9.299 0.488 0 255 157
4.126 -9.143 0.462 0 42 255
3.166 -8.640 0.151 0 255 153
3.849 -9.760 0.420 0 68 255
3.989 -8.173 0.214 0 25 255
3.732 -9.268 0.727 0 17 255
3.832 -9.356 0.257 0 255 191
2.373 -5.770 0.323 0 59 255
4.045 -9.178 0.509 0 76 255
3.997 -9.251 0.374 0 255 144
3.117 -8.356 0.190 0 255 191
3.322 -8.940 0.288 0 255 127
3.412 -8.373 0.229 0 255 127
3.735 -9.350 0.544 0 8 255
3.513 -8.772 0.377 0 255 187
2.921 -9.902 0.186 0 255 174
3.287 -8.439 0.222 0 255 246
4.344 -8.789 0.151 0 255 131
3.510 -8.623 0.171 0 255 127
3.128 -8.074 0.166 0 255 72
4.913 -10.213 0.279 0 255 161
3.632 -8.646 0.306 0 212 255
3.214 -10.024 0.273 0 255 170
3.113 -8.560 0.181 0 255 199
3.271 -9.961 0.302 0 255 144
2.423 -6.700 0.286 0 0 255
3.842 -9.570 0.272 0 255 97
3.340 -9.184 0.258 0 255 131
2.748 -8.748 0.266 0 0 255
2.651 -8.172 0.211 0 127 255
3.338 -8.088 0.301 34 255 0
3.702 -8.791 0.186 0 0 255
2.866 -10.141 0.310 0 0 255
4.116 -9.178 0.535 0 0 255
3.680 -8.599 0.289 0 102 255
5.167 -9.070 0.206 0 0 255
3.930 -8.637 0.207 0 8 255
2.865 -10.106 0.286 0 25 255
3.864 -8.355 0.166 0 255 131
3.614 -8.495 0.181 0 255 21
3.569 -10.130 0.455 0 68 255
3.236 -10.041 0.210 0 204 255
3.755 -9.225 0.689 0 255 106
3.643 -10.160 0.167 0 255 208
2.391 -6.030 0.172 0 255 148
3.341 -10.182 0.315 0 255 174
3.536 -7.125 0.188 0 255 191
3.209 -8.853 0.523 0 0 255
2.672 -8.612 0.308 0 0 255
3.596 -9.888 0.271 0 0 255
2.697 -8.980 0.271 0 17 255
3.628 -9.184 0.347 0 255 216
6.028 -10.340 0.259 0 0 255
3.602 -9.944 0.220 0 255 178
3.763 -9.490 0.881 0 255 127
3.785 -8.292 0.673 0 212 255
2.627 -8.402 0.267 0 0 255
3.307 -9.101 0.329 0 255 170
3.965 -8.632 0.282 0 255 153
3.775 -9.410 0.646 0 0 255
3.295 -9.077 0.243 0 255 246
2.832 -9.827 0.155 0 8 255
3.179 -10.237 0.181 0 0 255
2.806 -9.399 0.210 0 25 255
2.741 -9.075 0.305 0 25 255
3.598 -9.065 0.287 0 255 225
3.346 -9.946 0.176 0 255 216
2.584 -7.978 0.277 0 0 255
2.445 -6.891 0.308 0 25 255
3.690 -7.742 0.243 0 255 221
2.562 -7.591 0.297 0 17 255
3.730 -9.291 1.048 0 25 255
5.644 -9.632 0.179 0 255 140
3.575 -10.108 0.434 0 0 255
2.676 -8.702 0.300 0 17 255
3.656 -8.720 0.287 0 110 255
3.739 -9.340 0.629 0 255 165
3.644 -8.290 0.495 0 255 229
3.510 -8.664 0.159 0 255 93
3.466 -8.499 0.203 0 255 174
3.041 -8.583 0.170 0 255 123
3.596 -9.205 0.311 0 255 212
3.909 -9.640 0.503 0 25 255
3.627 -9.047 0.294 0 0 255
3.371 -8.352 0.190 0 255 123
2.810 -9.421 0.272 0 0 255
3.332 -8.749 0.296 0 255 195
3.274 -8.890 0.268 0 255 114
3.540 -8.894 0.247 0 8 255
4.061 -8.634 0.274 0 17 255
2.527 -7.446 0.305 0 8 255
3.650 -9.312 0.245 0 255 187
2.695 -8.493 0.242 0 25 255
4.806 -8.500 0.176 0 255 255
3.502 -8.687 0.323 0 255 148
3.666 -9.298 0.211 0 0 255
3.725 -9.519 0.743 0 0 255
3.314 -8.967 0.339 0 255 140
2.513 -6.093 0.151 0 255 157
3.321 -8.350 0.172 0 255 144
3.194 -8.843 0.530 0 0 255
3.231 -10.016 0.385 0 17 255
2.754 -9.091 0.175 0 255 144
5.141 -9.084 0.287 0 25 255
2.788 -9.577 0.295 0 17 255
3.443 -9.099 0.216 0 51 255
3.305 -9.012 0.315 0 136 255
3.213 -8.208 0.196 0 255 106
3.309 -8.319 0.177 0 255 136
3.918 -6.829 0.165 0 255 136
3.818 -9.337 0.445 0 8 255
5.128 -9.073 0.266 0 8 255
3.308 -9.937 0.340 0 255 191
5.706 -9.573 0.203 0 8 255
2.475 -6.984 0.167 0 59 255
3.587 -9.080 0.310 0 255 174
3.932 -8.677 0.186 0 0 255
3.490 -8.827 0.399 0 255 255
2.357 -6.262 0.349 0 0 255
3.362 -8.644 0.265 0 76 255
3.552 -10.049 0.388 0 255 140
2.404 -5.836 0.157 0 59 255
3.364 -9.999 0.395 0 187 255
2.621 -7.888 0.183 0 119 255
4.983 -9.242 0.671 0 0 255
3.948 -8.313 0.165 0 255 208
2.791 -9.116 0.279 0 8 255
3.624 -9.335 0.290 0 255 140
3.759 -9.408 0.826 0 59 255
3.274 -10.048 0.227 0 255 216
3.741 -9.269 0.821 0 255 182
4.129 -9.200 0.448 0 0 255
3.717 -9.242 0.416 0 255 93
3.419 -8.935 0.187 0 246 255
2.392 -6.332 0.248 0 0 255
3.346 -8.894 0.230 0 255 127
3.954 -9.499 0.455 0 0 255
3.746 -9.179 0.914 0 255 42
3.277 -9.982 0.291 0 255 123
3.722 -9.302 0.930 0 34 255
3.304 -8.397 0.260 0 255 199
4.869 -9.257 0.411 0 0 255
3.859 -8.800 0.148 0 68 255
3.755 -9.321 0.695 0 0 255
3.716 -9.206 0.568 0 255 21
3.187 -10.052 0.240 0 110 255
3.967 -9.532 0.508 0 59 255
3.740 -9.305 0.636 0 255 170
3.707 -7.722 0.208 0 255 157
3.848 -9.434 0.331 0 255 246
2.612 -8.103 0.311 0 0 255
3.540 -8.746 0.169 0 255 178
4.826 -9.329 0.215 0 0 255
3.725 -7.001 0.182 0 0 255
3.847 -9.642 0.385 0 178 255
3.235 -10.138 0.233 0 255 242
3.359 -8.970 0.340 0 238 255
4.287 -9.332 0.229 0 0 255
2.846 -9.678 0.295 0 0 255
2.352 -6.234 0.353 0 17 255
3.627 -7.161 0.201 0 255 144
3.721 -9.270 0.441 0 255 174
3.858 -9.560 0.338 0 255 250
3.761 -9.214 0.920 0 17 255
3.387 -9.957 0.240 0 178 255
5.248 -8.953 0.180 0 119 255
3.836 -9.681 0.189 0 255 204
2.811 -9.634 0.263 0 17 255
3.422 -8.785 0.337 0 255 127
3.930 -8.821 0.168 0 255 187
3.558 -9.163 0.336 0 255 148
5.803 -9.576 0.215 0 0 255
3.893 -6.838 0.197 0 102 255
3.521 -8.616 0.353 0 255 144
3.249 -10.024 0.410 0 0 255
2.864 -10.147 0.284 0 0 255
5.032 -9.173 0.633 0 0 255
3.948 -9.648 0.507 0 34 255
3.842 -9.530 0.207 0 255 208
3.877 -9.756 0.211 0 153 255
3.609 -8.744 0.297 0 255 191
3.962 -6.805 0.158 0 255 161
3.864 -9.583 0.467 0 153 255
3.071 -8.246 0.178 0 255 170
3.279 -9.019 0.260 0 255 106
3.835 -7.506 0.186 0 255 140
3.741 -6.895 0.166 0 255 233
3.377 -8.317 0.207 0 255 89
3.421 -9.054 0.259 0 255 212
3.458 -9.014 0.262 0 255 174
3.679 -7.034 0.404 0 0 255
3.473 -8.280 0.179 0 255 148
5.865 -9.641 0.164 0 68 255
3.173 -9.000 0.290 0 255 157
3.459 -10.206 0.433 0 17 255
3.822 -9.486 0.344 0 59 255
3.833 -9.244 0.231 0 255 136
3.540 -9.928 0.343 0 59 255
3.323 -9.136 0.388 0 255 165
3.375 -8.788 0.433 0 255 170
3.563 -8.821 0.389 0 255 165
2.559 -7.566 0.300 0 0 255
3.684 -9.273 0.606 0 170 255
3.840 -9.381 0.220 0 0 255
3.772 -9.073 0.270 0 8 255
3.357 -9.381 0.240 0 255 157
3.353 -8.938 0.219 0 42 255
3.850 -9.605 0.358 0 255 225
3.334 -9.376 0.266 0 0 255
3.380 -9.276 0.254 0 255 140
2.866 -10.202 0.330 0 0 255
2.756 -8.303 0.158 0 238 255
3.645 -8.795 0.321 0 255 170
4.061 -9.255 0.457 0 8 255
4.124 -9.326 0.305 0 255 123
3.704 -9.264 0.963 0 255 85
3.889 -8.332 0.454 0 0 255
3.878 -8.743 0.211 0 255 140
3.726 -8.351 0.520 0 0 255
2.836 -9.809 0.249 0 0 255
4.033 -9.312 0.426 0 25 255
2.582 -7.763 0.271 0 8 255
3.323 -8.885 0.419 0 119 255
3.224 -8.031 0.153 0 255 123
3.438 -9.288 0.269 0 255 165
3.695 -8.328 0.454 0 76 255
3.649 -8.635 0.335 0 178 255
4.901 -9.261 0.451 0 25 255
3.739 -8.397 0.451 0 0 255
2.508 -7.210 0.282 0 8 255
3.867 -6.621 0.348 0 0 255
3.756 -9.412 0.621 0 59 255
3.336 -10.004 0.404 0 25 255
4.859 -9.248 0.434 0 0 255
3.290 -10.163 0.253 0 51 255
3.422 -9.876 0.392 0 0 255
3.101 -8.522 0.214 0 255 165
2.368 -6.023 0.271 0 8 255
4.053 -8.826 0.237 0 255 165
3.675 -8.363 0.150 0 255 131
2.505 -7.371 0.297 0 0 255
2.876 -10.192 0.234 0 51 255
3.849 -8.823 0.151 0 161 255
3.891 -9.305 0.231 0 8 255
3.230 -9.938 0.236 0 255 225
3.597 -10.159 0.496 0 8 255
2.490 -7.204 0.306 0 17 255
4.932 -9.267 0.552 0 0 255
2.776 -8.981 0.180 0 0 255
2.397 -6.481 0.306 0 8 255
3.226 -8.864 0.526 0 17 255
3.887 -9.707 0.264 0 0 255
3.301 -9.141 0.275 0 255 165
3.605 -9.147 0.327 0 255 165
3.410 -9.002 0.230 0 255 170
3.704 -9.219 0.910 0 255 68
3.833 -8.805 0.219 0 255 123
2.768 -9.397 0.280 0 17 255
3.357 -8.977 0.316 0 255 144
4.019 -9.291 0.438 0 0 255
6.133 -10.334 0.224 0 8 255
2.527 -7.363 0.158 0 34 255
3.317 -8.762 0.156 0 255 178
3.856 -7.482 0.179 0 255 157
3.724 -9.332 0.725 0 0 255
3.303 -9.046 0.170 0 255 221
3.374 -9.219 0.353 0 255 233
3.753 -9.464 0.727 0 255 131
2.372 -6.132 0.280 0 25 255
3.858 -9.695 0.296 0 153 255
4.957 -9.303 0.631 0 0 255
3.515 -9.126 0.334 0 255 221
2.442 -5.830 0.293 0 8 255
4.013 -8.151 0.211 0 136 255
3.253 -9.922 0.171 0 153 255
3.308 -8.396 0.202 0 255 216
2.597 -8.108 0.276 0 0 255
2.926 -10.229 0.270 0 0 255
2.333 -6.204 0.322 0 42 255
2.735 -9.262 0.248 0 8 255
2.559 -7.713 0.260 0 8 255
3.870 -6.620 0.321 0 76 255
3.742 -9.429 1.055 0 0 255
3.523 -7.159 0.244 0 255 131
3.495 -9.036 0.212 0 255 144
3.483 -9.074 0.175 0 0 255
3.566 -9.942 0.274 0 68 255
3.498 -9.343 0.210 0 255 161
3.704 -9.257 0.204 0 0 255
2.458 -6.630 0.191 0 51 255
2.303 -6.026 0.167 0 255 165
3.374 -9.169 0.253 0 255 127
2.780 -9.484 0.275 0 17 255
3.220 -7.223 0.197 0 255 140
3.215 -8.861 0.449 0 153 255
3.431 -9.961 0.400 0 0 255
3.859 -9.292 0.398 0 255 153
5.301 -9.016 0.213 0 0 255
3.938 -9.323 0.308 0 255 187
3.558 -10.131 0.442 0 0 255
3.858 -9.743 0.440 0 255 250
3.989 -9.088 0.374 0 204 255
3.477 -8.733 0.425 0 255 208
4.806 -8.915 0.353 0 17 255
3.606 -8.738 0.289 0 255 144
2.839 -9.456 0.204 0 8 255
6.019 -10.370 0.230 0 8 255
3.437 -7.398 0.200 0 255 76
2.748 -8.994 0.199 0 59 255
2.797 -9.644 0.294 0 8 255
2.404 -6.134 0.248 0 0 255
3.885 -8.304 0.293 0 51 255
3.572 -8.589 0.186 0 0 255
3.848 -8.799 0.227 0 34 255
3.250 -9.994 0.148 0 255 199
3.822 -9.467 0.505 0 255 246
3.485 -8.335 0.152 0 255 131
3.045 -8.131 0.148 0 255 144
2.553 -7.691 0.310 0 8 255
3.732 -9.290 0.762 0 0 255
2.391 -6.136 0.175 0 255 250
3.856 -9.753 0.395 0 229 255
3.647 -6.791 0.152 0 255 136
3.750 -9.449 0.973 0 255 114
3.697 -8.733 0.252 0 255 114
3.538 -9.061 0.309 0 178 255
3.313 -9.098 0.295 0 255 123
3.528 -9.979 0.246 0 255 136
3.296 -8.650 0.257 0 255 233
3.720 -9.436 0.929 0 42 255
3.893 -9.670 0.532 0 255 148
3.854 -9.731 0.513 0 255 182
3.357 -9.040 0.318 0 255 208
3.828 -8.176 0.213 0 255 191
3.448 -9.453 0.204 0 212 255
3.390 -9.296 0.234 0 255 246
3.443 -9.333 0.203 0 255 195
3.240 -9.898 0.278 0 0 255
3.983 -9.542 0.489 0 85 255
3.329 -9.372 0.185 0 255 144
3.776 -9.449 0.925 0 255 182
5.190 -9.168 0.220 0 0 255
3.372 -8.490 0.289 0 255 208
3.741 -8.337 0.161 0 255 119
3.209 -8.378 0.150 0 255 178
3.392 -10.107 0.306 0 0 255
2.359 -6.239 0.271 0 8 255
3.408 -8.971 0.204 0 255 178
3.741 -9.269 0.786 0 255 161
2.578 -5.899 0.171 55 255 0
4.037 -9.105 0.492 0 42 255
3.974 -9.068 0.423 0 187 255
4.032 -9.688 0.502 0 42 255
4.016 -8.383 0.151 0 255 195
3.743 -9.330 1.015 0 195 255
2.996 -10.205 0.299 0 59 255
2.367 -5.733 0.330 0 8 255
3.668 -9.063 0.253 0 0 255
3.318 -8.511 0.295 0 255 191
2.506 -7.341 0.307 0 25 255
3.382 -9.264 0.273 0 255 229
2.371 -6.292 0.311 0 8 255
4.023 -9.644 0.495 0 59 255
2.645 -8.358 0.284 0 17 255
3.556 -7.486 0.186 0 255 144
2.819 -9.553 0.258 0 8 255
3.749 -9.458 0.935 0 0 255
2.546 -7.649 0.306 0 0 255
2.576 -7.738 0.312 0 0 255
3.312 -9.185 0.168 0 255 110
3.379 -8.094 0.184 0 255 204
3.500 -8.789 0.433 0 255 165
4.153 -9.215 0.322 0 8 255
3.924 -8.331 0.255 0 170 255
3.591 -8.436 0.186 0 0 255
3.125 -7.206 0.188 0 255 165
3.390 -9.006 0.324 0 255 170
2.594 -8.229 0.276 0 0 255
4.030 -8.181 0.158 0 255 242
3.877 -9.503 0.290 0 255 178
3.465 -8.783 0.322 0 255 161
2.736 -9.072 0.278 0 0 255
3.750 -7.762 0.218 0 255 136
3.766 -9.278 0.526 0 255 63
4.785 -9.329 0.321 0 17 255
3.968 -8.238 0.187 0 255 97
3.303 -8.992 0.334 0 255 221
3.209 -9.040 0.352 0 255 157
3.693 -9.243 0.796 0 153 255
3.132 -8.086 0.166 0 255 127
4.081 -8.541 0.174 0 255 153
3.570 -8.905 0.181 0 255 140
3.166 -8.494 0.185 0 255 191
2.429 -6.053 0.202 0 0 255
5.241 -9.126 0.248 0 255 204
3.537 -8.690 0.190 0 17 255
3.239 -10.075 0.242 0 17 255
3.514 -9.940 0.364 0 255 195
2.777 -9.524 0.251 0 17 255
3.646 -6.381 0.149 0 255 148
2.628 -8.176 0.259 0 0 255
2.848 -9.696 0.296 0 0 255
3.450 -8.644 0.213 0 255 195
3.481 -9.946 0.371 0 255 170
3.403 -9.023 0.270 0 255 170
2.583 -7.595 0.298 0 0 255
3.464 -8.605 0.255 0 255 157
3.673 -10.217 0.406 0 255 170
2.404 -6.380 0.301 0 0 255
4.038 -8.873 0.207 0 161 255
3.192 -10.103 0.223 0 255 233
3.329 -8.668 0.322 0 255 216
2.830 -9.179 0.185 0 0 255
3.467 -9.927 0.366 0 255 178
4.098 -9.237 0.460 0 255 182
3.761 -8.410 0.151 0 25 255
3.529 -8.404 0.154 0 255 161
2.582 -8.233 0.300 0 8 255
2.897 -10.204 0.314 0 8 255
3.186 -7.178 0.152 0 0 255
3.275 -8.835 0.504 0 255 216
3.454 -8.730 0.414 0 255 170
3.263 -9.983 0.374 0 255 208
3.922 -8.679 0.183 0 255 119
3.679 -8.590 0.178 0 255 89
4.074 -9.706 0.483 0 0 255
2.566 -7.771 0.310 0 8 255
3.874 -9.741 0.443 0 0 255
3.913 -8.967 0.225 0 0 255
2.390 -5.974 0.198 0 255 191
2.890 -10.236 0.158 0 0 255
3.669 -8.685 0.223 0 255 199
2.893 -10.254 0.156 0 0 255
2.765 -9.527 0.272 0 17 255
3.455 -9.039 0.345 0 255 225
2.383 -6.171 0.169 0 255 157
3.489 -9.133 0.197 0 170 255
3.828 -8.319 0.523 0 0 255
2.749 -9.241 0.301 0 8 255
2.573 -7.765 0.185 0 51 255
2.367 -6.159 0.176 0 119 255
2.472 -6.070 0.172 0 255 182
3.246 -10.010 0.347 0 178 255
2.908 -9.859 0.158 0 119 255
3.783 -9.269 0.509 0 229 255
3.344 -7.993 0.167 0 255 153
4.961 -9.224 0.581 0 85 255
2.560 -7.521 0.299 0 0 255
3.707 -9.251 0.490 0 255 127
3.844 -9.499 0.258 0 255 170
3.636 -8.491 0.156 0 0 255
5.203 -9.020 0.251 0 102 255
3.865 -9.788 0.515 0 0 255
3.496 -8.971 0.235 0 59 255
3.747 -9.388 0.721 0 255 68
4.043 -9.238 0.227 0 255 119
2.444 -6.120 0.221 0 0 255
4.977 -9.287 0.658 0 0 255
2.596 -8.217 0.186 0 51 255
3.659 -6.352 0.148 0 255 136
3.722 -9.271 0.351 0 229 255
3.893 -8.939 0.241 0 8 255
2.373 -5.960 0.153 0 255 165
3.450 -8.998 0.276 0 127 255
4.084 -9.325 0.476 0 0 255
3.984 -8.218 0.226 0 0 255
3.563 -8.914 0.178 0 93 255
3.736 -8.663 0.230 0 0 255
3.451 -8.772 0.326 0 102 255
3.875 -9.281 0.227 0 255 195
3.544 -8.429 0.178 0 255 119
3.843 -8.366 0.385 0 17 255
3.848 -9.282 0.447 0 255 165
2.675 -8.778 0.269 0 17 255
2.808 -9.423 0.262 0 8 255
3.833 -8.252 0.483 0 0 255
5.009 -9.259 0.696 0 8 255
3.535 -9.030 0.349 0 255 157
4.083 -9.298 0.285 0 255 157
2.392 -6.533 0.291 0 25 255
3.697 -9.230 0.891 0 255 157
3.847 -9.661 0.307 0 255 238
3.658 -9.219 0.224 0 255 144
3.653 -7.018 0.336 0 8 255
3.397 -9.020 0.154 0 17 255
3.342 -9.374 0.206 0 255 182
4.083 -9.275 0.461 0 127 255
3.044 -8.231 0.197 0 255 157
3.301 -8.313 0.203 0 255 170
3.165 -1.020 0.292 0 17 255
8.564 0.617 -0.366 0 85 255
5.930 -5.611 0.209 0 255 131
5.128 -6.144 0.203 0 255 148
2.774 -2.668 0.308 0 8 255
6.256 1.792 -0.260 0 34 255
3.214 -4.188 0.170 0 255 114
6.604 -4.800 0.199 0 255 195
4.604 -5.876 0.162 0 255 153
2.887 -2.995 0.202 0 255 110
3.457 -3.565 0.169 0 255 68
5.570 -8.261 0.199 0 195 255
5.616 -8.215 0.387 0 34 255
2.990 -1.645 0.381 0 34 255
6.395 -1.953 3.705 0 0 255
6.141 -5.907 0.403 0 161 255
5.251 -5.832 0.234 0 255 191
4.805 -4.233 0.152 0 255 89
2.905 -2.313 0.150 0 0 255
6.182 -1.631 3.601 0 0 255
5.152 -7.148 0.155 0 8 255
8.231 -9.886 0.166 0 0 255
5.485 -6.489 0.215 0 255 72
7.259 -9.303 0.214 0 0 255
3.100 -1.093 0.375 0 34 255
2.665 -3.020 0.353 0 17 255
6.643 -6.542 0.302 0 195 255
5.036 -5.171 0.162 0 255 157
3.082 -2.220 0.203 0 255 212
5.316 -4.549 0.194 0 229 255
3.343 -1.826 0.201 0 255 119
8.115 0.554 -0.297 0 255 148
5.071 -5.773 0.189 0 255 136
2.679 -3.877 0.163 0 255 238
3.293 -3.625 0.167 0 255 148
5.317 -6.011 0.410 0 0 255
3.374 -2.804 1.390 0 0 255
4.808 -7.570 0.335 0 8 255
3.244 -2.709 0.153 0 255 140
4.734 -6.049 0.345 0 0 255
5.459 -5.345 0.193 0 255 136
7.005 0.120 1.345 0 76 255
5.527 -6.125 0.387 0 0 255
5.619 -5.916 0.231 0 255 68
2.948 -4.049 0.185 0 8 255
2.864 -2.272 0.172 0 25 255
6.704 -6.993 0.300 0 246 255
3.119 -1.286 0.354 0 0 255
2.659 -3.378 0.152 0 0 255
6.164 -1.641 3.570 0 93 255
4.582 -4.460 0.159 0 255 119
7.082 -0.644 2.918 0 0 255
5.607 -5.958 0.294 0 255 153
6.841 -2.088 3.969 0 34 255
4.671 -7.051 0.155 0 255 29
7.600 -0.879 3.146 0 42 255
6.499 -5.198 0.277 0 255 199
3.047 -1.424 0.238 0 25 255
5.753 -4.260 0.211 0 85 255
5.760 -6.051 0.267 0 255 136
2.769 -3.032 0.207 0 255 212
5.775 0.138 0.590 0 17 255
6.693 -2.095 3.687 0 8 255
2.769 -2.478 0.389 0 17 255
3.965 -4.515 0.170 0 255 114
3.002 -2.214 0.199 0 255 114
2.521 -3.980 0.360 0 0 255
6.604 -6.966 0.289 0 255 148
7.602 -7.037 0.409 0 255 221
3.194 -1.371 0.179 0 255 204
8.011 -4.790 0.291 0 0 255
3.297 -0.324 0.368 0 25 255
2.680 -2.887 0.349 0 0 255
4.039 -4.851 0.180 0 255 42
6.464 -8.368 0.263 0 0 255
6.361 -9.835 0.308 0 0 255
3.702 -4.042 0.161 0 255 144
5.054 -5.269 0.149 0 255 161
6.223 -5.586 0.175 0 255 127
3.769 -5.572 0.177 0 255 161
6.137 -5.227 0.194 0 255 161
3.239 -1.541 0.201 0 255 34
3.070 -2.676 0.150 0 255 127
2.724 -2.985 0.150 0 0 255
2.810 -3.105 0.200 0 42 255
6.955 -0.590 2.813 0 102 255
4.351 -4.247 0.160 0 255 144
3.212 -4.145 0.214 0 255 153
2.750 -2.632 0.399 0 8 255
2.804 -2.825 0.185 0 255 165
5.039 -6.537 0.193 0 255 123
3.132 -2.688 0.153 0 255 144
3.620 -0.391 0.263 0 221 255
6.269 -6.030 0.230 0 255 170
1.522 0.892 1.754 0 0 255
6.465 -9.911 0.214 0 34 255
6.565 -5.639 0.294 0 255 157
4.593 -5.407 0.230 0 255 148
5.487 -6.168 0.451 0 0 255
6.593 -9.379 0.250 0 255 221
5.860 -7.354 0.350 0 0 255
6.790 -2.221 3.769 0 0 255
2.761 -2.920 0.353 0 0 255
3.017 -3.059 0.192 0 255 55
2.538 -4.130 0.343 0 0 255
6.031 -4.800 0.194 0 255 250
7.405 0.136 1.040 0 42 255
8.629 -5.666 0.457 0 0 255
5.883 -5.961 0.273 0 255 34
6.595 -5.593 0.379 0 17 255
6.915 -7.974 0.253 0 76 255
3.063 -1.477 0.254 0 255 238
5.584 -5.926 0.203 0 255 114
4.899 -7.509 0.267 0 0 255
5.595 -8.033 0.295 0 0 255
6.669 -5.666 0.403 0 8 255
2.502 -4.511 0.328 0 0 255
5.123 -8.231 0.233 0 246 255
4.867 -4.794 0.157 0 255 131
5.809 0.189 0.566 0 0 255
2.717 -3.056 0.347 0 8 255
8.188 0.476 0.277 0 255 165
6.294 -4.061 0.166 0 17 255
3.304 -4.056 0.207 0 255 119
4.502 -5.281 0.162 0 255 131
6.671 -9.792 0.198 0 8 255
2.802 -2.438 0.398 0 17 255
7.684 -0.950 3.188 0 0 255
6.744 -8.988 0.386 0 34 255
6.176 -2.271 3.830 0 0 255
2.577 -3.700 0.418 0 0 255
3.190 -1.037 0.265 0 0 255
4.224 -4.821 0.157 0 255 8
5.193 -6.054 0.170 0 255 136
5.708 -5.416 0.242 0 255 42
4.612 -5.532 0.199 0 255 216
5.738 -6.252 0.265 0 255 114
3.195 -0.773 0.417 0 85 255
5.850 -7.241 0.604 0 127 255
5.142 -4.756 0.238 0 255 114
2.818 -2.352 0.150 0 255 195
8.127 0.458 -0.248 0 255 136
3.142 -0.985 0.373 0 8 255
8.686 0.239 0.469 0 255 178
5.879 -5.684 0.221 0 255 191
2.486 -4.167 0.387 0 34 255
5.516 -5.269 0.188 0 255 136
6.900 -0.313 2.604 0 34 255
6.471 -9.265 0.171 0 255 165
5.478 -6.071 0.493 0 51 255
3.298 -0.422 0.386 0 0 255
8.120 0.579 -0.230 0 255 114
6.622 -4.922 0.209 0 59 255
5.201 -6.148 0.267 0 255 199
3.553 -3.949 0.188 0 255 102
2.924 -2.153 0.162 0 255 187
3.517 -4.107 0.168 0 255 127
8.193 0.484 0.280 0 255 153
3.104 -1.439 0.173 0 51 255
6.756 -6.535 0.184 0 255 157
8.160 -9.995 0.176 0 51 255
4.038 -6.579 0.322 0 0 255
3.312 -0.677 0.263 0 8 255
5.131 -4.775 0.162 0 255 106
3.081 -2.647 0.159 0 255 110
6.552 -6.951 0.401 0 0 255
3.154 -1.331 0.208 0 255 144
8.130 0.261 0.157 0 42 255
7.085 -0.704 2.967 0 59 255
7.075 -5.012 0.242 0 255 114
5.447 -4.850 0.182 0 255 136
8.249 0.396 0.408 0 255 174
3.608 -0.441 0.376 0 0 255
6.626 -1.865 3.587 0 8 255
5.294 -4.915 0.154 0 255 119
3.050 -1.729 0.194 0 255 110
6.444 0.214 0.764 0 85 255
3.154 -0.948 0.391 0 8 255
3.564 -3.813 0.204 0 255 80
5.808 0.211 1.447 0 127 255
2.861 -2.443 0.182 0 255 131
2.760 -2.811 0.401 0 0 255
4.712 -5.590 0.204 0 255 72
3.956 -3.564 0.244 8 255 0
4.939 -6.364 0.159 0 255 144
5.922 -5.655 0.278 0 255 165
8.149 -10.012 0.191 0 0 255
8.103 0.417 -0.270 0 255 170
5.509 -4.607 0.195 0 255 148
3.324 -1.710 0.180 0 255 170
3.166 -4.151 0.214 0 255 119
6.252 0.848 -0.249 0 102 255
4.336 -3.932 0.157 0 255 106
2.974 -2.185 0.171 0 255 174
3.979 -3.785 0.196 0 119 255
6.225 -3.966 0.169 0 0 255
5.017 -4.720 0.219 0 255 250
6.526 -5.023 0.214 0 255 123
7.506 -9.955 0.211 0 68 255
5.656 -5.804 0.310 0 136 255
5.139 -5.289 0.216 0 255 102
5.614 -5.037 0.221 0 255 17
6.800 -9.031 0.412 0 0 255
5.232 -6.106 0.202 0 255 131
3.266 -1.363 0.181 0 255 144
6.668 -5.810 0.286 0 8 255
5.762 -7.361 0.335 0 17 255
7.051 -0.643 2.918 0 25 255
3.149 -2.177 0.155 0 255 165
4.566 -5.372 0.185 0 255 123
5.659 -4.278 0.171 0 255 127
8.953 0.530 0.422 0 255 148
3.034 -1.419 0.369 0 34 255
6.703 -5.840 0.380 0 153 255
5.550 -5.884 0.291 0 255 229
3.980 -3.790 0.229 0 255 127
2.868 -2.731 0.150 0 0 255
5.758 -8.919 0.209 0 17 255
7.064 -0.709 2.981 0 25 255
4.172 -6.797 0.197 0 25 255
5.807 0.253 1.296 0 0 255
3.524 -3.689 0.220 0 255 170
7.416 1.105 -0.336 0 8 255
5.171 -6.324 0.152 0 0 255
4.888 -6.103 0.148 0 255 153
6.109 -5.021 0.177 0 255 136
5.826 0.180 -0.245 0 59 255
6.498 -9.257 0.156 0 0 255
6.041 -1.345 3.482 0 161 255
4.332 -4.627 0.176 0 255 106
5.868 1.035 -0.220 0 76 255
5.430 -7.541 0.189 0 42 255
6.854 0.014 2.307 0 0 255
5.622 -5.213 0.178 0 255 144
2.955 -2.636 0.195 0 255 157
5.397 -4.875 0.146 0 255 161
5.537 -5.922 0.443 0 0 255
5.794 0.150 0.793 0 0 255
6.076 -1.511 3.567 0 0 255
5.247 -6.277 0.191 0 255 174
3.617 -0.407 0.408 0 0 255
6.192 -1.681 3.557 0 25 255
3.133 -2.672 0.175 0 255 153
5.093 -7.159 0.198 0 255 127
4.729 -6.027 0.349 0 25 255
2.858 -2.271 0.242 0 25 255
6.371 -5.396 0.159 0 255 195
2.962 -2.189 0.193 0 255 148
7.763 -8.875 0.189 0 0 255
2.691 -4.162 0.158 0 255 157
2.786 -2.903 0.213 0 255 161
5.507 -6.267 0.294 0 255 157
5.079 -2.970 1.079 0 255 161
8.199 0.373 0.358 0 127 255
6.367 -5.558 0.183 0 255 140
2.973 -3.051 0.169 0 255 85
7.160 0.199 0.659 0 85 255
5.920 -5.619 0.251 0 255 170
3.252 -0.596 0.367 0 0 255
5.321 -8.257 0.201 0 0 255
5.638 -8.255 0.282 0 0 255
7.988 -6.828 0.290 0 255 182
6.785 -6.892 0.287 0 178 255
5.811 0.240 0.518 0 8 255
7.422 0.203 0.374 0 8 255
6.018 -0.841 3.459 0 0 255
3.312 -3.990 0.190 0 255 136
6.444 -8.477 0.264 0 0 255
4.909 -5.479 0.190 0 255 123
2.864 -2.244 0.170 0 17 255
3.390 -2.784 1.244 0 255 136
5.682 -5.172 0.177 0 255 233
3.483 -3.625 0.203 0 255 110
5.635 -5.468 0.162 0 255 102
3.600 -3.904 0.156 0 255 144
5.998 -1.240 3.488 0 0 255
3.367 -3.906 0.171 0 255 144
8.666 -9.149 0.180 0 8 255
6.281 -5.945 0.260 0 255 131
2.930 -2.297 0.165 0 102 255
4.149 -4.458 0.158 0 255 131
2.755 -2.750 0.352 0 0 255
5.838 -9.552 0.285 0 42 255
8.123 0.243 -0.228 0 255 127
5.858 0.381 -0.187 0 42 255
5.993 -0.992 3.419 0 34 255
3.394 -2.752 1.318 0 255 131
6.126 -5.182 0.221 0 255 119
2.522 -3.932 0.404 0 51 255
6.500 -8.748 0.178 0 42 255
2.481 -4.142 0.353 0 25 255
3.560 -0.699 0.159 0 255 161
2.495 -4.164 0.321 0 8 255
5.517 -6.104 0.493 0 0 255
2.675 -4.120 0.161 0 34 255
5.606 -5.300 0.184 0 255 178
6.511 -9.875 0.188 0 93 255
5.870 -6.803 0.272 0 255 42
3.286 -3.921 0.166 0 255 123
5.303 -6.045 0.196 0 255 153
3.119 -1.630 0.355 0 8 255
7.386 0.150 1.153 0 34 255
3.180 -2.538 0.163 0 127 255
3.196 -0.778 0.402 0 0 255
3.242 -0.542 0.395 0 0 255
7.435 0.248 0.764 0 255 161
6.140 -2.283 3.864 0 0 255
5.724 -7.394 0.299 0 68 255
5.983 -7.177 0.364 0 8 255
5.479 -5.442 0.196 0 255 242
2.524 -4.185 0.251 0 0 255
2.850 -2.180 0.430 0 25 255
3.108 -2.915 0.161 0 255 182
2.731 -3.439 0.206 0 255 195
4.874 -7.538 0.271 0 51 255
3.910 -3.872 0.184 0 255 178
3.077 -1.637 0.202 0 255 191
2.656 -3.149 0.410 0 17 255
2.632 -3.416 0.298 0 25 255
6.591 -5.720 0.411 0 93 255
5.776 -9.004 0.220 0 255 76
6.792 -8.964 0.381 0 25 255
5.816 0.227 1.157 0 0 255
3.123 -1.519 0.167 0 255 161
3.889 -3.674 0.180 0 255 165
5.816 0.228 1.465 0 0 255
4.531 -5.876 0.160 0 255 148
3.391 -2.801 1.416 0 255 170
5.714 -8.248 0.180 0 0 255
6.388 -10.170 0.206 0 0 255
4.900 -5.385 0.174 0 255 140
6.436 -8.455 0.363 0 0 255
3.065 -1.240 0.405 0 51 255
3.211 -1.697 0.187 0 119 255
2.772 -3.515 0.215 0 255 144
5.057 -5.435 0.175 0 255 123
3.476 -3.579 0.183 0 68 255
5.230 -6.152 0.175 0 255 153
6.758 -6.967 0.276 0 34 255
5.672 -6.749 0.290 0 255 127
3.407 -2.738 1.454 0 255 123
6.223 2.467 -0.266 0 51 255
3.154 -1.530 0.232 0 255 165
5.908 -7.261 0.513 0 0 255
5.466 -4.610 0.219 0 255 148
6.500 -9.374 0.268 0 255 212
5.628 -5.301 0.238 0 255 114
6.071 -1.465 3.577 0 8 255
5.591 -5.867 0.382 0 34 255
7.411 0.163 1.608 0 0 255
3.045 -1.352 0.249 0 51 255
6.901 0.313 -0.306 0 76 255
4.065 -4.313 0.196 0 0 255
4.791 -7.675 0.279 0 255 170
5.732 -5.878 0.244 0 255 157
3.290 -0.400 0.396 0 0 255
5.704 -4.632 0.202 0 102 255
3.025 -3.962 0.154 0 255 204
6.081 -1.422 3.498 0 17 255
2.696 -4.229 0.152 0 255 136
3.619 -3.917 0.245 0 255 161
5.802 0.169 1.169 0 0 255
6.841 -0.298 2.502 0 110 255
2.718 -3.050 0.190 0 42 255
6.028 -1.397 3.491 0 0 255
2.857 -3.841 0.150 0 255 114
3.125 -4.100 0.187 0 255 131
8.306 -7.138 0.437 0 161 255
5.154 -6.485 0.341 0 102 255
3.244 -3.971 0.166 0 255 238
5.537 -4.941 0.242 0 255 72
2.474 -4.325 0.346 0 0 255
6.760 -9.733 0.238 0 8 255
6.525 -9.983 0.166 0 0 255
5.674 -5.265 0.212 0 255 68
2.641 -3.398 0.172 0 51 255
4.025 -5.805 0.171 0 255 110
6.503 0.175 1.181 0 119 255
2.570 -3.697 0.420 0 25 255
3.271 -5.460 0.200 0 255 93
3.387 -1.851 0.156 0 255 136
5.285 -6.097 0.305 0 34 255
7.973 -7.116 0.490 0 255 212
5.845 -9.451 0.283 0 144 255
4.356 -4.797 0.165 0 255 8
8.187 0.326 0.324 0 255 212
3.754 -3.558 0.170 0 255 153
6.394 -10.003 0.283 0 255 165
5.202 -5.037 0.149 0 255 89
4.304 -4.282 0.152 0 255 127
6.594 -7.271 0.300 0 178 255
3.615 -4.069 0.158 0 255 119
3.283 -1.750 0.158 0 255 161
3.389 -2.762 1.471 0 255 136
4.842 0.432 -0.167 0 17 255
5.744 0.739 -0.199 0 119 255
2.479 -4.143 0.405 0 25 255
2.580 -3.574 0.407 0 17 255
3.489 -4.061 0.221 0 255 51
4.116 -6.900 0.208 0 255 34
2.918 -1.791 0.389 0 25 255
8.053 -7.054 0.297 0 255 195
5.498 -4.788 0.204 0 255 80
3.141 -2.560 0.150 0 255 153
3.035 -2.153 0.218 0 255 178
2.493 -4.142 0.449 0 8 255
5.265 -4.572 0.210 0 102 255
8.228 -9.825 0.166 0 0 255
5.247 -4.416 0.157 0 255 131
6.160 -5.623 0.205 0 255 127
6.604 -1.938 3.698 0 0 255
3.396 -2.745 1.444 0 255 148
6.084 -1.474 3.519 0 0 255
5.365 -6.004 0.180 0 0 255
5.168 -6.479 0.359 0 59 255
6.638 -2.114 3.687 0 8 255
3.949 -6.600 0.306 0 110 255
3.078 -2.016 0.169 0 85 255
3.150 -1.466 0.164 0 0 255
3.603 -4.027 0.165 0 255 127
6.010 -1.183 3.450 0 0 255
5.078 -4.158 0.149 0 255 106
6.505 -5.617 0.307 0 8 255
8.096 -10.043 0.206 0 0 255
4.200 -3.995 0.164 0 255 136
3.944 -3.814 0.254 0 255 127
2.507 -4.478 0.375 0 0 255
2.569 -3.542 0.370 0 8 255
2.675 -3.904 0.169 0 246 255
6.437 -5.338 0.252 0 34 255
5.174 -6.516 0.175 0 0 255
2.495 -4.222 0.179 0 17 255
2.891 -2.291 0.235 0 17 255
3.224 -2.319 0.170 0 255 136
6.178 -5.610 0.150 0 255 144
3.440 -3.663 0.159 0 42 255
5.529 -4.746 0.212 0 255 170
3.035 -2.076 0.203 0 255 187
6.706 0.192 0.767 0 110 255
2.670 -3.024 0.399 0 51 255
6.868 -0.165 2.383 0 0 255
3.257 -1.736 0.300 0 34 255
2.462 -4.596 0.214 0 17 255
4.518 -5.539 0.159 0 255 144
4.476 -5.328 0.154 0 255 127
4.686 -5.986 0.373 0 255 136
7.457 0.215 -0.162 0 8 255
6.697 -5.607 0.237 0 255 157
6.440 -8.434 0.254 0 51 255
3.919 -4.053 0.171 0 255 119
7.137 -7.036 0.313 0 0 255
4.335 -4.597 0.195 0 255 17
3.168 -1.022 0.270 0 8 255
3.382 -2.796 1.302 0 0 255
2.818 -2.484 0.229 0 255 119
6.676 -5.649 0.251 0 255 242
3.320 -3.914 0.167 0 255 144
2.737 -3.066 0.225 0 17 255
2.486 -4.159 0.342 0 42 255
6.471 -5.606 0.234 0 255 140
5.399 -5.168 0.176 0 255 140
3.361 -1.704 0.171 0 255 148
4.921 1.318 -0.182 0 25 255
4.956 -6.402 0.200 0 255 136
3.286 -1.461 0.181 0 255 59
4.617 -5.471 0.186 0 255 136
6.814 0.204 0.723 0 85 255
3.091 -1.419 0.210 0 8 255
7.217 -9.315 0.375 0 170 255
5.350 -6.561 0.224 0 255 148
4.360 -0.409 0.329 0 0 255
5.318 -5.936 0.307 0 255 174
6.635 -9.505 0.231 0 25 255
5.992 -1.460 3.672 0 0 255
6.432 -6.461 0.234 0 119 255
6.416 -5.445 0.205 0 255 119
1.553 0.969 1.767 0 0 255
4.109 -4.493 0.169 0 255 148
6.975 -2.322 3.791 0 119 255
5.175 -4.990 0.154 0 255 110
3.844 -3.481 0.215 0 255 165
6.219 -1.729 3.578 0 25 255
2.470 -4.441 0.388 0 34 255
8.236 -9.785 0.166 0 0 255
3.921 -6.527 0.170 0 255 157
2.664 -3.975 0.173 0 255 157
4.393 -4.494 0.191 136 255 0
6.102 -2.306 3.889 0 0 255
6.939 -0.087 2.481 0 0 255
6.537 -5.627 0.265 0 255 136
2.854 -2.932 0.224 0 255 153
6.090 -1.491 3.523 0 0 255
3.643 -3.951 0.253 0 255 55
5.598 -6.216 0.263 0 255 72
7.279 0.136 -0.290 0 17 255
6.570 2.401 -0.259 0 42 255
5.265 -6.027 0.316 0 255 170
3.100 -2.160 0.204 0 255 93
6.028 -6.072 0.152 0 255 127
6.382 0.794 -0.260 0 68 255
5.205 -6.148 0.233 0 238 255
8.210 -6.957 0.332 0 34 255
2.624 -3.409 0.194 0 34 255
4.665 -5.996 0.359 0 0 255
6.617 -2.269 3.697 0 42 255
5.699 -5.789 0.235 0 255 76
3.606 -3.557 0.159 0 255 114
5.667 -4.500 0.178 0 255 136
3.793 -0.144 0.161 0 0 255
7.593 -7.037 0.347 0 0 255
6.911 -0.456 2.703 0 42 255
6.142 -5.681 0.307 0 255 80
3.693 -5.478 0.159 0 255 161
8.845 0.317 0.601 0 161 255
2.638 -4.124 0.158 0 255 165
4.176 -5.110 0.174 0 255 46
6.419 -9.827 0.229 0 0 255
5.096 -6.324 0.179 0 255 157
2.607 -3.633 0.368 0 0 255
2.997 -2.420 0.149 0 255 199
3.274 -0.487 0.349 0 0 255
5.813 -5.294 0.210 0 255 34
5.778 -5.819 0.274 0 255 157
2.884 -2.270 0.190 0 8 255
5.297 -5.704 0.200 0 255 80
5.377 -4.655 0.158 0 255 140
6.181 -5.056 0.193 0 255 144
5.264 -8.251 0.205 0 255 63
3.360 -1.756 0.184 0 255 114
7.979 -5.588 0.225 0 255 165
5.608 -6.707 0.209 0 255 144
5.466 -6.060 0.586 0 0 255
3.915 -6.630 0.391 0 0 255
3.205 -5.404 0.161 0 255 131
5.862 -4.530 0.224 0 93 255
6.733 -6.531 0.226 0 255 204
6.451 0.205 1.068 0 93 255
5.419 -4.632 0.163 0 119 255
3.016 -3.208 0.166 0 255 85
6.251 -1.767 3.594 0 0 255
2.454 -4.572 0.337 0 0 255
4.615 -5.598 0.164 0 255 114
6.682 -5.792 0.269 0 195 255
2.649 -3.572 0.154 0 255 148
2.836 -2.951 0.180 0 8 255
5.287 -5.555 0.185 0 255 170
8.352 0.125 0.409 0 255 119
3.201 -1.444 0.167 0 76 255
2.917 -2.492 0.150 0 255 144
4.109 -4.768 0.199 0 255 110
3.073 -1.226 0.390 0 17 255
6.099 -5.848 0.259 0 255 208
7.195 -7.356 0.332 0 59 255
8.712 0.090 0.543 0 255 136
3.274 -1.059 0.169 0 255 153
5.484 -5.570 0.182 0 255 161
2.584 -4.203 0.200 0 8 255
9.871 -1.366 0.250 0 255 161
5.456 -5.053 0.153 0 255 165
7.410 0.147 0.523 0 8 255
5.316 -7.864 0.189 0 212 255
8.302 -7.040 0.250 0 255 93
7.445 0.246 0.594 0 0 255
3.297 -1.415 0.174 0 255 221
7.273 -9.276 0.349 0 238 255
4.059 -6.749 0.213 0 255 144
3.085 -1.393 0.203 0 25 255
4.765 -7.522 0.344 0 187 255
2.700 -2.800 0.365 0 34 255
5.567 -8.122 0.276 0 0 255
5.504 -4.957 0.238 0 255 123
3.037 -1.424 0.219 0 8 255
6.407 -4.299 0.172 0 153 255
7.276 -9.308 0.332 0 25 255
6.022 -6.024 0.257 0 255 114
3.373 -3.581 0.168 0 127 255
3.101 -1.265 0.400 0 0 255
3.167 -0.887 0.406 0 42 255
4.919 -6.806 0.149 0 255 97
6.715 -2.142 3.667 0 25 255
5.924 -5.648 0.267 0 255 157
5.189 -6.493 0.380 0 8 255
3.348 -0.635 0.169 0 17 255
2.819 -3.083 0.157 0 255 140
5.368 -4.536 0.176 0 255 195
8.623 -9.188 0.273 0 0 255
2.863 -1.938 0.395 0 34 255
3.142 -1.315 0.167 0 255 157
4.926 -4.601 0.151 0 255 119
3.247 -0.692 0.412 0 0 255
5.613 -5.888 0.348 0 42 255
2.830 -2.201 0.444 0 17 255
3.683 -4.169 0.227 0 255 153
6.523 -7.205 0.223 0 255 199
2.855 -2.061 0.391 0 25 255
4.750 -5.643 0.235 0 255 8
5.280 -8.223 0.210 0 0 255
3.387 -2.800 1.090 0 255 208
6.480 -9.849 0.212 0 8 255
1.626 0.948 1.789 0 0 255
5.754 -5.233 0.195 0 255 144
4.187 -4.477 0.154 0 255 144
3.152 -1.751 0.174 0 255 178
6.727 -9.052 0.316 0 8 255
6.685 -5.710 0.440 0 0 255
4.595 -5.529 0.243 0 255 119
5.779 0.157 0.877 0 127 255
3.645 -3.299 0.197 0 255 97
7.113 -0.748 3.061 0 8 255
2.801 -2.338 0.386 0 8 255
5.148 -5.275 0.180 0 255 131
3.056 -1.358 0.329 0 17 255
3.462 -0.963 0.160 0 255 238
2.685 -3.209 0.372 0 0 255
3.400 -2.749 1.284 0 0 255
7.876 -4.726 0.265 0 59 255
5.525 -6.095 0.369 0 68 255
3.433 -3.711 0.202 0 255 148
4.263 -4.430 0.150 0 255 148
6.567 -2.104 3.774 0 0 255
7.737 -7.002 0.241 0 238 255
5.351 -5.375 0.168 0 255 114
8.359 0.149 0.204 0 255 161
5.706 -5.774 0.200 0 255 119
5.246 -6.078 0.193 0 0 255
3.326 -0.615 0.157 0 17 255
5.982 -5.982 0.233 0 255 153
5.784 -6.098 0.324 0 0 255
6.607 -5.596 0.203 0 255 127
4.176 -4.242 0.148 0 255 97
7.058 -0.774 3.053 0 0 255
4.521 -4.815 0.148 0 255 114
3.974 -0.164 0.262 0 0 255
6.378 -7.684 0.171 0 42 255
5.734 -7.393 0.389 0 25 255
5.204 -5.645 0.169 0 255 165
3.315 -1.742 0.213 0 255 102
3.925 -3.852 0.239 0 255 110
4.500 -5.378 0.177 0 255 131
3.950 -6.532 0.332 0 0 255
7.706 -6.866 0.150 0 255 157
3.397 -2.719 1.471 0 255 131
5.332 -6.626 0.263 0 17 255
7.804 -4.552 0.252 0 17 255
7.295 0.313 -0.308 0 76 255
3.632 -0.443 0.163 0 8 255
2.469 -4.226 0.358 0 25 255
6.460 -5.668 0.235 0 255 127
4.508 -6.978 0.243 0 0 255
5.466 -4.869 0.218 0 255 157
5.990 -0.984 3.409 0 17 255
6.045 -5.817 0.361 0 255 123
9.177 -5.442 0.375 0 0 255
2.459 -4.276 0.393 0 51 255
4.473 -6.980 0.265 0 221 255
8.659 -6.017 0.461 0 25 255
7.261 -9.367 0.290 0 0 255
5.236 -6.443 0.203 0 255 174
5.306 -5.503 0.217 0 255 119
3.604 -0.400 0.492 0 0 255
1.529 0.796 1.703 0 0 255
5.698 -4.293 0.177 0 255 127
4.406 -0.352 0.414 0 0 255
5.752 -4.318 0.239 0 93 255
5.853 -7.450 0.257 0 255 199
3.805 -3.677 0.149 0 255 127
6.490 -9.935 0.183 0 42 255
5.580 -5.334 0.173 0 255 140
3.600 -3.321 0.216 0 255 165
3.599 -3.657 0.162 0 255 157
5.558 -8.052 0.319 0 34 255
6.099 -5.630 0.292 0 255 165
2.710 -3.629 0.181 0 255 182
2.922 -3.159 0.208 0 255 144
3.079 -1.394 0.236 0 8 255
3.205 -1.538 0.166 0 255 106
2.599 -3.754 0.361 0 8 255
5.090 -4.663 0.155 0 255 144
5.826 -6.208 0.329 0 255 76
5.403 -6.165 0.240 0 255 123
5.529 -8.173 0.399 0 0 255
7.986 -7.036 0.377 0 0 255
4.804 -7.743 0.282 0 0 255
7.211 -7.037 0.304 0 255 106
4.539 -5.241 0.193 0 255 140
4.741 -7.645 0.303 0 102 255
5.063 -6.455 0.183 0 255 97
2.657 -3.445 0.192 0 59 255
4.888 -4.759 0.158 0 255 46
7.377 1.117 -0.316 0 34 255
3.386 -3.937 0.152 0 255 114
3.668 -5.466 0.156 0 255 106
5.533 -4.868 0.210 0 255 85
2.964 -1.565 0.407 0 17 255
5.499 -8.209 0.379 0 93 255
3.260 -1.863 0.155 0 255 148
5.470 -8.124 0.330 0 170 255
3.051 -1.514 0.364 0 0 255
7.073 -4.902 0.275 0 255 174
4.362 -4.352 0.152 0 255 131
3.540 -3.684 0.208 0 255 221
3.044 -2.509 0.183 0 255 153
6.945 1.392 -0.308 0 34 255
5.205 -4.448 0.155 0 255 136
3.024 -1.822 0.253 0 8 255
3.702 -0.612 0.172 0 255 178
6.352 0.734 -0.276 0 42 255
2.771 -2.486 0.392 0 42 255
4.611 -5.590 0.193 0 255 93
6.123 -5.947 0.424 0 212 255
7.358 -7.021 0.577 0 0 255
8.372 -0.356 -0.200 0 255 187
5.468 -4.977 0.190 0 255 127
6.442 0.749 -0.261 0 85 255
5.403 -5.608 0.163 0 255 119
6.468 -1.916 3.662 0 8 255
6.478 -5.789 0.415 0 0 255
3.157 -2.237 0.233 0 255 102
6.363 -9.982 0.296 0 85 255
3.638 -0.402 0.160 0 255 165
5.162 -6.359 0.229 0 255 153
5.159 -4.416 0.173 0 255 123
6.297 -5.511 0.185 0 255 140
3.020 -2.606 0.170 0 255 153
5.986 -7.160 0.326 0 0 255
5.466 -5.287 0.196 0 255 144
6.199 -7.301 0.327 0 255 242
2.796 -2.314 0.385 0 25 255
2.712 -2.926 0.411 0 8 255
3.536 -3.196 0.162 0 255 144
4.534 0.603 -0.168 0 76 255
8.585 0.196 0.413 0 255 127
2.886 -2.566 0.210 0 255 136
3.247 -5.461 0.185 0 255 110
6.424 -8.405 0.269 0 17 255
2.991 -1.560 0.396 0 25 255
2.896 -2.521 0.203 0 255 195
6.018 -0.864 3.461 0 0 255
5.159 -6.553 0.361 0 0 255
6.331 -5.459 0.190 0 255 140
2.980 -2.616 0.166 0 255 114
5.340 -7.615 0.202 0 255 153
3.300 -5.409 0.169 0 255 106
5.023 -7.059 0.159 0 255 97
3.705 -0.126 0.341 0 0 255
3.249 -2.283 0.194 0 255 55
6.821 -4.593 0.216 0 42 255
4.072 -4.680 0.207 0 255 127
3.251 -1.298 0.150 0 246 255
4.750 1.123 -0.155 0 110 255
2.769 -2.641 0.186 0 51 255
4.705 -5.991 0.348 0 25 255
6.734 2.308 -0.291 0 110 255
2.635 -3.462 0.404 0 0 255
5.553 -5.457 0.165 0 255 144
8.182 -6.927 0.388 0 42 255
4.528 -5.180 0.170 0 255 144
4.618 -4.069 0.154 0 255 97
3.977 -3.574 0.184 0 255 153
5.970 -7.193 0.494 0 153 255
3.838 -4.008 0.151 0 255 127
6.003 -1.449 3.640 0 34 255
3.469 -2.780 1.503 0 255 161
4.757 1.144 -0.160 0 51 255
6.442 -7.018 0.483 0 51 255
6.337 -2.194 3.822 0 0 255
3.299 -0.608 0.308 0 0 255
3.545 -3.880 0.151 0 255 153
5.807 0.224 0.336 0 42 255
5.393 -6.288 0.398 0 0 255
4.002 -4.071 0.163 0 255 63
2.611 -3.703 0.356 0 0 255
5.123 -5.208 0.204 0 255 140
3.275 -0.609 0.300 0 0 255
4.553 -5.390 0.177 0 255 182
3.063 -2.214 0.168 0 0 255
2.914 -1.840 0.379 0 8 255
2.670 -3.013 0.277 0 34 255
6.808 -3.986 0.219 0 25 255
7.236 -7.322 0.302 0 17 255
5.748 -7.414 0.370 0 17 255
5.741 -4.345 0.228 0 0 255
6.446 -4.074 0.186 0 0 255
5.190 2.167 -0.174 0 59 255
4.804 -5.344 0.149 0 255 110
3.360 -1.564 0.154 0 25 255
6.194 -5.600 0.171 0 255 229
4.227 -4.634 0.158 0 255 89
3.618 -0.427 0.539 0 0 255
5.148 -4.533 0.152 0 255 250
4.227 -4.543 0.219 0 255 85
5.698 -5.841 0.300 0 255 119
7.394 -7.088 0.651 0 0 255
3.205 -4.223 0.163 0 255 208
2.731 -2.652 0.375 0 8 255
3.947 -6.575 0.302 0 255 199
4.334 -6.947 0.157 0 25 255
3.311 -0.112 0.181 0 25 255
6.981 0.179 1.093 0 68 255
4.547 -5.579 0.255 0 255 114
4.738 -5.190 0.183 0 255 110
4.709 -5.582 0.206 0 0 255
6.488 -5.644 0.517 0 102 255
6.270 -1.586 3.558 0 0 255
5.436 -6.316 0.372 0 0 255
5.522 -6.040 0.523 0 0 255
5.399 -6.076 0.252 0 255 255
3.181 -1.041 0.156 0 161 255
7.939 -6.939 0.546 0 0 255
5.350 -7.618 0.169 0 255 89
3.555 -0.140 0.261 0 8 255
5.560 -8.262 0.259 0 0 255
5.250 -6.071 0.241 0 255 157
3.645 -3.802 0.180 0 255 76
6.939 -0.086 2.443 0 25 255
5.196 -7.047 0.202 0 25 255
9.057 0.561 0.685 0 51 255
4.504 -4.447 0.150 0 255 153
6.531 -5.578 0.174 0 255 161
3.317 -2.229 0.174 0 255 144
5.002 -6.548 0.182 0 255 148
3.579 -0.384 0.274 0 93 255
5.811 -9.480 0.212 0 0 255
3.319 -3.626 0.212 0 255 161
6.035 -5.697 0.345 0 255 34
3.263 -1.056 0.221 0 8 255
5.762 -5.639 0.188 0 255 80
5.588 -5.692 0.181 0 255 182
6.527 -9.279 0.215 0 255 204
3.770 -3.438 0.151 0 255 123
3.009 -1.604 0.354 0 42 255
6.712 -5.975 0.233 0 255 8
5.166 -5.924 0.152 0 255 161
2.798 -2.643 0.214 0 25 255
4.182 -6.823 0.179 0 255 157
3.243 -0.567 0.320 0 0 255
2.459 -4.609 0.205 0 25 255
5.403 -5.632 0.167 0 255 165
6.182 -5.848 0.305 0 255 127
6.682 -5.649 0.275 0 255 93
5.914 -5.726 0.203 0 255 144
6.648 0.229 -0.258 0 51 255
4.123 -6.915 0.195 0 255 29
3.232 -3.968 0.217 0 255 140
8.847 0.280 0.741 0 17 255
5.313 -5.852 0.269 0 255 165
6.536 -9.983 0.181 0 255 246
7.254 -7.366 0.338 0 161 255
3.912 -3.567 0.179 0 255 127
7.092 -7.078 0.333 0 110 255
5.016 -6.677 0.159 0 255 59
6.096 -7.933 0.148 0 255 42
3.218 -1.409 0.163 0 255 187
5.610 -8.260 0.209 0 127 255
8.154 0.305 -0.225 0 255 216
3.169 -0.894 0.394 0 25 255
3.330 -0.220 0.409 0 0 255
5.287 -6.024 0.277 55 255 0
5.341 -5.470 0.215 0 255 106
3.087 -2.276 0.191 0 255 242
5.635 -5.892 0.349 0 51 255
2.695 -3.684 0.170 0 255 136
5.566 -8.280 0.325 0 136 255
4.696 -5.952 0.340 0 8 255
3.337 -3.615 0.151 0 255 140
5.682 0.709 -0.234 0 110 255
2.673 -3.509 0.160 0 255 140
8.725 -9.489 0.176 0 17 255
7.103 -7.105 0.315 59 255 0
5.501 -8.102 0.381 0 229 255
5.292 -4.588 0.227 0 255 165
5.841 -5.856 0.186 0 255 153
8.121 0.628 -0.374 0 51 255
6.641 -5.728 0.306 0 17 255
8.087 -9.930 0.207 0 0 255
4.086 -3.959 0.192 0 255 114
4.676 -5.138 0.193 0 255 119
6.150 -5.927 0.440 0 0 255
6.522 -2.018 3.665 0 0 255
4.872 -5.317 0.173 0 255 140
4.388 -6.891 0.254 0 255 238
3.237 -1.385 0.177 0 229 255
6.678 -5.655 0.380 0 8 255
5.268 -6.248 0.189 0 255 148
3.150 -4.138 0.193 0 255 182
5.969 -1.082 3.430 0 25 255
6.332 -2.224 3.815 0 0 255
4.738 -5.693 0.192 0 255 63
5.514 -5.295 0.157 0 255 136
2.457 -4.454 0.364 0 8 255
8.613 -9.144 0.208 0 0 255
6.041 -5.504 0.413 0 102 255
6.557 -2.039 3.626 0 17 255
2.885 -2.214 0.415 0 8 255
2.446 -4.533 0.374 0 42 255
2.835 -2.218 0.202 0 0 255
8.337 0.152 0.166 0 255 119
6.755 -9.755 0.178 0 195 255
5.424 -5.119 0.168 0 255 119
6.130 -2.267 3.904 0 0 255
6.752 -6.586 0.195 0 255 187
2.739 -3.536 0.151 0 136 255
8.103 -10.099 0.143 0 0 255
6.544 0.207 0.779 0 85 255
7.961 -6.835 0.425 0 8 255
6.504 -6.908 0.397 0 255 246
3.068 -2.414 0.158 0 255 140
3.234 -0.591 0.388 0 0 255
3.202 -0.916 0.358 0 25 255
3.582 -3.629 0.172 0 255 140
5.427 -4.527 0.161 0 255 144
8.587 -5.643 0.467 0 0 255
3.157 -2.759 0.214 0 255 157
7.456 0.068 -0.272 0 17 255
5.835 -7.219 0.170 0 255 136
2.946 -3.164 0.173 0 255 195
4.688 -5.972 0.365 0 0 255
5.026 -4.765 0.174 0 255 153
5.975 -7.259 0.458 0 0 255
4.386 -0.419 0.159 0 0 255
5.288 -6.022 0.340 0 255 191
3.892 -3.832 0.177 0 255 131
7.016 -0.599 2.906 0 110 255
4.948 -4.624 0.164 0 255 246
6.089 -4.981 0.171 0 246 255
8.707 0.233 0.533 0 255 238
5.620 -5.796 0.234 0 255 114
4.209 -4.004 0.162 0 255 123
5.325 -6.576 0.276 0 0 255
2.629 -3.812 0.218 0 25 255
2.819 -2.191 0.305 0 25 255
5.844 -7.402 0.293 0 136 255
4.969 -5.357 0.154 0 255 148
5.890 -7.376 0.240 0 51 255
4.892 -6.443 0.149 0 255 123
3.166 -1.460 0.217 0 255 110
5.803 0.197 1.235 0 0 255
3.142 -1.302 0.191 0 255 170
4.745 -7.614 0.264 0 8 255
6.809 2.199 -0.271 0 76 255
4.741 -5.160 0.170 0 255 114
2.925 -2.896 0.165 0 255 148
2.506 -4.156 0.329 0 0 255
6.379 -10.008 0.206 0 119 255
2.702 -3.027 0.275 0 42 255
3.230 -1.508 0.307 0 255 144
5.987 -7.390 0.287 0 8 255
3.329 -1.803 0.165 0 255 153
5.568 -5.881 0.433 0 0 255
9.856 -9.393 0.142 0 0 255
6.052 -1.446 3.508 0 8 255
3.349 -0.992 0.161 0 229 255
5.329 -6.562 0.158 0 255 131
3.139 -1.713 0.167 0 255 89
3.250 -4.230 0.188 0 255 97
6.722 -9.032 0.339 0 255 199
4.147 -4.289 0.167 0 255 140
3.627 -3.572 0.163 0 255 102
4.740 -4.725 0.159 0 255 148
6.577 -4.743 0.187 0 0 255
