-34.049 -39.337 0.934 0 161 255
-34.174 -38.938 0.923 0 0 255
-33.988 -38.963 0.859 0 25 255
-32.060 -34.395 0.253 0 255 204
-31.961 -34.341 0.203 0 255 233
-31.966 -34.325 0.326 0 255 174
-32.005 -34.372 0.404 0 255 178
-31.867 -34.368 0.283 0 42 255
-31.890 -34.373 0.303 0 119 255
-31.917 -34.396 0.179 0 110 255
-32.296 -33.802 0.304 0 255 187
-32.310 -33.789 0.322 0 255 34
-31.963 -33.804 0.275 0 255 110
-32.621 -33.935 0.311 0 255 195
-32.414 -33.852 0.264 0 255 131
-32.555 -33.986 0.355 0 110 255
-32.055 -33.799 0.195 42 255 0
-31.985 -34.270 0.411 0 255 144
-31.950 -34.257 0.437 0 255 131
-31.961 -34.005 0.220 0 255 38
-32.433 -33.827 0.303 0 221 255
-32.029 -33.789 0.227 0 34 255
-32.042 -34.217 0.493 0 0 255
-32.461 -33.935 0.410 0 255 250
-32.291 -34.028 0.358 0 8 255
-32.554 -33.909 0.529 0 0 255
-33.109 -33.620 0.541 0 17 255
-31.857 -33.963 0.403 0 85 255
-31.871 -33.885 0.385 0 34 255
-31.988 -34.315 0.286 0 255 233
-32.037 -34.150 0.199 0 85 255
-32.065 -34.044 0.327 0 255 148
-32.174 -33.712 0.263 25 255 0
-31.938 -33.726 0.299 0 246 255
-31.976 -33.596 0.346 0 0 255
-32.343 -33.657 0.388 0 255 246
-32.093 -33.721 0.354 0 0 255
-31.598 -34.570 0.205 0 42 255
-31.810 -34.358 0.338 0 8 255
-31.701 -34.165 0.327 0 42 255
-31.711 -33.890 0.188 0 255 174
-31.768 -33.889 0.220 0 178 255
-31.594 -33.847 0.339 0 0 255
-31.467 -33.825 0.344 0 0 255
-31.739 -34.181 0.341 0 136 255
-31.829 -34.239 0.438 0 0 255
-31.728 -34.107 0.407 0 0 255
-31.728 -33.910 0.392 0 34 255
-31.600 -33.819 0.352 0 255 208
-31.592 -33.947 0.349 0 42 255
-31.685 -33.842 0.437 0 255 187
-31.738 -33.824 0.411 0 255 233
-31.551 -33.929 0.459 0 0 255
-31.743 -33.639 0.299 0 0 255
-31.794 -33.599 0.530 0 255 216
-31.755 -33.575 0.493 0 255 216
-31.553 -33.705 0.418 0 8 255
-31.564 -33.636 0.434 0 17 255
-31.604 -33.647 0.323 0 255 178
-31.547 -33.745 0.528 29 255 0
-31.556 -33.604 0.408 0 255 212
-31.819 -33.619 0.327 0 42 255
-31.786 -33.599 0.422 0 178 255
-31.782 -33.616 0.486 0 17 255
-31.586 -33.608 0.372 0 8 255
-32.593 -34.304 0.633 0 0 255
-33.964 -33.749 0.743 0 0 255
-33.108 -33.489 0.668 0 221 255
-34.058 -33.309 0.787 0 255 161
-33.066 -33.445 0.648 0 51 255
-34.125 -41.740 0.248 0 255 165
-34.146 -41.530 0.222 0 255 148
-33.992 -41.532 0.298 0 255 97
-33.921 -41.540 0.189 0 255 153
-34.206 -41.331 0.358 0 255 199
-34.242 -41.353 0.384 0 0 255
-34.214 -41.329 0.370 0 255 161
-34.133 -41.350 0.329 0 255 182
-34.183 -41.375 0.323 0 255 170
-34.126 -41.298 0.432 0 42 255
-34.226 -41.132 0.205 0 255 161
-34.181 -41.227 0.275 0 255 148
-33.564 -40.962 0.188 0 255 204
-33.803 -41.380 0.262 0 255 199
-33.799 -41.289 0.257 0 255 131
-33.840 -41.268 0.180 0 255 153
-33.770 -41.360 0.203 0 255 153
-33.928 -41.436 0.195 0 255 204
-33.858 -41.348 0.255 0 255 178
-33.879 -41.351 0.231 0 255 144
-33.784 -41.279 0.281 0 255 161
-33.818 -41.222 0.223 0 255 170
-33.941 -41.040 0.236 0 255 204
-33.790 -41.201 0.258 0 255 165
-33.985 -41.200 0.211 0 255 127
-33.931 -41.055 0.447 0 255 187
-33.903 -41.014 0.298 0 255 144
-33.616 -40.843 0.182 0 255 195
-33.892 -40.912 0.244 0 255 182
-33.573 -40.959 0.231 0 255 161
-33.604 -41.065 0.274 0 255 165
-33.732 -40.754 0.210 0 255 157
-33.820 -40.857 0.288 0 255 148
-33.605 -40.775 0.207 0 255 157
-33.915 -40.929 0.336 0 255 216
-33.716 -40.857 0.437 0 255 59
-33.625 -40.919 0.194 0 255 182
-33.521 -40.409 0.336 0 255 165
-33.596 -40.924 0.208 0 255 182
-33.620 -40.910 0.220 0 255 170
-33.532 -40.449 0.416 0 255 148
-33.721 -40.237 0.260 0 255 182
-33.519 -40.190 0.348 0 255 174
-33.782 -40.261 0.268 0 255 144
-33.756 -40.292 0.305 0 255 255
-32.983 -40.341 0.228 0 255 204
-33.542 -40.355 0.442 0 255 191
-33.171 -40.170 0.210 0 255 191
-33.460 -40.842 0.488 0 0 255
-33.066 -40.047 0.193 0 255 225
-33.468 -40.618 0.266 0 255 170
-33.443 -40.631 0.234 0 255 144
-33.478 -40.592 0.282 0 255 144
-33.446 -40.557 0.285 0 255 157
-33.438 -40.350 0.306 0 255 144
-33.450 -40.426 0.282 0 255 153
-33.464 -40.275 0.312 0 246 255
-33.316 -40.389 0.242 0 255 170
-33.379 -40.633 0.455 0 42 255
-33.496 -40.575 0.476 0 255 38
-33.351 -40.589 0.487 0 255 144
-33.498 -40.416 0.412 0 255 165
-33.396 -40.279 0.427 0 255 229
-33.497 -40.511 0.424 0 255 174
-33.508 -40.177 0.377 0 255 187
-33.451 -40.203 0.429 0 255 187
-33.447 -40.449 0.481 0 255 140
-33.406 -40.432 0.485 0 255 144
-33.378 -40.162 0.460 0 255 191
-32.431 -39.113 0.479 0 255 148
-33.330 -40.126 0.443 0 255 182
-32.196 -38.762 0.532 0 255 123
-32.554 -38.608 0.520 0 255 161
-32.545 -38.708 0.537 0 255 29
-32.514 -38.536 0.514 0 255 191
-32.416 -38.569 0.513 0 102 255
-32.474 -39.118 0.535 0 255 157
-33.395 -39.988 0.291 0 255 161
-32.532 -39.066 0.496 0 255 144
-32.067 -38.390 0.582 0 255 144
-32.112 -38.369 0.504 0 255 148
-32.084 -38.352 0.557 0 255 131
-32.204 -38.507 0.561 0 255 76
-32.424 -39.079 0.562 0 255 136
-33.310 -37.511 0.503 0 255 157
-31.936 -38.383 0.553 0 255 127
-31.933 -38.474 0.582 55 255 0
-32.556 -38.963 0.490 0 255 153
-32.951 -37.644 0.534 0 144 255
-32.432 -38.090 0.404 0 255 148
-32.513 -38.975 0.458 0 255 165
-31.918 -38.254 0.569 0 255 131
-31.866 -37.907 0.580 0 255 148
-32.782 -37.117 0.433 0 255 72
-33.243 -40.009 0.432 0 255 187
-32.642 -37.133 0.502 0 255 174
-32.513 -37.217 0.554 0 255 199
-32.515 -37.206 0.558 0 255 199
-32.441 -37.219 0.536 0 255 148
-32.572 -38.836 0.538 0 255 174
-32.282 -37.170 0.296 0 255 191
-33.289 -39.892 0.373 0 255 144
-33.291 -39.862 0.374 0 255 123
-33.312 -39.849 0.492 0 255 165
-32.251 -37.127 0.419 0 255 178
-32.346 -37.221 0.565 0 255 161
-32.158 -37.303 0.496 0 255 153
-33.308 -39.811 0.269 0 255 178
-32.236 -39.029 0.435 0 255 165
-32.248 -37.159 0.518 0 255 199
-32.392 -39.189 0.563 0 255 165
-32.111 -37.210 0.517 0 255 85
-32.138 -39.260 0.493 0 255 131
-32.168 -39.230 0.520 0 255 174
-32.190 -39.241 0.552 0 255 153
-32.147 -39.255 0.562 0 255 170
-32.204 -39.200 0.528 0 255 153
-32.158 -39.207 0.548 0 255 119
-32.406 -39.137 0.526 0 255 221
-32.211 -39.077 0.446 0 255 153
-32.116 -39.109 0.405 0 255 161
-32.398 -38.934 0.460 0 255 161
-32.407 -38.813 0.508 0 255 165
-31.659 -38.520 0.448 0 255 195
-31.719 -38.574 0.519 0 255 123
-31.771 -38.578 0.566 0 255 110
-31.640 -38.684 0.515 12 255 0
-31.629 -38.513 0.545 0 255 136
-31.614 -38.495 0.567 0 255 114
-31.703 -37.955 0.495 0 255 123
-31.715 -38.031 0.579 0 161 255
-31.480 -37.979 0.444 0 255 144
-31.397 -37.974 0.383 0 255 182
-31.680 -38.071 0.534 0 255 170
-31.695 -37.925 0.553 0 255 123
-31.526 -38.131 0.515 0 255 161
-31.371 -37.986 0.395 0 255 157
-31.668 -38.160 0.573 0 255 131
-31.736 -37.869 0.570 0 255 161
-31.526 -38.113 0.559 0 255 144
-31.655 -38.106 0.563 0 255 208
-31.583 -37.839 0.565 0 255 136
-31.637 -37.815 0.592 0 255 89
-31.769 -37.829 0.584 0 255 165
-31.713 -37.767 0.482 0 255 161
-31.746 -38.003 0.487 0 255 187
-31.791 -38.040 0.537 0 255 178
-31.754 -37.992 0.539 0 238 255
-31.753 -37.992 0.594 0 255 140
-31.613 -37.861 0.561 0 255 191
-31.723 -37.951 0.559 0 255 182
-31.485 -37.657 0.421 0 255 97
-31.740 -37.940 0.576 0 255 97
-31.609 -37.871 0.590 0 93 255
-31.505 -37.646 0.516 0 255 131
-31.352 -38.182 0.544 0 255 182
-31.320 -38.187 0.532 0 255 148
-31.413 -37.716 0.605 0 255 195
-31.331 -37.720 0.613 0 255 174
-31.463 -37.863 0.614 12 255 0
-31.360 -38.180 0.596 0 255 119
-31.254 -38.123 0.410 0 255 157
-31.195 -37.939 0.510 0 255 136
-31.303 -37.955 0.560 0 255 148
-31.080 -37.985 0.566 0 255 68
-31.635 -37.445 0.451 0 255 148
-31.311 -37.085 0.328 0 255 195
-31.579 -37.516 0.472 0 255 148
-31.585 -37.480 0.485 0 255 123
-31.587 -37.433 0.499 0 255 178
-31.422 -37.551 0.511 0 255 178
-31.496 -37.571 0.611 0 255 242
-31.343 -37.284 0.449 0 255 161
-31.327 -37.261 0.472 0 255 127
-31.826 -37.149 0.470 0 93 255
-31.363 -37.519 0.488 0 255 170
-31.478 -37.552 0.547 0 255 225
-31.507 -37.084 0.472 0 255 204
-31.604 -37.115 0.592 0 255 131
-31.410 -37.167 0.413 0 255 182
-31.350 -37.211 0.447 0 68 255
-31.481 -37.235 0.614 0 255 174
-30.970 -37.415 0.353 0 255 144
-30.875 -37.445 0.364 0 255 242
-31.018 -37.487 0.328 0 255 136
-31.446 -37.097 0.539 0 255 174
-31.339 -37.479 0.620 0 102 255
-31.080 -37.710 0.486 12 255 0
-30.880 -37.363 0.305 25 255 0
-31.069 -37.306 0.312 0 255 144
-31.126 -37.266 0.324 0 255 170
-31.006 -37.578 0.334 0 255 127
-31.099 -37.661 0.493 0 255 80
-30.956 -37.204 0.210 0 255 161
-31.017 -37.126 0.176 0 255 127
-30.981 -37.136 0.221 0 255 255
-31.371 -37.363 0.595 0 255 157
-31.358 -37.217 0.514 0 255 178
-31.024 -37.288 0.354 0 255 127
-30.818 -37.223 0.262 0 255 119
-30.818 -37.207 0.337 0 255 148
-31.043 -37.858 0.515 0 255 165
-31.363 -37.118 0.549 0 255 123
-31.082 -37.606 0.495 0 255 106
-30.832 -37.265 0.184 0 255 89
-31.328 -37.132 0.547 0 255 191
-30.941 -37.278 0.271 0 255 55
-30.784 -37.250 0.301 0 246 255
-31.098 -37.427 0.402 0 255 102
-30.790 -37.115 0.328 0 255 233
-31.066 -37.554 0.444 0 255 170
-31.045 -37.519 0.467 0 255 246
-31.246 -37.382 0.481 0 255 144
-31.218 -37.544 0.575 0 255 106
-31.053 -37.499 0.575 0 255 80
-31.071 -37.504 0.623 0 255 131
-30.916 -37.555 0.421 0 255 144
-31.119 -37.412 0.461 0 255 148
-31.123 -37.401 0.467 0 255 34
-31.090 -37.579 0.528 0 255 191
-31.283 -37.597 0.598 0 255 165
-30.948 -37.359 0.405 0 255 208
-31.184 -37.420 0.508 0 255 204
-31.206 -37.625 0.570 0 255 170
-31.268 -37.441 0.560 0 119 255
-30.949 -37.416 0.496 0 255 170
-31.282 -37.379 0.615 0 255 161
-30.980 -37.459 0.454 0 255 178
-30.999 -37.461 0.472 0 255 182
-31.010 -37.123 0.344 0 255 165
-30.955 -37.575 0.485 0 255 136
-30.849 -37.452 0.374 0 170 255
-30.888 -37.469 0.415 0 255 153
-30.889 -37.121 0.304 0 255 127
-31.186 -37.761 0.604 0 255 136
-31.000 -37.563 0.452 0 255 195
-30.850 -37.456 0.452 0 255 161
-30.917 -37.453 0.453 0 255 148
-30.928 -37.495 0.475 0 255 170
-31.112 -37.366 0.500 0 255 195
-30.882 -37.495 0.492 0 255 161
-30.945 -37.634 0.505 0 255 161
-31.577 -38.616 0.508 0 255 170
-31.009 -37.631 0.580 0 255 157
-31.016 -37.584 0.605 0 255 114
-31.036 -37.421 0.544 0 255 250
-30.799 -37.206 0.292 0 255 136
-31.029 -37.417 0.567 0 221 255
-30.932 -37.521 0.477 0 255 182
-30.777 -37.485 0.476 0 255 89
-31.004 -37.366 0.470 0 255 127
-30.864 -37.094 0.236 0 255 157
-30.833 -37.139 0.288 0 195 255
-30.781 -37.514 0.508 0 255 153
-30.855 -37.574 0.591 0 255 76
-31.031 -37.424 0.588 0 255 187
-30.979 -37.471 0.565 0 8 255
-30.972 -37.490 0.578 0 255 157
-31.025 -37.458 0.596 0 255 182
-30.952 -37.615 0.399 0 255 212
-30.982 -37.449 0.546 0 246 255
-30.966 -37.445 0.567 0 255 119
-30.854 -37.619 0.539 0 255 212
-31.063 -37.745 0.602 0 25 255
-30.924 -37.492 0.513 0 255 182
-31.181 -37.213 0.431 0 255 204
-30.816 -37.603 0.530 0 255 136
-30.811 -37.479 0.521 0 255 136
-30.883 -37.477 0.583 0 255 153
-30.797 -37.466 0.575 0 255 127
-30.947 -37.460 0.564 0 255 119
-31.154 -37.659 0.602 0 255 119
-31.239 -37.097 0.481 0 255 165
-31.238 -37.131 0.366 0 255 110
-31.224 -37.136 0.436 0 255 127
-31.080 -37.668 0.629 0 255 246
-31.018 -37.369 0.587 0 153 255
-30.986 -37.388 0.581 0 255 199
-31.275 -37.206 0.472 0 255 199
-31.018 -37.400 0.552 0 25 255
-31.010 -37.401 0.607 0 255 174
-31.100 -37.190 0.366 0 255 174
-31.070 -37.182 0.397 0 255 165
-31.057 -37.164 0.426 0 255 246
-30.894 -37.403 0.571 0 255 153
-31.191 -37.161 0.548 0 255 148
-31.015 -37.861 0.492 0 255 199
-31.170 -37.280 0.605 0 255 165
-31.184 -37.166 0.583 0 255 68
-31.168 -37.168 0.601 0 255 229
-31.171 -37.173 0.622 0 255 204
-31.482 -38.508 0.527 0 255 153
-31.159 -37.084 0.547 0 110 255
-30.851 -37.502 0.489 0 255 157
-31.115 -37.154 0.575 0 255 153
-31.004 -37.331 0.413 0 255 178
-31.537 -38.487 0.551 0 255 195
-30.806 -37.502 0.486 0 255 165
-31.218 -37.103 0.560 0 255 191
-31.184 -37.146 0.610 0 255 123
-31.193 -37.082 0.612 0 255 123
-30.937 -37.298 0.369 0 255 178
-31.508 -38.526 0.557 0 255 89
-30.914 -37.466 0.398 0 255 182
-31.302 -37.234 0.507 0 255 136
-31.255 -37.241 0.515 0 255 131
-30.932 -37.459 0.430 0 255 161
-30.981 -37.246 0.389 0 255 89
-30.983 -37.380 0.363 0 255 165
-31.236 -37.336 0.596 0 255 161
-30.959 -37.393 0.425 0 255 85
-31.003 -37.389 0.427 0 255 136
-30.976 -37.389 0.413 0 255 110
-31.060 -37.257 0.435 0 255 161
-31.043 -37.282 0.494 0 255 170
-30.998 -37.728 0.478 0 255 170
-30.941 -37.679 0.470 0 255 229
-30.933 -37.686 0.468 0 255 153
-30.924 -37.331 0.452 0 255 178
-30.919 -37.309 0.490 0 255 174
-31.816 -38.328 0.511 0 255 178
-30.993 -37.255 0.452 0 255 131
-31.021 -37.233 0.495 0 255 165
-30.852 -37.358 0.383 0 255 140
-30.810 -37.328 0.383 0 255 165
-30.884 -37.243 0.393 0 255 246
-31.601 -38.425 0.490 0 102 255
-31.611 -38.463 0.518 0 255 80
-30.969 -37.092 0.477 0 255 136
-31.004 -37.783 0.515 0 255 187
-30.930 -37.812 0.528 0 255 212
-30.851 -37.219 0.369 0 255 216
-30.895 -37.783 0.569 0 255 161
-30.952 -37.891 0.633 0 255 204
-30.979 -37.303 0.521 0 255 161
-31.591 -38.317 0.588 29 255 0
-30.965 -37.794 0.623 0 255 165
-30.903 -37.736 0.542 0 255 157
-30.982 -37.683 0.512 0 255 153
-30.999 -37.693 0.555 0 255 182
-31.362 -38.272 0.446 0 255 153
-31.019 -37.692 0.588 0 255 148
-31.523 -38.388 0.556 0 255 114
-31.403 -38.329 0.580 0 255 80
-31.470 -38.255 0.616 0 255 148
-31.422 -38.325 0.599 0 255 170
-31.422 -38.260 0.594 0 229 255
-31.412 -38.246 0.560 0 255 140
-30.681 -37.249 0.392 0 255 114
-30.749 -37.093 0.284 0 170 255
-30.722 -37.155 0.302 0 255 123
-30.741 -37.183 0.332 0 255 127
-30.702 -37.113 0.361 0 255 161
-30.672 -37.090 0.320 0 255 161
-30.650 -37.106 0.349 0 255 148
-35.527 -39.386 0.814 0 255 144
-34.991 -39.961 0.801 0 102 255
-34.598 -40.232 0.568 0 255 212
-34.455 -40.250 0.507 0 255 238
-34.524 -40.226 0.590 0 255 161
-34.247 -39.607 0.872 0 255 178
-34.366 -39.417 0.927 0 85 255
-34.320 -39.410 0.952 0 255 229
-34.124 -39.405 0.781 0 93 255
-34.222 -39.428 0.946 0 0 255
-33.996 -41.094 0.473 0 255 225
-34.168 -39.542 0.794 0 178 255
-33.822 -40.990 0.465 0 255 221
-34.196 -39.442 0.749 0 255 148
-33.628 -40.860 0.514 0 255 204
-33.960 -41.024 0.558 0 8 255
-34.298 -39.451 0.916 0 212 255
-33.730 -40.897 0.513 0 255 25
-33.568 -40.737 0.577 0 68 255
-33.978 -40.661 0.542 0 255 131
-33.527 -40.674 0.563 0 255 110
-33.929 -40.501 0.562 0 255 216
-33.534 -40.735 0.528 0 229 255
-33.990 -40.631 0.638 0 0 255
-33.262 -40.672 0.575 0 17 255
-33.565 -40.512 0.522 0 229 255
-33.949 -40.471 0.639 0 212 255
-33.458 -40.846 0.496 0 255 225
-33.458 -40.527 0.517 0 119 255
-33.971 -40.537 0.684 0 0 255
-33.408 -40.469 0.494 0 255 144
-33.445 -40.434 0.578 0 255 136
-33.925 -40.523 0.725 0 17 255
-33.905 -40.439 0.701 0 17 255
-33.492 -40.562 0.503 0 255 119
-33.585 -39.917 0.540 0 255 157
-33.488 -40.639 0.557 0 17 255
-33.559 -39.923 0.611 0 255 59
-33.714 -40.035 0.699 0 51 255
-33.736 -39.999 0.810 0 0 255
-33.742 -40.016 0.820 0 34 255
-33.666 -39.917 0.797 0 238 255
-33.446 -40.310 0.594 0 255 199
-33.401 -40.142 0.576 0 255 161
-33.482 -40.309 0.523 0 255 174
-33.663 -39.875 0.753 0 255 212
-33.404 -40.256 0.536 0 255 165
-33.589 -39.924 0.656 0 8 255
-33.471 -40.237 0.574 0 255 110
-33.647 -39.935 0.700 0 255 187
-33.234 -40.094 0.519 0 255 212
-33.393 -40.215 0.593 0 255 212
-33.397 -40.198 0.590 0 255 178
-33.970 -39.566 0.588 0 255 161
-33.992 -39.483 0.692 0 153 255
-33.983 -39.449 0.703 0 255 144
-33.655 -39.661 0.743 0 68 255
-33.761 -39.524 0.741 0 255 187
-33.754 -39.504 0.733 0 0 255
-33.846 -39.611 0.850 0 0 255
-33.859 -39.585 0.754 0 195 255
-33.820 -39.601 0.771 0 255 157
-33.983 -39.647 0.906 0 0 255
-33.460 -40.216 0.643 0 59 255
-33.996 -39.601 0.735 0 255 136
-34.058 -39.683 0.849 0 0 255
-33.693 -39.655 0.861 0 255 250
-33.586 -39.664 0.800 0 85 255
-33.789 -39.692 0.952 0 0 255
-34.064 -39.549 0.764 0 255 110
-33.991 -39.562 0.820 0 34 255
-33.984 -39.552 0.871 0 25 255
-33.881 -39.506 0.818 0 187 255
-33.798 -39.532 0.845 0 0 255
-33.917 -39.482 0.843 0 255 127
-33.957 -39.295 0.786 0 17 255
-34.060 -39.364 0.831 0 51 255
-33.676 -39.542 0.793 0 238 255
-33.689 -39.523 0.792 0 255 233
-33.469 -39.727 0.772 0 255 199
-34.635 -38.751 0.617 0 255 144
-35.099 -39.058 0.759 0 110 255
-35.063 -39.054 0.770 0 0 255
-34.673 -39.096 0.805 0 102 255
-34.758 -39.229 0.850 0 255 161
-34.678 -39.230 0.841 0 221 255
-35.078 -38.948 0.742 0 8 255
-34.239 -38.825 0.621 0 255 195
-34.429 -38.862 0.663 0 255 161
-34.476 -39.077 0.857 0 255 119
-34.225 -39.058 0.712 0 255 216
-34.357 -38.883 0.652 0 255 165
-34.262 -38.902 0.668 0 255 148
-34.395 -38.851 0.691 0 255 153
-34.171 -39.038 0.734 0 0 255
-34.202 -39.042 0.786 0 119 255
-34.178 -39.122 0.681 0 255 140
-34.076 -39.024 0.766 0 255 161
-34.208 -38.884 0.555 0 255 246
-34.483 -39.057 0.845 0 255 148
-34.229 -39.060 0.847 0 8 255
-34.068 -38.746 0.792 0 0 255
-34.951 -38.258 0.667 0 221 255
-35.001 -38.452 0.710 0 25 255
-34.543 -38.815 0.807 0 255 229
-35.573 -37.657 0.750 0 204 255
-35.006 -38.466 0.692 0 8 255
-34.536 -38.786 0.818 0 170 255
-35.020 -38.479 0.715 0 0 255
-34.994 -38.469 0.727 0 68 255
-35.332 -37.747 0.748 0 0 255
-34.475 -38.813 0.786 0 255 153
-34.404 -38.695 0.628 0 85 255
-34.361 -38.736 0.714 0 161 255
-34.391 -38.692 0.717 0 76 255
-34.545 -38.468 0.622 0 255 187
-34.571 -38.563 0.647 0 0 255
-34.557 -38.517 0.669 0 255 174
-34.607 -38.032 0.714 0 8 255
-34.409 -38.494 0.676 0 255 165
-34.094 -37.529 0.665 0 102 255
-35.088 -37.523 0.658 0 0 255
-34.203 -37.519 0.673 0 255 89
-34.557 -37.134 0.655 0 8 255
-34.132 -37.477 0.738 0 0 255
-34.294 -37.118 0.718 0 255 225
-34.106 -37.218 0.737 0 255 144
-34.140 -37.419 0.707 0 255 195
-34.613 -38.009 0.667 0 102 255
-34.524 -38.448 0.709 0 119 255
-34.537 -38.393 0.685 0 136 255
-34.563 -38.487 0.730 0 0 255
-34.577 -38.441 0.761 0 0 255
-34.022 -39.116 0.663 0 255 178
-34.011 -39.214 0.598 0 255 153
-33.326 -38.559 0.644 0 8 255
-33.983 -39.016 0.630 0 255 165
-34.022 -39.041 0.643 0 255 233
-33.992 -39.289 0.835 0 195 255
-34.011 -38.995 0.712 0 255 208
-33.088 -38.610 0.702 0 42 255
-33.130 -38.535 0.657 0 0 255
-33.950 -39.076 0.648 0 255 157
-33.958 -39.023 0.661 0 255 204
-33.277 -38.697 0.717 0 0 255
-33.248 -38.392 0.604 0 255 131
-33.169 -38.672 0.669 0 255 157
-33.135 -38.544 0.684 0 255 161
-33.967 -39.127 0.708 0 255 144
-33.201 -38.706 0.761 0 0 255
-33.880 -39.057 0.616 0 255 153
-33.907 -39.065 0.681 0 255 250
-32.525 -38.756 0.753 0 255 161
-34.006 -38.991 0.796 0 34 255
-33.230 -38.268 0.568 0 255 170
-33.171 -38.279 0.587 0 255 170
-34.017 -38.895 0.797 0 255 204
-32.215 -39.174 0.575 0 255 161
-33.996 -38.885 0.749 0 255 165
-32.253 -39.224 0.658 0 255 140
-32.320 -38.861 0.627 0 255 182
-32.405 -39.049 0.618 0 255 195
-32.356 -38.780 0.571 0 255 153
-32.176 -39.207 0.704 0 255 170
-32.377 -38.748 0.615 0 255 216
-32.380 -39.111 0.597 0 255 127
-32.369 -39.052 0.697 0 136 255
-32.286 -38.815 0.645 0 255 204
-32.382 -38.894 0.621 0 255 212
-32.698 -39.104 0.643 0 255 136
-34.011 -38.804 0.787 0 178 255
-32.687 -38.689 0.558 0 255 144
-32.232 -38.795 0.602 0 255 165
-32.376 -38.822 0.606 0 255 157
-32.366 -39.133 0.748 0 255 157
-32.384 -38.715 0.661 0 255 148
-32.345 -38.732 0.646 0 255 170
-32.588 -38.620 0.651 0 255 174
-32.578 -38.638 0.660 0 255 157
-32.236 -38.620 0.648 0 255 153
-32.123 -39.248 0.583 0 255 153
-32.382 -38.715 0.607 0 255 170
-32.387 -38.711 0.609 0 255 216
-32.519 -38.732 0.634 0 255 191
-32.587 -38.552 0.563 0 255 216
-32.554 -38.561 0.595 0 255 170
-33.354 -38.762 0.743 0 255 93
-32.172 -38.468 0.653 0 42 255
-32.118 -38.436 0.603 0 255 136
-32.096 -38.456 0.625 0 255 161
-32.307 -38.196 0.576 0 255 123
-32.040 -38.438 0.608 0 255 21
-32.062 -38.403 0.649 0 255 161
-33.216 -38.846 0.696 0 0 255
-31.956 -38.341 0.716 0 42 255
-32.105 -38.425 0.660 0 102 255
-31.990 -38.363 0.729 0 0 255
-31.973 -38.341 0.783 0 255 140
-31.924 -38.319 0.720 0 255 144
-32.121 -38.344 0.712 0 255 119
-33.205 -38.780 0.734 0 255 195
-32.057 -38.189 0.628 0 255 165
-32.066 -38.318 0.715 0 93 255
-31.983 -38.239 0.783 0 255 131
-32.372 -39.188 0.619 0 255 148
-31.874 -38.247 0.716 0 255 148
-31.993 -38.214 0.611 0 255 144
-31.958 -38.188 0.598 0 255 157
-33.826 -38.362 0.649 0 255 148
-33.751 -38.330 0.584 0 255 187
-33.777 -38.349 0.648 0 255 174
-33.624 -38.160 0.579 0 255 161
-33.595 -38.172 0.613 0 255 221
-33.575 -38.343 0.755 0 255 144
-32.520 -39.159 0.620 0 255 140
-33.525 -38.055 0.774 0 76 255
-33.644 -38.203 0.670 0 255 161
-33.682 -37.776 0.627 0 204 255
-33.624 -38.268 0.710 0 170 255
-33.467 -38.144 0.712 0 255 255
-33.448 -38.136 0.756 0 161 255
-33.396 -38.187 0.528 0 255 131
-32.969 -37.805 0.631 0 255 148
-33.118 -37.814 0.603 0 255 170
-33.095 -37.889 0.601 0 255 127
-33.562 -38.327 0.776 0 255 242
-32.459 -39.171 0.630 0 255 136
-32.974 -37.802 0.775 0 255 153
-33.483 -38.091 0.794 0 34 255
-33.035 -37.813 0.802 0 255 148
-33.051 -37.805 0.793 0 255 97
-34.028 -37.579 0.690 0 255 212
-33.942 -37.413 0.757 0 0 255
-33.409 -37.592 0.602 0 255 148
-33.937 -37.431 0.843 0 8 255
-33.976 -37.225 0.764 0 51 255
-33.262 -37.581 0.689 0 255 119
-32.080 -38.074 0.734 0 255 144
-33.090 -37.453 0.594 0 255 127
-31.994 -37.961 0.775 0 136 255
-33.988 -37.170 0.735 0 178 255
-33.025 -37.464 0.582 0 255 127
-31.859 -38.100 0.760 0 255 174
-31.861 -38.078 0.751 0 255 174
-31.963 -38.143 0.748 0 255 119
-31.943 -38.163 0.780 0 0 255
-33.620 -37.312 0.515 0 255 161
-31.857 -38.120 0.756 0 255 165
-31.895 -38.129 0.775 0 127 255
-32.469 -39.070 0.592 0 255 165
-31.982 -37.747 0.683 0 0 255
-32.093 -37.872 0.642 0 0 255
-31.953 -37.780 0.739 0 255 170
-31.977 -37.681 0.671 0 255 165
-32.995 -37.509 0.783 0 17 255
-31.879 -37.818 0.700 0 8 255
-32.897 -37.559 0.769 0 255 238
-32.906 -37.544 0.701 0 0 255
-32.934 -37.497 0.737 0 255 148
-31.964 -37.906 0.617 0 255 140
-31.960 -37.859 0.606 0 255 161
-32.453 -37.127 0.673 0 255 127
-31.859 -37.861 0.660 0 255 199
-32.767 -37.571 0.753 0 93 255
-32.542 -37.100 0.620 0 255 136
-32.899 -37.455 0.737 0 136 255
-32.029 -37.703 0.707 0 255 204
-33.002 -37.462 0.820 0 0 255
-32.590 -37.215 0.750 0 255 165
-32.424 -37.159 0.753 0 255 216
-31.903 -37.399 0.659 0 17 255
-32.378 -37.229 0.596 0 255 216
-31.905 -37.380 0.776 0 0 255
-32.341 -37.212 0.579 0 255 170
-32.924 -37.821 0.722 0 255 170
-32.693 -38.969 0.685 0 255 144
-32.010 -37.541 0.709 0 0 255
-32.567 -39.007 0.658 0 76 255
-32.457 -38.910 0.571 0 255 178
-32.946 -37.797 0.848 0 255 119
-32.886 -37.743 0.845 0 229 255
-32.611 -38.817 0.581 0 255 157
-32.601 -38.741 0.602 0 255 157
-32.170 -38.136 0.639 0 255 38
-32.662 -38.803 0.637 0 229 255
-32.547 -38.845 0.569 0 255 148
-32.057 -38.143 0.673 0 255 161
-32.544 -38.811 0.629 0 255 178
-31.895 -38.175 0.601 0 255 131
-31.897 -38.122 0.653 0 255 161
-32.419 -38.764 0.659 0 255 178
-31.878 -38.107 0.601 0 255 229
-32.682 -38.952 0.695 0 255 136
-31.966 -38.133 0.678 0 255 153
-31.912 -38.178 0.679 0 255 157
-31.942 -38.092 0.721 0 255 199
-31.905 -38.116 0.713 0 161 255
-31.858 -38.058 0.728 0 255 170
-32.046 -38.000 0.687 0 0 255
-31.956 -37.927 0.650 0 255 161
-31.878 -38.037 0.710 0 255 208
-31.863 -38.022 0.721 0 255 161
-31.715 -38.198 0.641 0 255 221
-31.469 -38.192 0.676 0 255 136
-31.501 -38.325 0.644 0 34 255
-31.461 -38.287 0.676 0 255 140
-31.694 -38.189 0.683 0 255 174
-31.650 -38.208 0.704 0 255 144
-31.422 -38.188 0.634 0 255 153
-31.311 -38.295 0.695 0 25 255
-31.813 -38.202 0.658 0 178 255
-31.777 -37.974 0.633 0 221 255
-31.708 -37.796 0.630 0 255 212
-31.664 -37.791 0.626 0 102 255
-31.502 -38.166 0.668 0 17 255
-31.500 -38.147 0.680 0 0 255
-31.768 -38.170 0.606 0 255 225
-31.750 -38.150 0.628 0 255 68
-31.518 -38.178 0.659 0 255 148
-31.834 -38.016 0.744 0 255 153
-31.849 -37.712 0.684 0 17 255
-31.209 -37.803 0.649 0 204 255
-31.827 -38.182 0.736 0 25 255
-31.679 -37.735 0.618 0 255 157
-31.226 -37.759 0.632 0 255 225
-30.904 -37.707 0.650 0 255 148
-30.998 -37.785 0.653 0 102 255
-31.740 -37.549 0.718 0 255 242
-31.761 -37.619 0.651 0 255 110
-31.725 -37.605 0.672 0 34 255
-31.219 -37.167 0.631 0 255 212
-31.211 -37.185 0.693 0 255 174
-31.809 -37.805 0.618 0 255 153
-31.823 -37.786 0.640 0 255 131
-31.796 -37.798 0.642 0 255 165
-31.600 -38.154 0.674 0 25 255
-31.737 -37.800 0.630 0 255 165
-31.848 -37.459 0.779 0 17 255
-31.504 -37.423 0.625 0 255 110
-31.467 -37.227 0.651 0 255 191
-31.335 -37.282 0.648 0 255 140
-31.392 -37.234 0.731 0 255 170
-31.485 -37.215 0.662 0 76 255
-31.310 -37.205 0.629 0 255 195
-31.327 -37.184 0.678 0 255 199
-31.338 -37.150 0.643 0 255 250
-31.311 -37.106 0.666 0 255 174
-31.324 -37.183 0.704 0 255 208
-31.323 -37.169 0.719 0 255 187
-31.389 -37.124 0.740 0 255 165
-31.816 -38.190 0.714 0 178 255
-31.799 -38.194 0.719 0 255 195
-31.222 -37.443 0.661 0 0 255
-31.276 -37.370 0.641 0 221 255
-31.264 -37.369 0.665 0 255 191
-30.995 -37.476 0.670 0 255 212
-31.017 -37.491 0.700 0 255 195
-31.237 -37.305 0.647 0 255 195
-31.195 -37.241 0.680 0 25 255
-31.228 -37.248 0.710 0 161 255
-36.613 -30.799 0.285 0 255 246
-36.478 -30.776 0.204 0 161 255
-36.352 -30.749 0.211 0 255 114
-36.470 -30.869 0.246 0 255 250
-36.285 -30.530 0.253 0 255 250
-36.321 -30.992 0.301 0 255 221
-36.458 -30.781 0.518 0 255 80
-36.454 -30.837 0.537 0 255 187
-36.287 -30.654 0.453 0 255 148
-36.313 -30.550 0.367 0 255 174
-36.283 -30.680 0.378 0 255 178
-36.282 -30.790 0.453 0 255 136
-36.299 -30.473 0.520 0 255 46
-36.778 -30.058 0.492 0 25 255
-36.941 -29.389 0.663 0 0 255
-36.866 -29.382 0.556 0 144 255
-36.887 -29.355 0.662 0 0 255
-36.327 -29.918 0.588 0 255 182
-36.281 -30.337 0.427 0 255 174
-36.286 -29.734 0.314 0 255 182
-36.459 -29.579 0.375 0 85 255
-36.491 -29.898 0.528 0 255 238
-36.368 -29.542 0.300 0 255 216
-36.370 -29.504 0.293 0 255 165
-36.314 -29.537 0.261 0 255 174
-36.285 -29.607 0.270 0 255 174
-36.491 -29.415 0.360 0 8 255
-36.326 -29.344 0.282 0 255 157
-36.309 -29.376 0.317 0 255 157
-36.471 -29.450 0.385 0 255 238
-36.666 -29.628 0.537 0 8 255
-36.284 -29.782 0.391 0 255 199
-36.316 -29.467 0.290 0 255 174
-36.342 -29.685 0.519 0 187 255
-36.510 -29.382 0.233 0 255 165
-36.366 -29.646 0.408 0 255 157
-36.407 -29.623 0.426 0 255 170
-36.433 -29.342 0.250 0 255 170
-36.588 -29.624 0.443 0 255 221
-36.635 -29.467 0.398 0 25 255
-36.675 -29.572 0.469 0 0 255
-36.507 -29.488 0.461 0 255 119
-36.350 -29.488 0.460 0 8 255
-36.388 -29.562 0.424 0 255 204
-36.387 -29.345 0.450 0 8 255
-36.295 -29.607 0.582 0 178 255
-36.322 -29.559 0.473 0 255 174
-36.319 -29.450 0.197 0 255 212
-36.721 -29.279 0.323 0 255 165
-36.372 -29.200 0.216 0 255 204
-36.480 -29.340 0.241 0 255 178
-36.432 -29.290 0.247 0 255 255
-36.428 -29.180 0.275 0 255 161
-36.415 -29.102 0.222 0 255 165
-36.413 -29.124 0.237 0 255 165
-36.440 -29.190 0.309 0 255 153
-36.520 -29.229 0.214 0 255 195
-36.482 -29.115 0.240 0 255 182
-36.500 -29.302 0.301 0 255 191
-36.426 -28.966 0.559 0 255 153
-36.513 -29.162 0.304 0 255 221
-36.352 -28.937 0.618 0 8 255
-36.479 -29.072 0.325 0 255 250
-36.411 -29.040 0.639 0 102 255
-36.359 -29.056 0.671 0 0 255
-36.405 -29.222 0.191 0 255 136
-36.552 -29.167 0.377 0 255 182
-36.480 -29.202 0.329 0 255 144
-36.486 -29.184 0.344 0 255 229
-36.445 -29.170 0.379 0 255 157
-36.444 -29.146 0.388 0 255 170
-36.546 -29.131 0.403 0 255 174
-36.460 -29.264 0.349 0 255 187
-36.388 -29.315 0.330 0 255 233
-36.354 -29.100 0.293 0 255 165
-36.409 -29.158 0.353 0 255 153
-36.402 -29.147 0.407 0 255 229
-36.668 -29.602 0.420 0 246 255
-36.360 -28.947 0.258 0 255 127
-36.337 -28.954 0.254 0 255 140
-36.504 -29.023 0.309 0 255 225
-36.344 -29.056 0.336 0 255 233
-36.391 -28.962 0.341 0 255 136
-36.377 -29.017 0.402 0 255 140
-36.345 -28.996 0.392 0 255 157
-36.365 -28.969 0.399 0 255 144
-36.331 -28.960 0.413 0 255 255
-36.535 -29.227 0.530 0 0 255
-36.396 -29.285 0.443 0 255 144
-36.532 -29.104 0.523 0 0 255
-36.355 -29.094 0.606 0 59 255
-36.459 -28.962 0.554 0 212 255
-36.343 -29.037 0.427 0 0 255
-36.406 -29.032 0.508 0 8 255
-36.325 -28.996 0.538 0 0 255
-36.342 -28.979 0.511 0 17 255
-36.393 -28.910 0.480 0 255 233
-36.322 -28.923 0.426 0 170 255
-36.305 -28.887 0.429 0 0 255
-36.344 -28.898 0.528 0 0 255
-36.934 -28.963 0.853 0 17 255
-36.281 -29.654 0.670 0 25 255
-36.967 -29.238 0.750 0 255 208
-36.912 -29.212 0.701 0 127 255
-36.355 -29.578 0.715 0 170 255
-36.336 -29.570 0.730 0 0 255
-34.183 -36.537 0.345 0 255 161
-34.381 -36.267 0.382 0 255 182
-34.436 -36.171 0.261 0 255 195
-34.221 -35.444 0.387 0 255 140
-34.351 -35.270 0.269 0 255 140
-34.670 -35.042 0.505 0 255 140
-34.864 -34.908 0.487 0 255 174
-34.289 -35.240 0.392 0 0 255
-34.347 -35.201 0.316 0 255 182
-34.344 -35.119 0.457 0 255 187
-34.389 -35.298 0.342 0 255 216
-34.507 -34.997 0.482 0 255 187
-34.488 -35.028 0.472 0 255 178
-34.213 -35.403 0.433 0 255 165
-33.520 -36.671 0.244 0 255 157
-34.422 -34.983 0.473 0 255 157
-33.169 -36.829 0.452 0 255 229
-33.359 -36.822 0.504 0 255 221
-33.156 -36.866 0.464 0 255 153
-33.371 -36.954 0.284 0 255 165
-33.229 -36.862 0.498 0 255 119
-33.138 -36.791 0.283 0 255 157
-33.287 -36.718 0.373 0 255 191
-33.004 -37.001 0.506 0 255 216
-33.077 -36.542 0.289 0 34 255
-33.364 -36.779 0.442 0 255 136
-33.040 -36.560 0.394 0 0 255
-33.172 -36.499 0.441 0 8 255
-33.213 -36.668 0.470 0 255 106
-33.301 -36.746 0.454 0 255 114
-33.206 -36.393 0.471 0 255 110
-33.245 -36.078 0.410 0 255 238
-32.836 -37.017 0.446 0 255 174
-32.929 -36.947 0.463 0 255 153
-32.858 -36.903 0.448 0 255 182
-32.820 -36.924 0.523 0 255 165
-32.660 -37.059 0.403 0 255 148
-32.911 -37.073 0.407 0 255 165
-32.885 -37.071 0.484 0 255 106
-32.861 -37.050 0.541 0 59 255
-32.508 -36.997 0.500 0 255 148
-32.397 -36.798 0.286 0 255 131
-32.357 -36.776 0.275 0 255 170
-32.708 -36.708 0.336 0 255 153
-32.289 -36.793 0.300 0 255 174
-32.896 -36.979 0.542 0 255 136
-32.509 -36.847 0.405 0 255 246
-32.228 -36.853 0.426 0 255 174
-32.257 -36.950 0.508 0 255 161
-32.401 -36.857 0.368 0 255 216
-32.305 -37.042 0.408 0 255 161
-32.284 -36.865 0.391 0 17 255
-32.246 -36.999 0.382 0 255 157
-32.245 -36.736 0.436 0 255 182
-32.270 -36.627 0.179 0 255 106
-32.606 -36.045 0.300 0 255 106
-32.347 -36.679 0.399 0 255 170
-32.462 -35.998 0.488 0 0 255
-32.069 -36.390 0.191 0 255 178
-32.643 -36.227 0.468 0 255 131
-32.375 -36.675 0.452 0 255 63
-32.087 -36.298 0.208 0 255 187
-32.061 -36.096 0.186 0 85 255
-32.565 -36.167 0.503 0 255 136
-32.136 -36.135 0.322 0 0 255
-31.999 -36.313 0.330 0 246 255
-32.004 -36.274 0.357 0 229 255
-32.277 -36.604 0.494 0 255 178
-32.244 -36.247 0.485 0 161 255
-32.204 -36.253 0.543 0 136 255
-32.132 -36.348 0.399 0 255 89
-32.267 -36.630 0.454 0 0 255
-31.983 -36.297 0.383 0 255 170
-31.941 -36.181 0.518 0 93 255
-31.957 -36.121 0.525 0 255 123
-31.951 -36.103 0.489 0 255 119
-32.028 -36.097 0.323 0 255 29
-32.062 -36.012 0.343 0 255 204
-32.109 -36.372 0.326 0 187 255
-32.242 -36.034 0.482 0 178 255
-33.170 -35.455 0.253 0 0 255
-32.306 -36.288 0.499 0 8 255
-32.092 -36.242 0.437 0 8 255
-33.285 -35.350 0.297 0 221 255
-33.257 -35.311 0.283 0 76 255
-32.643 -35.864 0.504 0 8 255
-32.436 -35.962 0.480 0 255 123
-32.501 -35.913 0.440 0 255 212
-32.490 -35.660 0.390 0 255 191
-32.507 -35.605 0.418 0 136 255
-32.425 -35.637 0.555 0 0 255
-32.480 -35.630 0.513 0 255 229
-32.443 -36.413 0.261 0 255 114
-32.416 -35.973 0.530 0 0 255
-32.225 -35.429 0.184 0 255 178
-32.478 -35.525 0.323 0 25 255
-32.380 -35.733 0.415 0 76 255
-32.463 -35.870 0.508 0 255 242
-32.624 -35.833 0.455 0 255 208
-32.625 -35.829 0.494 0 34 255
-32.320 -35.716 0.441 0 17 255
-32.435 -35.805 0.505 0 255 127
-32.469 -35.779 0.507 0 255 114
-32.404 -35.779 0.468 0 255 191
-32.193 -35.509 0.566 0 0 255
-32.323 -35.840 0.505 0 255 161
-32.380 -35.716 0.448 0 25 255
-31.951 -35.566 0.502 0 42 255
-32.311 -35.723 0.479 0 51 255
-32.319 -35.741 0.492 0 255 242
-32.307 -35.727 0.507 0 8 255
-32.346 -35.880 0.329 0 255 119
-31.882 -35.233 0.203 0 8 255
-32.298 -35.792 0.573 0 0 255
-32.948 -35.928 0.265 0 255 204
-32.307 -35.903 0.344 0 136 255
-32.311 -35.845 0.359 0 255 165
-32.169 -35.420 0.349 0 25 255
-32.085 -35.026 0.288 0 34 255
-32.756 -35.752 0.275 0 212 255
-31.943 -35.363 0.494 0 255 72
-32.472 -36.196 0.223 0 255 80
-32.065 -35.034 0.532 0 0 255
-34.247 -33.942 0.477 0 17 255
-32.157 -35.060 0.326 0 93 255
-34.263 -33.950 0.493 0 76 255
-31.981 -35.560 0.571 0 0 255
-32.160 -35.079 0.427 0 255 250
-34.305 -33.863 0.394 0 255 89
-34.331 -33.914 0.499 0 51 255
-34.703 -34.819 0.372 0 255 233
-34.364 -33.971 0.543 0 187 255
-32.500 -36.027 0.189 0 229 255
-34.210 -33.764 0.464 0 255 191
-32.428 -35.924 0.255 0 119 255
-34.127 -33.883 0.469 0 0 255
-34.179 -33.779 0.480 0 34 255
-32.730 -36.456 0.378 0 255 229
-32.744 -36.419 0.354 0 255 170
-32.502 -35.789 0.195 0 25 255
-34.156 -33.419 0.246 0 255 250
-34.098 -33.250 0.197 0 255 127
-34.280 -33.637 0.397 0 255 161
-34.278 -33.633 0.396 0 255 191
-34.094 -33.597 0.186 0 255 127
-34.103 -33.563 0.191 0 255 114
-34.828 -34.605 0.473 0 255 182
-34.822 -34.612 0.514 0 255 144
-34.089 -33.623 0.385 0 229 255
-32.744 -36.435 0.492 0 102 255
-34.355 -33.691 0.554 0 255 144
-34.122 -33.501 0.426 0 255 216
-34.217 -33.423 0.425 0 110 255
-34.363 -32.801 0.333 0 255 140
-34.279 -33.516 0.593 0 255 199
-34.094 -33.565 0.502 0 229 255
-34.144 -32.835 0.278 0 255 127
-34.347 -32.703 0.336 0 255 204
-34.135 -33.524 0.212 0 238 255
-34.145 -32.917 0.338 0 255 204
-34.121 -32.698 0.319 0 255 233
-34.155 -33.406 0.456 0 255 255
-34.208 -32.710 0.200 0 255 195
-32.802 -35.770 0.361 0 255 199
-34.069 -33.366 0.426 0 255 157
-34.087 -32.994 0.627 0 195 255
-34.120 -33.333 0.441 0 255 144
-34.077 -33.284 0.425 0 178 255
-34.406 -32.710 0.444 0 255 250
-34.097 -33.143 0.587 0 255 225
-34.120 -33.157 0.373 0 255 140
-34.484 -32.790 0.538 0 136 255
-34.375 -32.776 0.566 0 255 229
-34.581 -32.670 0.513 0 255 153
-34.266 -33.368 0.574 0 255 195
-34.380 -32.720 0.580 0 187 255
-34.094 -33.487 0.490 0 246 255
-34.232 -32.834 0.454 0 255 153
-34.620 -32.740 0.581 21 255 0
-34.172 -32.726 0.225 0 255 238
-32.830 -35.776 0.498 0 204 255
-34.088 -32.901 0.395 0 0 255
-34.250 -32.726 0.413 0 255 157
-34.186 -32.673 0.298 0 255 165
-34.331 -32.790 0.466 0 255 221
-34.226 -32.700 0.602 0 255 221
-34.267 -32.701 0.628 0 255 187
-34.239 -32.706 0.617 0 255 229
-34.283 -32.845 0.349 0 119 255
-34.233 -32.762 0.428 0 255 208
-34.334 -32.688 0.432 0 255 225
-34.222 -32.781 0.516 0 255 178
-34.296 -32.715 0.569 0 59 255
-34.271 -32.670 0.493 0 255 131
-34.184 -32.721 0.618 0 255 204
-32.648 -35.815 0.418 0 0 255
-34.256 -32.669 0.573 0 255 178
-33.661 -34.408 0.545 0 0 255
-33.835 -33.831 0.301 0 102 255
-34.122 -32.731 0.431 0 255 229
-33.645 -34.385 0.535 0 255 72
-34.272 -32.729 0.644 0 119 255
-33.792 -33.859 0.320 0 153 255
-34.311 -32.673 0.585 0 229 255
-34.318 -32.670 0.623 0 255 165
-33.518 -33.941 0.228 0 102 255
-33.653 -33.799 0.192 0 255 4
-33.861 -34.085 0.477 0 25 255
-33.794 -34.103 0.474 0 255 144
-33.892 -33.786 0.593 0 76 255
-33.438 -34.232 0.222 0 255 157
-33.023 -34.068 0.289 0 25 255
-33.655 -33.885 0.331 0 153 255
-33.382 -33.959 0.258 0 255 199
-33.230 -34.156 0.300 0 51 255
-33.058 -34.178 0.234 0 246 255
-33.336 -34.620 0.470 0 8 255
-33.064 -34.122 0.323 0 102 255
-33.477 -33.790 0.276 0 59 255
-34.187 -33.810 0.279 0 246 255
-34.173 -33.765 0.279 0 255 153
-34.686 -32.756 0.269 0 178 255
-33.848 -33.875 0.401 0 93 255
-33.642 -33.868 0.399 0 170 255
-33.026 -33.886 0.313 0 0 255
-34.052 -33.775 0.486 0 255 148
-34.676 -32.683 0.490 0 255 216
-32.791 -34.853 0.272 0 85 255
-33.361 -34.006 0.346 0 8 255
-32.755 -34.759 0.306 0 255 148
-32.754 -34.740 0.310 0 255 165
-33.017 -34.535 0.482 0 127 255
-33.080 -34.470 0.485 0 178 255
-32.904 -34.677 0.401 0 42 255
-32.913 -34.738 0.449 0 0 255
-32.439 -34.495 0.518 0 255 178
-32.212 -34.726 0.238 0 110 255
-33.174 -34.031 0.447 0 93 255
-32.674 -34.808 0.562 0 93 255
-33.201 -34.020 0.436 0 68 255
-33.154 -34.008 0.441 0 255 204
-32.425 -34.543 0.553 0 76 255
-32.521 -34.520 0.251 0 17 255
-31.954 -34.830 0.212 0 127 255
-32.412 -34.489 0.460 0 255 153
-31.976 -34.752 0.205 0 85 255
-32.364 -34.501 0.221 0 255 161
-31.937 -34.854 0.515 0 119 255
-34.153 -33.047 0.345 0 255 157
-32.315 -34.511 0.438 0 42 255
-33.987 -33.767 0.181 0 178 255
-31.970 -34.864 0.338 0 255 174
-32.935 -34.036 0.284 0 0 255
-32.636 -34.000 0.235 0 255 242
-33.965 -33.877 0.209 0 0 255
-32.648 -33.959 0.260 0 127 255
-32.592 -33.900 0.221 0 161 255
-34.006 -33.852 0.297 0 255 157
-33.972 -33.883 0.274 0 127 255
-32.430 -34.035 0.211 0 255 72
-32.541 -33.958 0.219 0 136 255
-34.014 -33.650 0.314 0 255 170
-33.524 -33.700 0.198 0 170 255
-33.849 -33.743 0.265 0 144 255
-33.672 -33.642 0.218 0 51 255
-33.719 -33.653 0.202 0 85 255
-33.775 -33.695 0.298 0 255 229
-33.981 -33.751 0.365 0 255 106
-34.036 -33.558 0.441 0 161 255
-33.591 -33.572 0.263 0 170 255
-33.994 -33.214 0.552 0 255 161
-33.469 -33.704 0.231 0 255 225
-33.967 -33.362 0.445 0 85 255
-33.466 -33.718 0.264 0 255 182
-33.450 -33.705 0.258 0 8 255
-34.043 -33.362 0.200 0 255 157
-34.004 -33.331 0.396 0 255 123
-33.934 -33.100 0.220 0 255 144
-33.941 -33.055 0.308 0 255 153
-33.936 -33.168 0.298 0 255 199
-33.911 -32.950 0.308 0 255 161
-34.057 -32.965 0.320 0 255 174
-33.937 -33.100 0.319 0 170 255
-33.821 -32.726 0.224 0 0 255
-34.037 -32.838 0.364 0 187 255
-34.053 -32.886 0.257 0 119 255
-34.067 -32.898 0.268 0 255 199
-33.856 -32.808 0.255 0 255 140
-33.879 -33.042 0.326 0 255 216
-33.904 -33.072 0.333 0 255 119
-33.979 -32.908 0.286 0 255 165
-33.866 -33.128 0.319 0 255 153
-33.933 -32.759 0.370 0 255 178
-33.877 -32.731 0.254 0 238 255
-33.955 -33.040 0.276 0 255 131
-34.040 -32.932 0.356 0 102 255
-33.925 -32.785 0.336 0 255 144
-33.909 -32.936 0.409 0 255 212
-33.982 -32.996 0.479 0 255 212
-33.940 -32.894 0.417 0 255 144
-33.837 -33.002 0.408 0 255 187
-33.994 -32.832 0.383 0 187 255
-33.811 -33.033 0.442 0 255 165
-33.996 -33.169 0.526 0 255 170
-33.949 -33.194 0.363 0 221 255
-34.062 -32.914 0.506 0 255 131
-34.021 -32.801 0.538 0 229 255
-34.034 -32.863 0.567 0 255 255
-33.803 -32.677 0.501 0 153 255
-33.883 -32.871 0.417 0 255 161
-33.919 -32.761 0.523 0 255 250
-34.043 -32.759 0.379 0 255 148
-34.043 -33.137 0.595 0 229 255
-33.998 -32.744 0.415 0 255 106
-33.826 -32.660 0.613 0 34 255
-34.048 -32.714 0.376 0 255 140
-34.051 -32.822 0.600 0 255 199
-33.713 -33.169 0.413 0 255 97
-33.460 -33.173 0.441 0 255 157
-33.944 -32.722 0.388 0 255 161
-33.054 -33.156 0.239 0 255 250
-33.888 -32.767 0.383 0 255 238
-32.481 -33.391 0.318 0 255 233
-32.807 -33.406 0.371 0 255 174
-32.448 -33.253 0.522 0 0 255
-32.052 -33.568 0.335 0 255 238
-31.896 -33.588 0.201 0 0 255
-34.058 -33.690 0.245 0 255 153
-31.943 -33.396 0.321 0 153 255
-31.869 -33.523 0.421 0 17 255
-31.989 -33.238 0.240 0 93 255
-32.496 -32.890 0.286 0 0 255
-32.436 -32.914 0.276 0 76 255
-32.496 -32.846 0.326 0 0 255
-32.472 -32.867 0.306 0 0 255
-32.435 -32.905 0.386 0 8 255
-32.937 -32.869 0.444 0 8 255
-32.898 -32.858 0.468 0 255 242
-32.371 -33.200 0.193 106 255 0
-32.392 -33.122 0.225 0 17 255
-32.289 -33.078 0.202 0 255 102
-32.238 -33.162 0.213 0 255 106
-32.208 -33.423 0.506 0 255 208
-32.287 -32.959 0.192 0 102 255
-32.204 -33.372 0.528 0 8 255
-32.325 -33.170 0.291 0 0 255
-31.864 -32.908 0.177 0 59 255
-32.075 -33.164 0.308 0 34 255
-31.861 -32.755 0.345 0 0 255
-32.408 -33.187 0.318 0 255 148
-32.389 -33.154 0.335 0 8 255
-32.007 -33.200 0.341 0 144 255
-32.354 -33.137 0.494 0 17 255
-31.879 -32.852 0.229 0 8 255
-32.395 -33.184 0.497 0 0 255
-32.142 -33.092 0.420 0 42 255
-32.168 -33.071 0.283 0 255 221
-32.148 -33.051 0.375 0 51 255
-32.211 -33.095 0.468 0 0 255
-32.209 -33.040 0.544 0 85 255
-32.240 -32.958 0.516 0 0 255
-32.252 -33.048 0.333 0 255 102
-32.156 -33.127 0.504 0 25 255
-32.144 -33.127 0.509 0 34 255
-32.135 -33.040 0.359 0 25 255
-32.242 -32.975 0.328 0 0 255
-32.110 -33.064 0.413 0 0 255
-32.261 -32.971 0.341 0 0 255
-32.232 -33.030 0.478 0 76 255
-32.108 -33.057 0.480 0 255 165
-31.991 -33.197 0.369 0 110 255
-32.151 -33.052 0.496 0 25 255
-32.303 -32.876 0.486 0 0 255
-32.285 -32.879 0.498 0 255 212
-32.176 -32.997 0.452 0 0 255
-32.141 -32.994 0.491 0 85 255
-32.361 -33.201 0.517 0 0 255
-32.255 -32.918 0.516 0 255 246
-32.003 -33.257 0.367 0 8 255
-31.999 -33.246 0.406 0 68 255
-32.006 -33.265 0.444 0 8 255
-32.027 -33.249 0.484 0 255 221
-31.955 -33.237 0.446 0 0 255
-32.680 -33.636 0.349 0 17 255
-32.689 -33.113 0.178 0 8 255
-31.441 -36.828 0.303 0 255 161
-31.367 -36.812 0.224 0 255 136
-31.697 -36.623 0.181 0 255 165
-31.726 -36.761 0.306 0 178 255
-31.686 -36.596 0.197 0 255 153
-31.776 -36.602 0.200 0 255 148
-31.769 -36.609 0.234 0 51 255
-31.422 -36.723 0.187 0 204 255
-31.732 -36.599 0.296 0 255 140
-31.342 -36.731 0.193 0 255 144
-31.359 -36.693 0.197 59 255 0
-31.409 -36.716 0.247 0 255 153
-32.849 -33.436 0.249 0 153 255
-31.354 -36.727 0.221 0 255 148
-31.581 -37.010 0.468 0 255 161
-31.417 -36.841 0.375 0 255 144
-31.386 -36.688 0.303 0 255 140
-31.529 -36.660 0.332 0 255 123
-31.431 -36.919 0.435 0 255 170
-31.548 -37.008 0.488 0 255 165
-31.539 -36.979 0.494 0 255 195
-31.182 -36.814 0.222 0 34 255
-31.722 -37.008 0.483 0 229 255
-31.605 -36.926 0.569 0 255 131
-31.086 -36.843 0.258 0 255 123
-31.232 -36.908 0.345 0 255 93
-30.953 -36.793 0.178 0 255 165
-31.476 -37.025 0.583 0 255 221
-31.334 -36.656 0.235 0 255 123
-30.820 -36.675 0.338 0 255 178
-30.905 -36.794 0.262 0 255 144
-31.059 -36.901 0.341 0 255 178
-31.625 -36.961 0.525 0 255 119
-30.990 -36.732 0.301 0 255 174
-31.495 -36.960 0.458 0 255 148
-31.348 -36.571 0.273 0 255 221
-31.331 -36.589 0.248 0 255 161
-31.131 -36.806 0.298 0 255 42
-31.017 -36.751 0.238 0 255 148
-31.005 -36.594 0.311 0 238 255
-31.087 -36.861 0.354 0 255 199
-30.950 -36.724 0.283 0 255 136
-31.034 -36.865 0.347 0 255 157
-31.235 -37.075 0.390 0 255 204
-31.512 -36.699 0.289 0 255 238
-30.972 -36.763 0.311 0 255 153
-31.326 -36.989 0.486 0 255 110
-31.322 -36.958 0.492 0 255 131
-30.792 -36.782 0.232 0 255 182
-30.814 -36.802 0.287 0 255 148
-31.210 -37.063 0.488 0 255 89
-31.209 -37.021 0.484 0 255 119
-30.780 -36.666 0.316 0 255 216
-31.011 -36.758 0.327 0 255 174
-30.797 -36.632 0.343 0 255 161
-31.309 -36.746 0.212 0 255 106
-31.411 -37.041 0.422 0 195 255
-31.299 -36.901 0.473 0 255 182
-31.289 -37.008 0.403 0 68 255
-31.228 -36.911 0.359 0 255 127
-31.214 -36.998 0.452 0 255 199
-31.186 -36.986 0.466 0 255 161
-31.175 -36.986 0.487 0 255 148
-31.186 -36.903 0.489 0 102 255
-31.117 -37.046 0.604 0 255 140
-31.404 -36.962 0.583 0 255 165
-31.086 -37.068 0.602 0 255 216
-31.339 -36.945 0.570 0 255 127
-31.142 -37.056 0.493 0 255 131
-31.256 -37.064 0.617 0 255 161
-31.229 -36.865 0.431 0 255 131
-30.801 -37.051 0.387 0 255 182
-31.133 -37.001 0.537 0 255 110
-31.559 -36.887 0.532 0 255 136
-31.010 -36.970 0.401 0 255 187
-31.009 -36.949 0.180 0 255 89
-31.020 -36.960 0.500 0 255 51
-30.904 -36.935 0.408 0 255 195
-30.897 -36.948 0.190 0 255 106
-31.298 -36.728 0.434 0 255 182
-30.771 -36.967 0.427 0 255 170
-31.111 -36.855 0.367 0 255 182
-31.161 -36.801 0.429 0 255 161
-31.147 -36.740 0.456 0 255 12
-31.387 -36.888 0.512 0 255 42
-31.090 -36.766 0.451 0 255 178
-30.814 -37.072 0.452 0 255 136
-31.341 -36.937 0.602 0 255 212
-30.927 -36.808 0.430 0 255 187
-30.908 -36.841 0.538 0 255 136
-31.067 -36.608 0.364 0 255 255
-31.852 -36.754 0.382 0 102 255
-30.852 -36.962 0.587 0 255 127
-30.821 -36.924 0.505 0 255 119
-30.779 -36.930 0.510 0 255 153
-30.892 -36.943 0.496 0 255 131
-31.086 -36.732 0.525 0 178 255
-31.040 -36.680 0.588 0 0 255
-30.912 -36.732 0.460 0 255 131
-31.625 -36.802 0.389 0 255 165
-30.999 -36.775 0.385 0 255 195
-30.983 -36.800 0.369 0 255 144
-31.300 -37.014 0.542 0 255 127
-31.669 -36.706 0.382 0 255 233
-30.751 -36.726 0.475 0 255 191
-30.829 -36.692 0.443 0 255 178
-30.767 -36.949 0.194 0 255 114
-31.006 -36.633 0.526 0 255 161
-30.862 -36.735 0.393 0 255 178
-30.888 -36.889 0.394 0 255 161
-31.017 -36.694 0.381 0 255 127
-30.826 -36.930 0.427 0 255 178
-31.636 -36.686 0.439 0 255 127
-30.924 -36.647 0.490 0 255 119
-30.946 -36.704 0.402 0 187 255
-30.907 -36.643 0.366 0 255 140
-31.238 -36.966 0.495 0 255 127
-30.929 -36.611 0.423 0 255 148
-31.722 -36.612 0.370 0 255 187
-31.795 -36.626 0.446 0 255 187
-31.269 -36.713 0.403 0 255 161
-30.803 -36.940 0.435 0 255 144
-31.019 -36.760 0.439 0 119 255
-31.004 -36.537 0.397 0 255 216
-30.943 -36.581 0.458 0 255 148
-30.927 -36.754 0.476 0 255 242
-30.824 -36.649 0.423 0 255 153
-30.863 -36.861 0.380 0 255 178
-31.314 -36.429 0.315 0 68 255
-30.882 -36.845 0.410 0 255 144
-30.825 -36.863 0.409 0 255 161
-31.306 -36.330 0.323 0 255 114
-30.969 -36.925 0.176 0 255 51
-30.793 -36.859 0.403 0 255 178
-31.567 -36.760 0.394 0 255 165
-30.783 -36.648 0.471 0 255 136
-30.850 -36.888 0.458 0 195 255
-31.331 -36.061 0.180 110 255 0
-30.976 -36.805 0.515 0 255 136
-30.961 -36.738 0.551 0 255 131
-31.342 -35.991 0.179 0 127 255
-30.786 -36.898 0.487 0 255 178
-31.322 -36.137 0.266 0 255 182
-30.865 -36.810 0.501 0 51 255
-31.388 -35.986 0.207 0 255 182
-31.461 -36.486 0.203 0 255 110
-31.477 -36.520 0.256 0 255 119
-31.304 -36.137 0.324 0 102 255
-31.327 -36.132 0.328 0 0 255
-31.418 -36.502 0.380 0 255 140
-31.313 -36.134 0.326 0 25 255
-31.336 -36.769 0.403 0 238 255
-31.600 -36.067 0.560 0 255 161
-32.685 -32.996 0.183 21 255 0
-31.408 -36.785 0.461 0 161 255
-31.360 -36.107 0.350 0 170 255
-31.321 -36.703 0.458 0 255 161
-31.384 -36.520 0.436 0 8 255
-30.820 -36.813 0.177 0 255 174
-31.082 -36.469 0.258 0 0 255
-31.184 -36.385 0.276 0 255 119
-30.772 -36.806 0.191 0 255 187
-31.253 -36.259 0.219 0 255 72
-31.370 -36.157 0.552 0 255 144
-31.372 -36.177 0.573 0 0 255
-31.130 -36.447 0.199 0 255 153
-31.054 -36.397 0.233 0 255 191
-31.077 -36.431 0.254 0 255 178
-31.191 -36.358 0.288 0 255 153
-30.969 -37.081 0.258 0 153 255
-31.201 -36.259 0.239 0 255 144
-31.534 -36.590 0.416 0 255 242
-31.116 -36.322 0.266 0 255 165
-31.387 -36.174 0.416 0 0 255
-31.494 -36.576 0.422 0 255 199
-31.443 -36.573 0.432 0 255 225
-31.090 -36.519 0.351 0 255 182
-31.018 -36.471 0.340 0 255 131
-31.337 -36.142 0.469 0 255 208
-31.182 -36.263 0.323 0 178 255
-31.107 -36.400 0.319 0 255 119
-31.476 -36.044 0.608 0 0 255
-30.903 -36.985 0.253 0 255 174
-31.065 -36.447 0.298 0 255 25
-30.940 -36.945 0.273 0 255 174
-31.396 -36.530 0.351 0 255 165
-31.072 -36.403 0.346 0 255 165
-30.970 -36.406 0.334 0 212 255
-31.081 -36.290 0.189 0 255 204
-30.997 -36.979 0.304 0 255 140
-31.207 -36.250 0.238 0 255 178
-31.423 -36.569 0.450 0 255 238
-31.422 -36.556 0.467 0 17 255
-31.246 -36.248 0.201 0 255 46
-31.182 -36.250 0.315 0 255 170
-30.935 -36.081 0.188 34 255 0
-31.197 -36.229 0.188 0 17 255
-30.817 -35.998 0.183 0 255 144
-32.880 -32.895 0.298 0 0 255
-31.023 -36.442 0.196 0 255 187
-30.830 -36.979 0.255 0 255 178
-32.913 -32.876 0.328 0 0 255
-30.845 -36.071 0.246 0 255 148
-31.111 -36.003 0.221 0 25 255
-30.769 -36.973 0.282 0 255 153
-31.491 -36.576 0.495 0 85 255
-30.868 -36.060 0.203 0 255 106
-31.207 -36.382 0.368 0 0 255
-31.167 -36.358 0.349 0 119 255
-30.938 -35.981 0.242 0 85 255
-31.080 -36.390 0.355 0 255 153
-31.063 -36.380 0.377 0 246 255
-30.853 -36.036 0.198 0 255 76
-30.969 -36.079 0.293 0 0 255
-31.290 -36.509 0.414 0 255 157
-31.387 -36.532 0.517 0 0 255
-31.182 -36.522 0.350 0 255 229
-31.092 -36.274 0.392 0 255 72
-31.033 -36.000 0.332 29 255 0
-31.169 -36.508 0.470 0 0 255
-31.200 -36.482 0.461 0 0 255
-31.175 -36.408 0.455 0 0 255
-31.112 -36.521 0.383 0 255 102
-31.145 -36.478 0.405 0 255 157
-31.115 -36.463 0.390 0 255 127
-31.045 -36.506 0.384 0 255 140
-31.216 -36.121 0.391 0 255 131
-31.071 -36.446 0.372 0 255 165
-31.059 -36.454 0.373 0 255 153
-31.076 -36.391 0.386 0 255 178
-31.086 -36.433 0.419 0 255 131
-31.074 -36.431 0.413 0 255 170
-31.085 -36.252 0.403 89 255 0
-30.940 -36.920 0.309 0 255 153
-31.203 -36.071 0.402 0 229 255
-31.008 -36.829 0.321 0 238 255
-30.897 -36.845 0.303 0 255 136
-30.901 -36.813 0.306 0 255 161
-30.906 -36.811 0.345 0 255 233
-30.931 -36.185 0.383 0 255 161
-30.865 -36.943 0.241 0 255 136
-30.829 -36.922 0.285 0 255 191
-30.833 -36.902 0.277 0 255 170
-30.910 -36.148 0.376 0 0 255
-30.931 -36.160 0.405 0 76 255
-30.827 -36.842 0.251 0 255 187
-31.076 -36.836 0.211 0 255 170
-30.791 -36.830 0.255 0 255 242
-31.079 -37.066 0.230 0 255 106
-30.854 -36.899 0.322 0 255 148
-30.980 -35.985 0.485 0 0 255
-30.861 -36.824 0.297 0 255 106
-30.887 -36.844 0.341 0 255 153
-30.713 -36.991 0.256 0 255 216
-30.839 -36.095 0.472 0 195 255
-30.654 -37.003 0.235 0 255 127
-30.645 -37.012 0.261 0 255 178
-30.807 -36.817 0.332 0 255 170
-30.729 -37.029 0.323 0 255 161
-30.727 -37.059 0.339 0 255 178
-31.260 -36.760 0.177 0 255 144
-30.735 -36.725 0.287 0 255 93
-30.664 -36.937 0.255 0 255 174
-30.645 -36.975 0.460 0 255 153
-30.651 -36.876 0.300 0 255 174
-30.746 -36.766 0.289 0 255 153
-30.574 -37.060 0.390 0 255 136
-30.693 -36.850 0.243 0 255 165
-30.660 -36.812 0.277 0 255 199
-30.743 -36.724 0.408 0 255 246
-30.697 -36.698 0.403 0 255 174
-30.720 -36.939 0.343 0 255 187
-30.697 -36.981 0.523 0 255 204
-30.702 -36.954 0.515 0 255 127
-30.720 -36.992 0.553 0 255 144
-30.743 -36.935 0.481 0 255 157
-30.741 -36.757 0.371 0 119 255
-31.041 -36.776 0.180 0 255 17
-31.129 -36.700 0.185 0 255 242
-31.238 -36.535 0.198 0 255 216
-31.214 -36.568 0.186 0 255 68
-31.729 -35.818 0.219 0 34 255
-31.414 -35.783 0.204 0 255 136
-31.268 -36.786 0.223 0 255 144
-31.251 -36.763 0.219 0 255 123
-31.308 -35.612 0.185 0 255 4
-31.455 -35.876 0.179 0 255 59
-31.307 -35.536 0.287 4 255 0
-31.720 -35.851 0.346 0 0 255
-31.671 -35.902 0.374 0 255 165
-31.252 -36.774 0.288 0 255 161
-31.519 -35.964 0.442 0 255 170
-31.235 -36.785 0.333 0 255 131
-31.832 -35.555 0.495 0 93 255
-31.452 -35.974 0.369 0 0 255
-31.277 -36.678 0.282 0 255 216
-31.487 -35.957 0.498 0 0 255
-31.359 -35.430 0.536 0 0 255
-31.099 -36.762 0.284 0 221 255
-31.468 -35.897 0.560 0 0 255
-31.318 -35.423 0.593 0 8 255
-31.094 -36.791 0.240 0 255 25
-31.036 -36.760 0.285 0 255 144
-30.950 -35.880 0.333 0 0 255
-30.995 -35.814 0.223 0 161 255
-30.963 -35.826 0.257 0 119 255
-31.140 -36.680 0.262 0 195 255
-30.902 -35.734 0.343 4 255 0
-30.869 -35.723 0.256 0 17 255
-30.913 -35.903 0.239 0 34 255
-30.967 -35.804 0.312 0 0 255
-31.001 -35.770 0.297 0 0 255
-31.237 -35.630 0.244 0 25 255
-31.087 -36.771 0.289 0 255 187
-31.035 -35.594 0.227 0 255 170
-31.046 -35.699 0.266 0 25 255
-31.027 -35.769 0.244 0 85 255
-30.812 -35.596 0.196 0 255 191
-31.027 -35.452 0.251 68 255 0
-30.907 -35.476 0.201 0 255 144
-30.918 -35.513 0.195 0 255 170
-31.139 -35.792 0.299 0 0 255
-31.027 -35.576 0.324 0 0 255
-31.250 -36.608 0.228 97 255 0
-30.996 -35.440 0.189 0 255 212
-31.149 -35.522 0.337 0 0 255
-31.218 -35.439 0.253 0 0 255
-31.018 -35.662 0.240 0 25 255
-30.810 -35.470 0.369 0 255 182
-30.879 -35.547 0.363 0 246 255
-30.759 -35.460 0.469 0 255 242
-30.868 -35.527 0.411 0 255 165
-30.849 -35.529 0.409 0 102 255
-31.224 -35.891 0.235 182 255 0
-30.842 -35.502 0.385 0 255 225
-30.816 -35.508 0.388 0 255 165
-30.784 -35.431 0.415 0 51 255
-30.893 -35.565 0.462 0 0 255
-30.881 -35.555 0.205 0 255 250
-31.021 -35.621 0.226 0 76 255
-30.950 -35.687 0.507 0 93 255
-31.616 -35.307 0.279 0 212 255
-30.873 -35.693 0.534 0 0 255
-30.837 -35.669 0.530 0 0 255
-30.949 -35.488 0.525 0 136 255
-30.934 -35.475 0.537 0 25 255
-31.252 -36.557 0.294 0 255 144
-31.006 -35.578 0.533 0 0 255
-30.905 -35.670 0.293 0 255 246
-31.015 -35.606 0.288 0 255 161
-30.837 -35.669 0.440 0 229 255
-31.526 -35.271 0.284 0 0 255
-31.486 -35.273 0.313 0 17 255
-30.801 -35.666 0.469 0 255 204
-30.874 -35.673 0.214 0 17 255
-30.866 -35.582 0.443 0 51 255
-30.874 -35.616 0.457 0 255 229
-31.573 -35.214 0.242 0 255 221
-31.807 -34.967 0.307 0 59 255
-30.870 -35.585 0.231 0 255 144
-31.593 -35.294 0.369 0 255 136
-30.800 -35.626 0.218 0 34 255
-30.961 -35.524 0.374 0 0 255
-30.985 -35.554 0.411 0 0 255
-30.781 -35.269 0.195 0 102 255
-30.755 -35.233 0.187 0 110 255
-30.889 -35.524 0.235 0 255 114
-31.478 -35.298 0.350 0 255 157
-31.456 -35.309 0.367 0 255 170
-30.890 -35.496 0.271 0 0 255
-31.644 -35.198 0.455 0 178 255
-31.611 -35.190 0.445 0 229 255
-31.024 -35.396 0.239 51 255 0
-31.753 -35.279 0.515 0 255 85
-30.943 -35.424 0.210 0 255 182
-30.879 -35.424 0.516 0 255 170
-31.003 -35.538 0.475 0 0 255
-31.380 -35.373 0.537 0 93 255
-30.752 -35.481 0.496 0 187 255
-30.922 -35.503 0.302 0 93 255
-30.905 -35.161 0.261 0 255 68
-30.930 -35.529 0.431 0 59 255
-31.217 -35.069 0.200 0 0 255
-30.940 -35.485 0.274 0 255 225
-30.901 -35.443 0.323 0 255 148
-31.093 -34.990 0.189 0 255 161
-31.146 -35.040 0.210 0 161 255
-31.132 -35.038 0.236 161 255 0
-31.051 -34.912 0.191 25 255 0
-30.869 -35.459 0.206 0 42 255
-31.134 -35.123 0.286 0 8 255
-31.125 -35.113 0.290 0 0 255
-31.135 -35.100 0.284 0 255 250
-31.050 -35.126 0.270 0 119 255
-30.872 -35.559 0.310 0 0 255
-30.872 -35.497 0.298 0 51 255
-31.016 -34.901 0.277 0 25 255
-31.074 -35.096 0.181 114 255 0
-31.028 -35.072 0.188 0 255 153
-30.809 -35.483 0.341 0 255 174
-30.998 -34.995 0.291 0 8 255
-31.176 -35.166 0.459 0 0 255
-31.299 -35.861 0.368 0 17 255
-31.265 -35.867 0.388 0 25 255
-31.065 -35.955 0.393 0 255 93
-31.255 -35.155 0.420 0 76 255
-30.950 -35.067 0.249 0 42 255
-31.136 -35.183 0.488 0 187 255
-31.198 -35.344 0.369 0 255 106
-30.870 -35.391 0.423 0 93 255
-30.800 -35.365 0.356 0 8 255
-31.118 -35.931 0.416 0 34 255
-30.870 -35.357 0.432 0 127 255
-31.409 -35.054 0.460 0 59 255
-31.410 -35.024 0.449 0 68 255
-31.124 -35.869 0.443 0 0 255
-31.023 -35.179 0.341 0 255 208
-30.991 -35.089 0.319 0 255 136
-30.759 -35.347 0.398 0 127 255
-31.184 -35.408 0.410 0 255 136
-30.783 -35.322 0.401 0 42 255
-31.188 -35.361 0.421 0 0 255
-31.316 -34.989 0.383 0 51 255
-31.202 -35.389 0.464 0 0 255
-30.804 -35.222 0.371 0 0 255
-30.906 -35.098 0.274 0 0 255
-31.357 -34.978 0.458 0 25 255
-30.928 -35.391 0.438 0 42 255
-31.236 -35.332 0.425 0 8 255
-31.375 -35.053 0.483 0 68 255
-30.894 -35.383 0.500 0 17 255
-30.808 -35.271 0.436 0 255 229
-30.826 -35.407 0.506 0 255 59
-31.331 -35.018 0.493 0 255 170
-31.233 -35.089 0.217 0 0 255
-30.896 -35.045 0.279 0 255 89
-30.875 -35.129 0.255 0 8 255
-31.134 -35.023 0.338 0 51 255
-31.235 -35.205 0.522 0 255 161
-31.107 -35.110 0.472 0 255 161
-31.166 -35.161 0.513 0 0 255
-31.006 -34.955 0.222 0 0 255
-30.971 -34.973 0.267 0 17 255
-31.184 -35.099 0.522 0 0 255
-31.186 -35.088 0.515 0 0 255
-30.911 -35.891 0.388 0 68 255
-30.927 -35.855 0.391 0 255 170
-30.966 -35.972 0.452 0 255 93
-30.974 -35.897 0.462 0 255 46
-30.956 -35.897 0.419 0 136 255
-31.014 -35.721 0.346 0 0 255
-31.025 -35.756 0.396 0 255 238
-30.966 -35.744 0.409 0 0 255
-30.993 -35.798 0.430 0 0 255
-30.987 -35.722 0.420 0 85 255
-30.961 -35.736 0.474 0 8 255
-31.014 -35.708 0.455 0 8 255
-31.010 -35.722 0.483 0 0 255
-31.214 -35.343 0.253 0 8 255
-30.909 -35.907 0.502 0 255 178
-31.198 -35.388 0.318 0 110 255
-31.019 -35.713 0.499 0 42 255
-30.993 -35.701 0.506 0 93 255
-31.073 -35.418 0.231 0 0 255
-31.158 -35.371 0.300 0 255 136
-31.276 -35.669 0.383 0 34 255
-31.252 -35.610 0.383 0 51 255
-31.048 -35.681 0.343 0 51 255
-30.735 -35.647 0.237 0 255 178
-31.112 -35.150 0.259 0 25 255
-30.613 -35.177 0.176 0 255 195
-30.467 -35.167 0.181 0 255 110
-30.415 -35.161 0.191 0 255 178
-31.063 -35.562 0.549 0 255 153
-31.250 -35.554 0.577 0 17 255
-31.284 -35.460 0.588 0 0 255
-31.278 -35.478 0.606 0 0 255
-31.294 -35.455 0.579 0 255 165
-30.364 -35.097 0.211 0 255 250
-30.255 -35.064 0.197 0 0 255
-31.129 -35.477 0.512 0 255 208
-30.389 -35.095 0.219 0 0 255
-30.902 -35.640 0.362 0 255 148
-30.920 -35.602 0.365 0 255 12
-30.723 -37.052 0.208 0 255 136
-30.711 -37.071 0.209 0 255 127
-30.679 -36.974 0.219 0 255 131
-30.715 -36.890 0.192 0 255 80
-30.747 -36.821 0.197 0 255 161
-30.725 -37.079 0.263 0 127 255
-30.681 -37.017 0.246 0 0 255
-30.927 -35.109 0.344 0 212 255
-30.905 -35.091 0.385 0 238 255
-30.992 -35.058 0.376 0 0 255
-30.951 -35.046 0.349 0 255 174
-30.896 -35.040 0.354 0 255 170
-30.925 -35.070 0.385 0 255 136
-31.547 -34.774 0.304 0 246 255
-31.549 -34.768 0.325 0 0 255
-31.449 -34.667 0.253 0 255 72
-31.842 -34.765 0.352 0 229 255
-31.780 -34.772 0.355 0 8 255
-31.828 -34.854 0.420 0 0 255
-31.801 -34.823 0.429 0 127 255
-31.610 -34.789 0.441 0 255 174
-31.749 -34.810 0.446 0 255 153
-31.835 -34.842 0.517 0 144 255
-31.162 -34.821 0.207 0 255 174
-31.030 -34.849 0.206 0 0 255
-31.072 -34.785 0.296 0 59 255
-31.094 -34.776 0.227 0 76 255
-31.014 -34.833 0.319 0 0 255
-31.245 -34.803 0.411 0 255 136
-31.116 -34.753 0.348 0 8 255
-31.015 -34.856 0.260 0 127 255
-31.007 -34.824 0.359 0 0 255
-31.638 -33.515 0.266 38 255 0
-31.605 -33.631 0.264 0 127 255
-31.715 -33.552 0.193 0 51 255
-31.698 -33.494 0.188 0 8 255
-31.565 -33.614 0.357 0 255 182
-31.623 -33.499 0.194 0 255 140
-31.544 -33.583 0.393 0 255 216
-31.834 -33.625 0.257 0 136 255
-31.497 -33.579 0.386 0 0 255
-31.520 -33.583 0.515 0 255 157
-31.485 -33.611 0.491 0 0 255
-31.801 -33.406 0.369 0 0 255
-31.740 -33.366 0.440 0 0 255
-31.739 -33.540 0.339 0 76 255
-31.464 -33.552 0.510 0 0 255
-31.545 -33.524 0.441 0 0 255
-31.544 -33.537 0.449 0 127 255
-31.664 -33.614 0.233 0 0 255
-31.631 -33.468 0.377 0 25 255
-31.592 -33.421 0.434 0 0 255
-31.297 -33.604 0.216 0 255 119
-31.253 -33.639 0.326 0 255 225
-31.165 -33.679 0.335 0 17 255
-31.569 -33.426 0.420 0 8 255
-31.063 -33.334 0.260 0 0 255
-30.998 -33.250 0.246 0 68 255
-31.006 -33.281 0.222 0 34 255
-31.245 -33.658 0.353 0 255 191
-31.244 -33.647 0.376 0 255 140
-31.306 -33.292 0.389 0 34 255
-31.209 -33.662 0.444 0 255 165
-31.027 -33.269 0.285 0 255 174
-31.062 -33.212 0.270 0 255 191
-31.196 -33.683 0.402 0 0 255
-31.183 -33.678 0.476 0 0 255
-31.272 -33.679 0.543 0 0 255
-31.226 -33.614 0.365 0 0 255
-31.015 -33.238 0.346 0 0 255
-31.219 -33.677 0.511 0 255 85
-31.021 -33.309 0.379 0 0 255
-31.012 -33.276 0.362 0 0 255
-31.537 -33.197 0.201 0 34 255
-30.965 -33.350 0.409 0 25 255
-31.817 -32.812 0.231 0 255 136
-31.818 -32.995 0.179 0 8 255
-31.812 -32.964 0.212 0 119 255
-31.780 -32.839 0.256 0 34 255
-31.744 -32.841 0.253 0 68 255
-31.746 -32.816 0.290 0 255 157
-31.837 -32.748 0.328 0 68 255
-31.832 -33.482 0.249 0 25 255
-31.768 -33.478 0.279 0 25 255
-31.044 -33.189 0.194 0 255 170
-31.058 -33.198 0.218 0 246 255
-31.798 -33.416 0.327 0 255 131
-31.763 -33.389 0.344 0 255 250
-31.660 -33.441 0.227 0 0 255
-31.080 -33.208 0.229 0 17 255
-31.056 -33.200 0.240 0 25 255
-31.087 -33.171 0.238 0 255 195
-31.636 -33.483 0.246 0 255 157
-31.645 -33.409 0.262 0 255 93
-31.626 -33.462 0.288 0 0 255
-31.603 -33.457 0.322 0 0 255
-31.526 -33.465 0.210 0 255 195
-31.554 -33.282 0.177 0 0 255
-31.481 -33.427 0.318 0 8 255
-31.448 -33.418 0.290 0 0 255
-31.448 -33.351 0.323 0 136 255
-31.776 -33.510 0.485 0 17 255
-35.880 -32.183 0.440 0 68 255
-35.890 -32.313 0.469 0 255 153
-35.788 -32.188 0.422 0 255 102
-35.487 -32.142 0.304 0 255 212
-35.512 -32.162 0.321 0 255 178
-35.480 -32.155 0.330 0 255 221
-35.391 -32.232 0.300 0 204 255
-35.261 -32.288 0.374 0 255 161
-35.324 -32.172 0.258 0 255 131
-35.268 -32.203 0.233 0 255 97
-35.468 -32.139 0.592 0 102 255
-35.250 -32.177 0.342 0 255 233
-35.809 -31.710 0.212 0 255 144
-36.097 -31.858 0.522 0 136 255
-35.733 -31.682 0.298 0 255 102
-36.072 -31.887 0.482 0 255 157
-36.043 -31.889 0.508 0 255 216
-36.010 -31.911 0.601 0 255 204
-36.108 -31.668 0.380 0 255 233
-36.012 -31.818 0.545 0 255 136
-35.997 -31.994 0.557 0 255 216
-35.969 -31.978 0.581 0 255 187
-35.993 -31.964 0.506 0 255 174
-35.938 -31.935 0.568 0 255 238
-36.028 -32.017 0.472 0 85 255
-35.707 -31.701 0.249 0 255 72
-35.484 -31.819 0.278 0 25 255
-35.446 -31.790 0.260 0 170 255
-35.874 -31.605 0.546 0 255 89
-35.469 -31.628 0.194 0 221 255
-35.711 -32.022 0.410 0 255 144
-35.720 -32.031 0.437 0 255 165
-35.609 -32.012 0.387 0 255 182
-35.575 -32.037 0.371 0 255 12
-35.320 -31.713 0.239 0 255 250
-35.365 -31.723 0.284 0 255 161
-35.553 -32.021 0.362 0 187 255
-35.382 -31.761 0.358 0 255 136
-35.295 -32.002 0.471 0 255 174
-35.503 -31.650 0.356 0 0 255
-35.394 -32.098 0.551 0 187 255
-35.351 -31.823 0.207 0 255 225
-35.384 -31.752 0.204 0 255 161
-35.323 -31.733 0.228 0 255 170
-35.298 -31.742 0.249 0 255 212
-35.308 -32.033 0.591 0 255 204
-35.288 -32.031 0.601 0 255 199
-35.279 -31.970 0.636 0 0 255
-35.511 -31.792 0.368 0 255 80
-35.489 -31.778 0.429 0 255 76
-35.288 -31.758 0.357 0 255 153
-35.265 -32.004 0.542 0 68 255
-35.502 -31.832 0.389 0 255 131
-35.475 -31.718 0.447 0 119 255
-35.496 -32.032 0.200 0 255 238
-35.211 -32.026 0.547 0 255 170
-35.454 -31.705 0.392 0 255 136
-35.456 -31.745 0.411 0 255 114
-35.592 -31.625 0.417 0 255 68
-35.558 -31.636 0.402 0 255 153
-35.424 -31.667 0.339 0 255 165
-35.604 -31.598 0.418 0 255 93
-35.482 -31.664 0.417 0 255 63
-35.426 -31.647 0.386 0 255 144
-35.374 -31.809 0.375 0 187 255
-35.368 -31.828 0.406 0 178 255
-35.552 -31.636 0.465 0 255 38
-35.367 -31.770 0.478 0 255 204
-35.484 -31.574 0.449 0 51 255
-35.404 -31.642 0.555 0 127 255
-35.447 -31.612 0.555 0 255 63
-35.614 -32.060 0.304 0 110 255
-35.607 -32.000 0.317 0 255 165
-35.516 -32.045 0.226 0 255 225
-35.535 -32.003 0.242 0 255 195
-35.546 -32.047 0.304 0 255 165
-35.603 -31.829 0.243 0 59 255
-35.454 -31.879 0.306 0 255 199
-35.458 -31.842 0.328 0 255 131
-34.901 -32.408 0.222 0 255 204
-34.831 -32.433 0.203 0 187 255
-34.715 -32.433 0.210 0 255 80
-34.836 -32.454 0.268 0 255 225
-34.676 -32.426 0.220 0 255 127
-34.788 -32.464 0.238 0 255 136
-34.852 -32.554 0.263 0 255 85
-34.918 -32.343 0.230 0 255 178
-35.377 -32.073 0.197 0 255 93
-34.842 -32.383 0.229 0 255 153
-34.682 -32.514 0.275 0 204 255
-34.716 -32.439 0.235 0 255 140
-34.966 -32.158 0.248 0 255 123
-34.909 -32.217 0.290 0 238 255
-35.027 -32.159 0.290 0 25 255
-34.623 -32.445 0.252 0 255 136
-34.740 -32.514 0.355 0 212 255
-34.706 -32.476 0.355 0 255 157
-34.816 -32.277 0.202 0 255 161
-34.693 -32.622 0.290 0 204 255
-34.682 -32.288 0.260 0 255 157
-34.632 -32.304 0.271 0 255 199
-34.790 -32.237 0.188 0 255 161
-34.735 -32.552 0.277 0 255 250
-35.108 -32.221 0.207 0 255 246
-34.649 -32.338 0.360 0 255 161
-34.868 -32.185 0.332 0 255 182
-34.848 -32.325 0.222 0 255 187
-35.381 -31.946 0.211 0 255 195
-34.885 -32.261 0.192 0 255 182
-34.673 -32.630 0.389 0 255 161
-34.782 -32.528 0.441 0 255 208
-34.739 -32.542 0.491 0 255 174
-34.664 -32.588 0.478 0 255 229
-34.666 -32.393 0.438 0 255 153
-34.860 -32.475 0.518 0 255 204
-34.712 -32.585 0.361 0 255 123
-34.911 -32.311 0.418 0 255 216
-34.911 -32.167 0.485 0 246 255
-35.344 -32.088 0.271 0 93 255
-34.966 -32.320 0.445 0 255 229
-34.781 -32.349 0.359 0 195 255
-34.808 -32.429 0.532 0 255 161
-35.051 -32.250 0.542 0 255 119
-34.991 -32.135 0.530 0 255 182
-34.868 -32.365 0.484 0 255 216
-35.000 -32.308 0.626 0 255 110
-34.772 -32.591 0.563 0 255 153
-34.632 -32.347 0.405 0 255 242
-34.763 -32.231 0.393 0 127 255
-34.696 -32.369 0.382 0 255 144
-34.675 -32.503 0.545 0 212 255
-34.815 -32.126 0.427 0 170 255
-34.986 -32.113 0.613 0 255 191
-34.634 -32.342 0.636 0 255 89
-34.961 -32.172 0.621 0 255 136
-34.634 -32.577 0.557 0 255 114
-35.038 -32.162 0.469 0 255 195
-35.371 -31.956 0.239 0 85 255
-34.742 -32.175 0.439 0 255 165
-34.522 -32.483 0.189 0 255 136
-34.800 -32.154 0.641 0 25 255
-34.600 -32.437 0.191 0 255 161
-34.692 -32.228 0.524 0 255 174
-34.135 -32.603 0.288 0 255 161
-34.670 -32.136 0.544 0 255 170
-34.630 -32.118 0.550 0 102 255
-34.635 -32.156 0.571 0 255 178
-34.157 -32.527 0.250 0 255 170
-34.711 -32.200 0.508 0 255 238
-34.133 -32.559 0.272 0 255 250
-34.974 -32.232 0.455 0 178 255
-34.076 -32.470 0.244 0 255 182
-34.850 -32.350 0.546 0 246 255
-34.594 -32.328 0.283 0 255 165
-34.841 -32.340 0.549 0 136 255
-34.798 -32.313 0.561 0 255 212
-34.554 -32.598 0.497 0 255 208
-34.620 -32.620 0.510 0 255 208
-34.607 -32.624 0.565 0 255 131
-34.256 -32.643 0.339 0 255 199
-34.452 -32.543 0.527 0 178 255
-34.603 -32.526 0.497 0 238 255
-34.163 -32.648 0.257 0 255 165
-34.570 -32.617 0.579 0 255 148
-34.602 -32.214 0.411 0 255 170
-34.462 -32.248 0.645 0 255 123
-34.577 -32.251 0.513 0 255 174
-34.592 -32.283 0.639 0 144 255
-34.574 -32.269 0.650 0 255 216
-35.522 -31.809 0.199 0 255 255
-34.485 -32.231 0.393 0 255 144
-35.047 -32.051 0.367 0 255 144
-34.347 -32.590 0.490 0 255 38
-34.591 -32.216 0.538 0 255 170
-34.599 -32.234 0.552 0 255 144
-34.553 -32.227 0.566 0 255 157
-34.568 -32.188 0.575 0 255 208
-34.598 -32.514 0.614 0 255 204
-34.878 -32.047 0.327 0 25 255
-34.955 -32.088 0.311 0 255 140
-35.072 -31.988 0.314 0 255 114
-34.508 -32.228 0.453 0 144 255
-34.288 -32.648 0.439 0 255 165
-34.288 -32.596 0.432 0 255 187
-35.009 -31.981 0.362 0 255 144
-34.616 -32.164 0.483 0 255 165
-34.578 -32.193 0.588 0 255 178
-34.538 -32.221 0.590 0 246 255
-34.480 -32.162 0.437 0 255 161
-35.113 -32.020 0.486 0 255 127
-35.105 -32.095 0.272 0 255 144
-35.111 -32.067 0.274 0 255 153
-34.589 -32.254 0.559 0 255 242
-34.899 -32.050 0.380 0 255 178
-34.903 -32.051 0.463 0 255 229
-35.084 -32.099 0.639 0 255 80
-35.073 -32.028 0.579 0 255 204
-35.751 -31.486 0.198 0 212 255
-35.898 -31.284 0.208 0 255 102
-35.762 -31.350 0.201 0 255 136
-34.975 -32.071 0.611 0 255 119
-35.016 -32.061 0.601 0 255 233
-35.772 -31.286 0.194 0 255 140
-35.764 -31.486 0.272 0 136 255
-34.951 -32.104 0.643 0 255 178
-34.918 -32.086 0.626 0 255 153
-36.013 -31.252 0.343 0 153 255
-34.852 -32.055 0.382 0 255 191
-34.842 -32.046 0.422 0 127 255
-34.818 -32.061 0.378 0 255 148
-35.952 -31.039 0.287 0 110 255
-35.746 -31.494 0.352 0 255 131
-35.775 -31.129 0.191 0 255 199
-35.830 -31.442 0.320 0 255 246
-36.212 -31.282 0.419 0 255 204
-35.883 -31.086 0.348 0 255 157
-35.777 -31.151 0.329 0 178 255
-35.829 -31.209 0.229 0 255 174
-35.748 -31.162 0.344 0 255 110
-35.902 -31.003 0.366 0 255 106
-36.096 -31.287 0.526 0 255 221
-34.863 -31.985 0.482 0 255 140
-36.062 -31.287 0.514 0 255 140
-35.894 -31.473 0.425 0 42 255
-35.888 -31.526 0.456 0 59 255
-35.774 -31.093 0.267 0 255 148
-36.050 -31.366 0.389 0 255 153
-35.924 -31.545 0.395 0 255 238
-35.874 -31.518 0.450 0 255 170
-34.678 -32.092 0.424 0 255 229
-35.827 -31.545 0.472 0 255 148
-35.773 -31.019 0.272 0 255 165
-34.890 -31.943 0.415 0 255 136
-35.952 -31.311 0.416 0 204 255
-35.837 -31.458 0.490 0 195 255
-35.735 -31.128 0.327 0 255 204
-35.776 -31.092 0.341 0 255 68
-35.775 -31.085 0.366 0 255 204
-35.730 -31.094 0.368 0 255 229
-35.828 -31.465 0.540 0 0 255
-35.757 -31.542 0.526 0 153 255
-35.760 -31.199 0.194 0 255 153
-35.736 -31.288 0.424 0 161 255
-36.154 -31.005 0.491 0 178 255
-35.918 -31.507 0.547 0 255 157
-34.888 -32.088 0.626 0 42 255
-36.099 -31.022 0.570 0 255 225
-35.953 -31.233 0.591 0 255 131
-35.877 -31.119 0.519 0 85 255
-35.867 -31.070 0.611 0 255 161
-35.866 -31.091 0.636 0 255 165
-34.652 -32.078 0.592 0 255 153
-35.483 -31.540 0.361 0 0 255
-35.706 -31.444 0.311 0 255 157
-35.504 -31.461 0.340 0 255 165
-35.987 -31.043 0.468 0 255 178
-35.887 -31.156 0.441 0 255 170
-35.891 -31.151 0.452 0 127 255
-35.815 -31.004 0.516 0 255 170
-35.884 -31.059 0.456 0 255 199
-35.904 -31.064 0.491 0 255 140
-35.659 -31.380 0.359 0 255 191
-35.810 -31.226 0.392 0 255 204
-35.577 -31.330 0.310 0 255 165
-35.825 -31.029 0.563 0 255 204
-36.084 -31.177 0.553 0 85 255
-35.749 -31.196 0.387 0 255 191
-35.787 -31.171 0.386 0 110 255
-35.610 -31.249 0.366 0 25 255
-35.749 -31.023 0.380 0 255 148
-35.748 -31.006 0.386 0 212 255
-35.670 -31.076 0.248 0 255 178
-35.678 -31.143 0.249 0 255 153
-35.664 -31.148 0.313 0 255 165
-35.645 -31.155 0.267 0 255 153
-35.576 -31.471 0.422 0 178 255
-35.854 -31.003 0.480 0 255 157
-35.834 -31.149 0.474 0 255 127
-35.724 -31.357 0.395 0 255 182
-35.663 -31.378 0.370 0 17 255
-35.702 -31.046 0.297 0 255 136
-35.682 -31.272 0.367 0 255 178
-35.748 -31.184 0.496 0 0 255
-35.638 -31.013 0.238 0 255 144
-35.958 -31.227 0.566 0 255 153
-35.643 -31.156 0.403 0 255 195
-35.705 -31.244 0.438 0 255 225
-35.968 -31.172 0.553 0 255 144
-36.133 -30.949 0.304 0 255 127
-35.725 -31.046 0.322 0 255 165
-35.663 -31.015 0.330 0 255 153
-35.844 -30.985 0.211 0 255 153
-35.656 -31.038 0.311 0 255 63
-35.780 -30.975 0.203 0 255 153
-36.086 -30.835 0.276 0 255 72
-35.872 -30.968 0.327 0 255 170
-35.937 -30.895 0.317 0 229 255
-35.756 -30.954 0.251 0 255 148
-35.913 -30.903 0.366 0 212 255
-35.734 -30.941 0.325 0 255 161
-35.953 -30.844 0.364 0 255 161
-35.797 -30.928 0.317 0 255 140
-36.181 -30.987 0.216 0 255 191
-36.194 -30.590 0.203 0 255 144
-36.065 -30.620 0.206 0 255 148
-36.049 -30.611 0.214 0 255 136
-36.268 -30.669 0.298 0 255 59
-36.094 -30.615 0.272 0 255 161
-36.272 -30.582 0.352 0 255 123
-36.056 -30.604 0.360 0 255 246
-36.198 -30.505 0.343 0 195 255
-36.122 -30.452 0.246 0 255 140
-36.057 -30.950 0.199 0 255 144
-36.056 -30.449 0.319 0 255 195
-36.054 -30.473 0.368 0 110 255
-36.279 -30.556 0.192 0 255 131
-36.017 -30.480 0.357 0 255 161
-36.267 -30.527 0.194 0 238 255
-36.191 -30.950 0.484 0 246 255
-36.074 -30.919 0.199 0 255 114
-36.139 -30.763 0.434 0 255 165
-36.173 -30.783 0.411 0 255 204
-36.161 -30.786 0.425 0 255 233
-36.205 -30.766 0.520 0 255 242
-35.653 -30.841 0.307 0 255 182
-35.647 -30.990 0.392 0 255 174
-36.206 -30.985 0.500 0 255 250
-36.197 -30.881 0.548 0 25 255
-36.155 -30.884 0.562 0 255 144
-35.841 -30.968 0.427 0 255 165
-36.187 -30.991 0.259 0 255 208
-36.211 -30.894 0.359 0 255 161
-35.853 -30.905 0.503 0 85 255
-36.033 -30.980 0.265 0 255 178
-35.966 -30.749 0.492 0 255 182
-36.003 -30.983 0.552 0 255 250
-35.915 -30.985 0.562 0 255 148
-35.883 -30.951 0.562 0 255 131
-35.874 -30.928 0.551 0 255 182
-36.002 -30.979 0.612 0 255 182
-35.924 -30.922 0.639 0 255 153
-35.838 -30.972 0.508 0 255 153
-35.792 -30.939 0.576 0 255 182
-36.197 -30.647 0.488 0 255 140
-36.140 -30.673 0.430 0 255 140
-33.978 -32.639 0.295 0 255 148
-34.020 -32.585 0.328 0 255 140
-36.077 -30.656 0.447 0 255 216
-34.032 -32.593 0.328 0 0 255
-33.792 -32.601 0.352 0 255 187
-33.964 -32.648 0.568 0 255 165
-33.922 -32.649 0.521 0 255 123
-33.863 -32.599 0.552 0 255 195
-33.764 -32.346 0.545 0 255 76
-33.824 -32.645 0.595 0 255 195
-33.816 -32.604 0.602 0 255 178
-36.263 -30.483 0.375 0 255 212
-33.854 -32.517 0.525 0 102 255
-36.169 -30.517 0.481 0 255 204
-33.788 -32.645 0.464 0 255 204
-36.103 -30.555 0.426 0 110 255
-33.728 -32.650 0.622 0 255 51
-33.696 -32.648 0.618 0 255 127
-36.049 -30.509 0.420 0 255 170
-36.138 -30.487 0.473 0 255 191
-36.234 -30.675 0.528 0 255 144
-36.109 -30.682 0.574 0 255 42
-36.102 -30.457 0.539 0 59 255
-35.961 -30.486 0.531 0 255 127
-35.717 -30.995 0.190 0 255 153
-35.711 -30.957 0.267 0 255 212
-35.703 -30.983 0.340 0 127 255
-36.140 -30.417 0.216 0 255 246
-36.276 -30.445 0.332 0 255 110
-36.154 -30.387 0.219 0 255 161
-36.185 -30.430 0.303 0 255 161
-35.910 -30.414 0.415 0 255 242
-36.256 -30.240 0.235 0 255 165
-36.114 -30.396 0.522 0 238 255
-35.978 -30.345 0.493 0 255 246
-36.127 -30.290 0.386 0 255 195
-36.098 -30.277 0.417 0 204 255
-36.184 -29.932 0.481 0 255 199
-36.106 -30.256 0.191 0 255 140
-36.129 -30.396 0.262 0 255 204
-36.021 -30.244 0.383 0 229 255
-36.129 -30.312 0.562 0 42 255
-35.959 -30.431 0.516 0 255 191
-36.266 -30.041 0.611 0 255 246
-35.963 -30.429 0.552 0 255 144
-36.180 -29.995 0.404 0 255 136
-36.080 -30.261 0.455 0 255 144
-36.099 -30.398 0.612 0 255 195
-36.116 -30.334 0.239 0 255 161
-36.225 -30.165 0.425 0 255 89
-36.227 -30.248 0.554 0 255 110
-36.191 -29.981 0.461 0 255 170
-36.276 -30.015 0.575 0 136 255
-36.088 -29.914 0.428 0 255 178
-36.215 -30.012 0.574 0 255 148
-36.201 -30.014 0.518 0 255 144
-36.174 -30.288 0.551 0 255 161
-36.069 -30.176 0.516 0 255 212
-36.021 -29.949 0.421 0 255 170
-36.118 -30.014 0.471 0 255 170
-36.090 -29.990 0.478 0 255 182
-36.223 -29.916 0.463 0 255 216
-36.256 -29.701 0.198 0 255 242
-36.212 -29.713 0.184 0 255 178
-36.123 -29.786 0.309 0 204 255
-36.123 -29.756 0.310 0 255 127
-36.168 -29.747 0.195 0 255 174
-36.145 -30.361 0.523 0 255 195
-36.117 -29.658 0.253 0 255 148
-36.083 -30.300 0.524 0 255 221
-36.089 -29.840 0.347 0 255 144
-35.990 -30.021 0.390 0 255 144
-36.178 -30.303 0.258 0 255 153
-36.166 -30.261 0.282 0 255 204
-36.158 -29.659 0.212 0 255 153
-36.066 -29.859 0.327 0 255 157
-36.209 -29.647 0.250 0 255 153
-36.062 -29.828 0.336 0 255 170
-36.243 -29.835 0.368 0 204 255
-36.218 -30.319 0.584 0 0 255
-36.100 -29.636 0.276 0 255 161
-36.042 -29.788 0.323 0 255 170
-36.270 -29.686 0.384 0 255 161
-36.250 -30.264 0.363 0 255 161
-36.082 -29.726 0.338 0 255 204
-36.184 -29.742 0.277 0 255 246
-36.088 -29.869 0.287 0 255 170
-36.258 -29.368 0.232 0 255 204
-35.955 -29.681 0.262 0 255 165
-35.934 -29.635 0.264 0 255 106
-36.202 -29.678 0.454 0 255 199
-36.217 -29.757 0.604 0 255 165
-36.265 -29.783 0.547 0 255 136
-36.275 -29.690 0.506 0 0 255
-36.133 -29.665 0.619 0 255 148
-36.121 -29.682 0.652 0 255 216
-36.203 -29.762 0.633 0 255 178
-36.057 -29.705 0.463 0 255 191
-36.256 -29.566 0.410 0 255 161
-36.074 -29.633 0.514 0 255 153
-36.047 -30.256 0.263 0 255 174
-36.211 -29.616 0.464 0 255 165
-36.017 -30.252 0.303 0 255 182
-36.148 -29.546 0.319 0 221 255
-36.074 -30.175 0.272 0 255 225
-36.207 -29.612 0.495 0 212 255
-36.149 -29.548 0.503 0 255 136
-36.154 -29.555 0.513 0 255 195
-36.202 -29.870 0.400 0 255 153
-36.252 -29.536 0.206 0 255 144
-36.004 -29.544 0.461 0 255 144
-36.109 -29.605 0.479 0 255 178
-36.190 -29.554 0.554 0 255 68
-36.211 -29.780 0.400 0 255 131
-36.245 -29.777 0.407 0 255 123
-36.250 -29.744 0.607 0 51 255
-36.224 -29.753 0.630 0 255 174
-36.133 -29.587 0.671 0 34 255
-36.197 -29.834 0.477 0 255 144
-36.179 -29.851 0.516 0 255 136
-36.090 -29.673 0.568 0 136 255
-36.076 -29.685 0.597 0 42 255
-36.157 -29.765 0.475 0 255 178
-35.971 -30.177 0.376 0 255 182
-36.260 -28.926 0.488 0 255 250
-36.147 -30.077 0.278 0 187 255
-36.082 -30.050 0.300 0 255 97
-36.063 -30.053 0.283 0 255 216
-36.133 -30.143 0.332 0 255 242
-36.098 -30.110 0.347 0 85 255
-36.150 -29.972 0.344 0 229 255
-36.148 -29.907 0.382 0 255 119
-36.115 -29.941 0.360 0 255 182
-35.954 -30.103 0.372 0 255 161
-35.963 -30.062 0.346 0 255 165
-35.996 -30.067 0.369 0 255 204
-35.970 -30.078 0.377 0 255 165
-36.211 -30.403 0.498 0 0 255
-34.359 -37.066 0.624 0 255 233
-34.109 -36.874 0.588 0 255 204
-34.273 -36.908 0.665 0 255 153
-34.281 -36.876 0.681 0 195 255
-34.098 -37.073 0.766 0 255 246
-34.898 -36.472 0.541 0 59 255
-34.861 -36.337 0.658 0 144 255
-34.201 -36.801 0.584 0 255 221
-34.377 -36.329 0.495 0 17 255
-34.432 -36.208 0.603 0 127 255
-34.492 -36.031 0.487 0 255 161
-36.148 -35.159 1.117 0 8 255
-34.618 -35.960 0.499 0 255 140
-34.847 -35.763 0.511 0 68 255
-34.977 -35.145 0.547 0 178 255
-35.038 -35.036 0.772 0 255 195
-34.368 -35.253 0.598 0 255 161
-34.349 -35.271 0.623 0 255 174
-34.387 -35.177 0.655 0 34 255
-34.469 -35.050 0.586 0 255 127
-34.516 -35.159 0.872 0 255 127
-34.065 -36.772 0.650 0 0 255
-32.985 -37.038 0.540 0 255 157
-32.983 -37.004 0.716 0 17 255
-33.216 -36.874 0.582 0 255 157
-33.164 -36.734 0.662 0 17 255
-33.222 -36.935 0.628 0 0 255
-33.240 -36.581 0.662 0 42 255
-33.157 -36.792 0.767 0 51 255
-33.148 -36.770 0.716 0 0 255
-33.058 -36.574 0.602 0 17 255
-33.349 -36.252 0.568 0 0 255
-33.204 -36.092 0.560 0 255 140
-33.366 -36.781 0.611 0 255 4
-33.285 -36.786 0.630 0 0 255
-32.855 -36.940 0.592 0 255 157
-32.928 -37.067 0.735 0 255 144
-32.902 -36.953 0.559 0 255 195
-32.889 -36.900 0.749 0 255 165
-32.882 -37.050 0.696 0 68 255
-32.459 -37.029 0.569 0 255 148
-32.778 -36.984 0.804 0 42 255
-32.890 -37.019 0.679 0 0 255
-32.926 -37.007 0.654 0 255 140
-32.879 -36.952 0.766 0 25 255
-32.515 -36.372 0.573 0 255 157
-32.064 -36.294 0.619 0 0 255
-32.264 -36.089 0.630 0 0 255
-33.385 -35.321 0.604 0 136 255
-33.351 -35.387 0.576 0 0 255
-33.366 -35.433 0.560 0 85 255
-32.713 -35.923 0.588 0 255 208
-32.734 -35.880 0.565 0 0 255
-32.451 -35.703 0.588 0 0 255
-32.345 -35.652 0.607 0 42 255
-31.974 -35.540 0.605 0 255 136
-32.183 -35.559 0.614 0 76 255
-32.916 -35.009 0.583 0 8 255
-32.867 -34.983 0.642 0 0 255
-34.806 -34.633 0.598 0 255 144
-34.938 -34.436 0.613 0 161 255
-35.513 -32.886 0.705 0 204 255
-34.109 -33.386 0.634 0 238 255
-34.312 -33.514 0.615 0 255 165
-34.926 -32.940 0.665 0 255 161
-35.034 -32.952 0.747 0 76 255
-34.143 -33.347 0.651 0 187 255
-34.392 -33.074 0.760 0 8 255
-34.094 -33.147 0.708 0 255 148
-34.594 -33.030 0.697 0 68 255
-34.110 -33.285 0.722 0 110 255
-34.234 -32.794 0.686 0 255 157
-34.277 -32.816 0.713 0 255 161
-34.403 -32.908 0.685 0 255 157
-33.551 -34.451 0.712 0 8 255
-33.583 -34.413 0.741 0 0 255
-33.125 -34.545 0.659 0 0 255
-33.154 -34.511 0.698 0 8 255
-32.761 -34.713 0.721 0 0 255
-32.581 -34.372 0.683 0 0 255
-31.870 -34.852 0.629 0 93 255
-34.016 -33.311 0.692 0 119 255
-34.010 -33.223 0.694 0 255 212
-34.059 -33.187 0.679 0 255 187
-33.974 -32.867 0.714 0 0 255
-33.990 -33.155 0.637 0 255 221
-34.054 -33.076 0.679 0 255 123
-34.015 -32.753 0.661 0 161 255
-31.411 -36.969 0.649 0 255 29
-31.393 -37.057 0.622 0 255 110
-31.421 -37.010 0.667 0 255 136
-31.407 -36.973 0.689 0 255 127
-31.365 -37.036 0.669 0 255 178
-31.300 -37.076 0.631 0 255 161
-31.218 -37.036 0.668 0 255 157
-31.246 -36.960 0.660 0 246 255
-31.301 -36.974 0.681 0 178 255
-31.214 -36.780 0.649 0 0 255
-31.094 -36.794 0.635 0 0 255
-31.078 -36.707 0.633 0 255 182
-31.014 -36.760 0.660 0 255 170
-31.473 -35.982 0.613 0 0 255
-35.708 -32.471 0.680 0 0 255
-35.689 -32.309 0.628 0 255 131
-35.544 -32.229 0.632 0 255 136
-35.485 -32.161 0.627 0 255 208
-35.303 -31.953 0.685 0 0 255
-35.416 -32.072 0.646 0 255 225
-35.392 -32.101 0.687 0 170 255
-34.698 -32.459 0.733 0 255 221
-34.667 -32.492 0.769 0 51 255
-34.626 -32.283 0.655 0 212 255
-34.643 -32.292 0.710 0 0 255
-34.681 -32.275 0.699 0 255 38
-35.363 -32.168 0.660 0 195 255
-34.865 -32.231 0.664 0 59 255
-34.687 -32.633 0.739 0 85 255
-34.695 -32.499 0.801 0 25 255
-34.630 -32.314 0.713 0 255 182
-34.680 -32.457 0.675 0 204 255
-35.342 -32.164 0.772 0 8 255
-34.672 -32.464 0.710 0 255 204
-34.513 -32.634 0.678 0 127 255
-34.759 -32.385 0.710 0 255 131
-34.529 -32.607 0.696 0 255 157
-34.683 -32.420 0.819 0 0 255
-34.621 -32.168 0.735 0 255 157
-34.703 -32.381 0.794 0 255 238
-34.599 -32.575 0.655 0 178 255
-35.021 -32.026 0.687 0 255 140
-34.565 -32.225 0.659 0 255 136
-35.018 -32.070 0.696 0 255 161
-34.558 -32.194 0.664 0 85 255
-34.945 -31.974 0.664 0 0 255
-34.953 -32.066 0.697 0 255 204
-34.965 -32.048 0.683 0 255 165
-34.978 -32.128 0.769 0 255 59
-34.556 -32.191 0.730 0 0 255
-36.069 -31.176 0.669 0 0 255
-35.868 -31.202 0.647 0 255 127
-35.899 -31.162 0.667 0 255 216
-34.897 -32.014 0.666 0 59 255
-35.786 -31.051 0.664 0 255 229
-36.037 -30.816 0.657 0 255 165
-35.776 -31.213 0.674 0 17 255
-35.843 -31.126 0.765 0 0 255
-35.793 -31.139 0.692 0 0 255
-35.974 -30.896 0.648 0 0 255
-34.607 -32.543 0.806 0 255 187
-35.886 -31.092 0.705 0 255 140
-35.974 -30.952 0.663 0 0 255
-35.938 -30.934 0.686 0 255 136
-35.892 -30.831 0.735 0 0 255
-35.835 -30.771 0.696 0 0 255
-33.354 -32.391 0.692 0 68 255
-36.079 -29.750 0.714 0 17 255
-36.116 -29.637 0.688 0 0 255
-36.231 -29.825 0.682 0 255 178
-36.242 -29.837 0.698 0 0 255
-36.187 -29.826 0.668 0 17 255
-36.207 -29.866 0.702 0 68 255
-36.246 -29.597 0.766 0 204 255
-36.184 -29.768 0.682 0 255 123
-36.190 -29.768 0.715 0 255 123
-36.176 -29.749 0.695 0 255 136
-36.155 -29.738 0.720 0 255 123
