-12.467 -31.297 0.800 0 255 161
-12.477 -31.052 0.919 0 255 89
-12.588 -31.159 1.513 0 255 110
-12.414 -30.938 1.312 0 255 182
-13.819 -30.647 0.698 0 255 63
-12.437 -31.028 1.010 0 255 127
-12.677 -31.037 0.972 0 255 157
-12.621 -31.307 0.690 0 255 170
-12.769 -31.508 0.889 0 255 157
-13.621 -30.743 0.958 29 255 0
-13.701 -30.691 0.488 0 255 63
-12.526 -31.342 0.729 0 144 255
-12.544 -31.303 0.731 0 255 157
-12.488 -31.054 0.823 0 255 140
-12.498 -31.451 1.329 0 255 148
-12.519 -31.491 1.421 0 255 199
-13.595 -30.826 1.220 0 255 119
-12.924 -31.204 0.291 0 255 157
-12.806 -31.490 0.874 0 255 148
-12.477 -31.118 1.178 0 255 102
-12.566 -31.406 1.451 0 255 225
-13.482 -30.858 0.695 0 255 123
-12.433 -31.300 1.189 0 136 255
-12.537 -31.279 0.291 0 255 157
-12.675 -30.525 1.225 0 255 148
-12.436 -31.102 1.316 0 255 136
-12.478 -31.085 0.816 0 0 255
-12.701 -31.295 0.930 0 255 127
-13.863 -30.784 0.379 0 0 255
-12.465 -30.892 1.257 0 255 161
-12.450 -31.284 0.827 0 255 178
-12.449 -31.188 0.749 0 127 255
-12.527 -31.547 1.331 0 255 80
-12.721 -31.523 1.217 0 255 136
-13.777 -30.701 1.463 0 255 144
-12.557 -31.419 1.257 0 255 68
-13.034 -31.185 0.772 0 255 136
-12.447 -31.273 0.901 0 255 170
-12.688 -31.506 0.872 0 255 127
-12.462 -31.029 1.017 0 255 123
-13.689 -30.678 1.318 0 255 148
-12.635 -31.286 0.645 0 255 144
-13.602 -30.846 0.359 0 204 255
-12.700 -31.452 0.676 0 255 174
-12.418 -31.308 1.104 0 255 161
-12.415 -31.056 0.881 0 255 140
-12.713 -31.280 0.753 0 255 140
-12.659 -31.043 0.580 0 85 255
-12.487 -31.095 1.213 0 255 161
-12.447 -31.269 1.275 0 255 136
-13.654 -30.607 0.560 0 255 0
-12.383 -31.026 1.268 0 255 106
-13.646 -30.784 1.283 0 255 127
-13.684 -30.777 1.305 0 195 255
-12.443 -31.176 1.280 0 255 148
-12.446 -31.183 0.979 0 255 106
-12.509 -30.999 0.868 0 255 178
-12.542 -31.307 0.310 0 255 161
-12.592 -31.119 1.434 0 255 178
-12.559 -30.754 1.089 0 0 255
-12.492 -31.194 0.576 0 255 178
-12.512 -31.339 0.789 0 255 123
-12.545 -31.247 0.420 0 255 174
-12.846 -31.541 1.257 0 0 255
-12.472 -30.870 1.258 0 255 178
-12.634 -31.324 0.606 0 255 157
-12.466 -31.252 0.896 0 255 174
-12.448 -31.123 1.018 0 255 123
-12.726 -31.344 0.413 0 255 165
-12.472 -31.304 1.147 0 255 89
-12.610 -31.066 0.563 0 255 144
-12.478 -31.215 0.260 0 255 178
-12.587 -31.425 0.311 0 0 255
-13.605 -30.883 0.187 0 68 255
-12.827 -31.543 1.169 0 255 191
-12.632 -31.314 0.447 0 17 255
-13.061 -30.348 1.116 0 255 161
-12.479 -31.235 1.378 0 255 93
-13.796 -30.688 1.154 0 255 63
-12.593 -31.187 1.076 0 255 165
-13.939 -30.648 0.672 0 255 153
-12.491 -31.340 0.769 0 255 148
-13.671 -30.629 0.778 0 255 59
-12.598 -30.687 0.732 0 255 238
-13.727 -30.596 1.058 0 255 46
-12.855 -31.176 1.285 0 255 216
-12.548 -31.288 0.421 0 255 157
-12.479 -31.245 1.370 0 255 208
-12.514 -31.119 1.062 0 255 170
-12.445 -31.218 1.344 0 255 131
-12.370 -31.014 1.212 0 255 161
-12.454 -31.038 0.868 0 255 161
-12.450 -31.200 1.268 0 255 123
-12.413 -31.233 1.303 0 255 119
-13.697 -30.645 0.759 0 255 80
-12.515 -31.178 0.488 0 255 165
-12.462 -31.334 1.288 0 255 165
-12.534 -31.402 1.312 0 255 191
-12.669 -30.568 1.089 0 255 187
-12.483 -31.183 1.054 0 255 123
-12.787 -30.435 1.091 0 255 136
-12.666 -31.415 0.665 0 255 140
-12.448 -31.018 1.330 0 255 182
-12.628 -31.356 0.384 0 255 140
-12.509 -31.309 0.776 0 255 136
-12.646 -31.154 1.471 0 255 106
-12.450 -31.125 0.955 0 255 102
-12.435 -31.443 1.338 0 255 157
-12.492 -31.326 1.379 0 255 127
-12.819 -31.532 1.247 0 255 140
-12.739 -31.490 1.411 0 0 255
-12.872 -31.559 1.270 0 0 255
-12.811 -31.553 0.986 0 255 178
-13.551 -30.871 0.248 0 195 255
-12.715 -31.214 1.270 0 255 102
-12.886 -30.982 1.468 0 255 140
-13.733 -30.640 0.912 0 255 97
-12.532 -30.978 1.424 0 0 255
-12.482 -31.189 0.690 0 255 165
-12.453 -31.046 1.057 0 255 110
-12.481 -31.227 1.436 0 187 255
-12.427 -31.319 1.112 0 255 148
-13.027 -31.213 1.037 0 0 255
-12.497 -31.125 1.120 0 255 136
-12.468 -31.222 0.860 0 255 114
-12.558 -31.275 0.673 0 255 212
-12.575 -31.141 1.507 0 255 93
-12.469 -31.188 0.932 0 255 119
-13.601 -30.699 0.722 0 255 59
-13.762 -30.626 0.808 0 255 46
-13.556 -30.795 0.164 0 0 255
-12.644 -31.317 0.364 0 255 161
-13.652 -30.651 0.770 0 255 25
-12.516 -31.516 1.311 0 255 97
-12.760 -31.048 0.208 0 85 255
-13.045 -31.208 1.256 0 255 114
-12.630 -31.218 0.197 0 8 255
-12.486 -31.365 1.268 0 255 72
-12.550 -31.429 0.814 0 255 119
-12.563 -30.982 1.023 0 0 255
-12.481 -31.114 1.150 0 255 127
-13.858 -30.619 0.446 0 255 165
-12.627 -31.301 0.656 0 255 182
-12.726 -31.057 1.198 0 255 174
-13.592 -30.755 1.235 0 255 29
-12.438 -30.870 1.032 0 0 255
-12.778 -31.521 1.081 0 255 106
-12.917 -30.907 1.506 0 0 255
-13.601 -30.718 0.410 0 119 255
-12.484 -31.084 0.877 0 221 255
-12.380 -31.067 1.256 0 255 127
-12.526 -31.387 0.917 0 255 131
-12.799 -30.995 1.673 0 0 255
-12.918 -31.304 1.215 0 255 136
-12.400 -31.010 1.278 0 255 136
-12.472 -31.344 1.094 0 255 123
-12.411 -31.234 0.997 0 255 110
-12.445 -31.068 1.288 0 255 123
-12.451 -31.053 1.369 0 255 187
-12.543 -31.399 0.777 0 255 140
-12.481 -31.374 1.349 0 255 148
-12.601 -30.696 1.200 0 255 174
-13.593 -30.650 0.500 0 255 38
-12.515 -31.356 0.750 0 255 170
-12.423 -31.130 1.286 0 255 148
-12.649 -31.376 0.558 0 255 153
-12.400 -30.992 1.086 0 255 148
-12.524 -31.124 0.398 0 255 153
-12.601 -31.460 0.872 0 255 123
-12.544 -31.381 1.434 0 255 161
-13.807 -30.722 1.404 0 212 255
-12.651 -31.379 0.631 0 255 144
-12.911 -31.293 1.211 0 255 106
-12.906 -31.167 0.167 0 255 157
-12.806 -31.252 0.858 0 255 153
-12.471 -31.410 1.349 0 255 170
-12.859 -31.547 1.178 0 0 255
-13.457 -30.779 0.685 0 0 255
-12.536 -31.135 0.473 0 42 255
-13.570 -30.669 0.577 0 255 4
-12.675 -31.446 0.423 0 255 153
-12.580 -31.287 0.560 0 255 161
-12.473 -31.129 0.934 0 255 233
-12.621 -31.338 0.705 0 255 178
-12.514 -31.368 1.322 0 255 119
-12.438 -31.149 0.968 0 255 136
-12.529 -31.387 1.444 0 255 187
-12.465 -31.204 0.928 0 255 174
-12.640 -31.125 1.659 0 93 255
-12.833 -31.507 0.735 0 255 161
-12.513 -31.239 0.377 0 255 153
-12.456 -31.073 1.067 0 255 114
-13.877 -30.675 0.918 0 255 123
-12.462 -31.284 1.015 0 255 165
-12.725 -31.428 1.455 0 25 255
-12.488 -30.967 0.680 0 17 255
-12.461 -31.160 1.124 0 255 123
-13.543 -30.729 1.106 0 255 17
-12.564 -31.300 0.257 0 255 225
-12.585 -31.014 1.522 0 0 255
-12.509 -31.433 1.054 0 34 255
-12.597 -31.234 1.246 0 255 123
-12.408 -31.151 0.844 0 255 131
-13.507 -30.738 0.685 0 255 80
-12.569 -31.132 1.626 0 255 165
-12.568 -31.292 1.330 0 255 182
-12.519 -31.082 0.658 0 255 148
-14.003 -30.545 0.751 0 0 255
-12.416 -31.199 1.070 0 255 127
-13.509 -30.819 0.650 0 25 255
-12.610 -31.477 1.038 0 255 136
-12.807 -31.331 1.182 0 255 127
-12.518 -31.387 1.038 0 255 110
-12.964 -31.288 1.270 0 255 148
-12.515 -31.359 0.819 0 255 119
-12.582 -31.052 0.641 0 255 161
-12.651 -31.352 0.564 0 255 148
-12.778 -31.289 0.500 0 255 165
-12.546 -31.066 0.873 0 255 119
-12.559 -31.407 0.822 0 255 127
-13.886 -30.725 0.534 0 255 233
-12.549 -31.274 0.956 0 8 255
-13.731 -30.667 1.336 0 255 140
-12.539 -31.047 0.772 0 255 165
-12.690 -31.313 1.229 0 255 123
-13.444 -30.749 1.043 0 0 255
-12.500 -31.290 1.423 0 255 114
-12.390 -31.166 1.338 0 255 127
-13.736 -30.811 0.396 0 25 255
-12.651 -31.413 0.443 0 255 157
-12.488 -31.074 0.966 0 195 255
-12.710 -31.335 1.060 0 255 114
-12.756 -31.507 1.055 0 255 140
-12.443 -31.242 0.875 0 255 110
-12.579 -31.296 0.390 0 255 161
-12.393 -30.962 1.153 0 255 119
-12.618 -31.277 0.677 0 255 255
-12.646 -31.406 0.413 0 255 144
-12.614 -30.984 0.856 0 255 110
-12.634 -31.409 1.446 0 212 255
-12.505 -31.171 1.184 0 255 127
-12.510 -31.190 0.403 0 255 204
-12.469 -31.179 0.575 0 255 182
-12.474 -31.259 1.023 0 255 114
-12.638 -31.414 0.270 0 255 153
-12.654 -31.119 1.541 0 255 182
-12.483 -31.146 1.311 0 255 161
-12.549 -31.234 1.076 0 255 89
-12.480 -31.354 1.182 0 255 93
-12.611 -31.352 0.184 0 255 157
-12.430 -31.167 0.836 0 255 136
-12.637 -31.484 1.128 0 255 131
-12.625 -31.348 0.212 0 255 229
-13.707 -30.744 1.446 0 255 242
-12.429 -31.204 0.785 0 255 157
-12.633 -31.334 0.541 0 255 170
-12.536 -30.921 0.446 0 221 255
-12.570 -30.942 0.403 0 255 233
-12.842 -31.292 1.097 0 255 131
-13.756 -30.682 0.940 0 255 106
-12.550 -30.962 0.500 0 255 221
-12.543 -31.412 1.144 0 255 182
-13.512 -30.832 0.900 0 255 51
-12.452 -31.106 1.234 0 255 199
-12.444 -31.256 1.226 0 255 148
-12.646 -31.347 0.503 0 255 153
-12.567 -31.176 1.517 0 255 114
-12.541 -30.782 1.147 0 255 144
-12.448 -31.225 1.186 0 255 136
-13.900 -30.673 0.570 0 0 255
-12.491 -31.025 0.739 0 255 140
-13.706 -30.645 1.446 0 255 72
-12.663 -31.215 0.286 0 59 255
-12.734 -31.319 0.316 0 255 165
-12.571 -31.060 1.444 0 255 131
-12.562 -31.237 1.488 0 255 182
-12.619 -31.464 1.253 0 255 102
-13.577 -30.770 0.376 0 238 255
-13.413 -30.785 1.079 0 255 17
-13.869 -30.752 1.422 0 0 255
-12.445 -31.070 0.923 0 255 106
-12.494 -31.419 1.004 0 255 136
-12.428 -31.226 0.930 0 255 148
-12.844 -31.509 1.311 0 229 255
-12.977 -31.257 1.136 0 25 255
-12.666 -31.512 1.289 0 255 191
-13.653 -30.728 1.492 0 255 119
-13.544 -30.861 1.031 0 255 12
-12.574 -30.994 0.799 0 255 161
-12.576 -31.372 1.493 0 255 174
-12.641 -31.409 0.251 0 255 182
-12.648 -31.286 0.332 0 255 153
-12.745 -31.338 1.522 0 0 255
-12.681 -31.218 1.088 0 255 127
-12.669 -31.422 0.647 0 255 136
-13.839 -30.659 0.460 0 59 255
-12.648 -31.474 0.752 0 255 136
-12.436 -30.988 1.316 0 178 255
-12.563 -31.293 0.597 0 255 161
-13.436 -30.763 0.649 0 0 255
-13.726 -30.696 1.094 0 255 42
-12.595 -31.027 0.857 0 255 119
-12.510 -31.374 1.372 0 255 136
-12.436 -30.877 1.070 0 8 255
-12.527 -31.059 1.379 0 0 255
-12.444 -31.057 0.979 0 255 144
-12.651 -31.407 0.386 0 255 161
-12.529 -31.021 0.810 0 255 165
-12.626 -31.255 1.534 0 93 255
-12.625 -31.045 0.742 0 255 161
-12.769 -31.308 0.317 0 255 195
-12.650 -31.341 0.478 0 255 157
-12.744 -31.172 1.360 0 255 148
-12.448 -31.180 1.426 0 255 208
-12.404 -31.237 0.815 0 255 127
-12.531 -31.429 1.300 0 255 144
-12.515 -31.360 0.718 0 0 255
-12.506 -31.166 0.531 0 255 165
-12.660 -31.262 1.603 0 255 242
-12.476 -31.187 0.937 0 255 136
-12.636 -31.204 1.465 0 255 195
-12.451 -31.081 0.983 0 255 114
-12.438 -31.117 1.079 0 255 114
-12.587 -31.459 0.814 0 255 72
-12.518 -31.016 1.032 0 255 140
-12.676 -31.288 0.305 0 255 195
-13.046 -31.062 1.013 0 255 136
-13.641 -30.728 1.089 4 255 0
-12.447 -31.223 1.365 0 255 131
-12.476 -31.110 0.536 0 255 157
-12.496 -31.109 1.128 0 255 131
-12.648 -31.233 1.598 0 255 204
-13.863 -30.726 0.374 0 127 255
-12.860 -31.024 1.461 0 0 255
-12.419 -30.812 1.119 0 51 255
-12.601 -31.000 1.258 0 255 127
-12.533 -31.406 0.782 0 25 255
-12.492 -31.375 1.324 0 255 102
-12.474 -31.289 1.317 0 255 89
-12.470 -31.057 1.128 0 255 165
-12.422 -31.277 0.999 0 255 148
-13.564 -30.735 0.994 0 255 21
-12.427 -31.233 1.051 0 255 148
-12.455 -31.154 0.836 0 85 255
-12.446 -31.293 0.854 0 255 144
-12.567 -31.019 1.245 0 255 131
-12.666 -31.483 0.777 0 255 195
-12.599 -31.201 1.420 0 255 195
-13.630 -30.630 0.611 0 255 0
-13.809 -30.766 0.386 0 85 255
-12.617 -31.325 0.262 0 255 161
-12.483 -31.260 1.325 0 255 93
-12.466 -31.114 1.015 0 255 93
-12.513 -31.334 1.081 0 255 106
-12.634 -31.427 0.283 0 255 144
-12.629 -31.043 0.513 0 42 255
-13.526 -30.768 0.483 0 255 165
-13.692 -30.694 1.042 0 255 59
-12.581 -30.915 0.332 0 0 255
-12.464 -31.307 0.885 0 255 110
-12.755 -31.226 1.671 0 0 255
-12.791 -31.533 0.818 0 255 136
-12.499 -31.146 0.376 0 255 161
-12.541 -31.122 1.436 0 255 157
-12.580 -30.736 1.243 0 255 140
-12.744 -31.021 1.014 0 0 255
-12.550 -31.127 0.281 0 255 148
-12.721 -31.175 1.635 0 0 255
-12.680 -31.491 1.144 0 255 148
-12.567 -31.028 0.722 0 255 148
-12.616 -31.331 0.398 0 255 157
-12.466 -31.076 0.947 0 255 114
