-19.293 -31.840 0.962 0 255 72
-19.159 -31.913 0.739 21 255 0
-19.144 -32.050 0.882 25 255 0
-19.260 -31.867 0.763 0 255 12
-19.128 -32.235 1.252 0 255 191
-19.472 -32.049 0.919 29 255 0
-19.091 -32.125 1.252 0 0 255
-19.018 -32.050 0.365 0 255 80
-19.212 -32.407 0.555 0 255 72
-19.301 -31.825 0.494 0 255 80
-19.228 -32.330 0.906 0 255 8
-19.647 -31.790 0.809 0 8 255
-19.492 -32.113 0.702 0 255 4
-19.763 -31.873 0.836 0 0 255
-19.120 -32.096 1.053 0 255 191
-19.460 -32.077 0.210 0 0 255
-19.258 -31.865 0.574 0 255 29
-19.479 -31.513 0.784 0 8 255
-18.775 -32.231 0.376 0 255 51
-19.528 -32.090 0.408 0 255 255
-19.426 -32.075 0.254 0 0 255
-19.027 -32.021 0.666 38 255 0
-19.397 -31.841 0.687 0 255 131
-19.283 -31.414 0.639 0 255 68
-19.333 -32.277 0.809 0 255 25
-18.888 -31.609 0.409 0 0 255
-19.250 -31.472 0.448 0 255 157
-18.774 -31.049 0.320 0 0 255
-19.035 -31.951 0.816 4 255 0
-19.308 -32.283 0.536 0 255 157
-19.075 -32.137 0.642 0 255 38
-19.073 -31.898 0.723 21 255 0
-19.250 -32.190 1.173 0 255 148
-19.024 -31.008 0.766 0 255 148
-19.398 -31.637 0.367 0 8 255
-19.106 -32.205 0.978 0 0 255
-19.433 -31.620 0.494 0 0 255
-19.396 -31.539 0.681 0 255 63
-19.142 -32.081 1.154 0 255 161
-19.074 -31.057 0.860 0 0 255
-19.225 -31.520 0.449 0 110 255
-19.652 -31.855 0.801 0 93 255
-19.239 -32.041 1.100 0 255 136
-19.354 -32.019 1.088 0 0 255
-19.314 -31.328 0.832 0 0 255
-18.997 -32.329 0.372 0 255 72
-19.431 -31.681 0.370 0 8 255
-19.092 -31.900 0.880 29 255 0
-19.239 -31.862 1.067 0 255 55
-19.132 -31.620 0.451 0 212 255
-19.142 -31.937 0.957 38 255 0
-18.973 -32.270 0.453 0 255 127
-19.468 -32.153 0.737 0 255 12
-19.185 -32.173 1.287 0 8 255
-19.684 -31.822 0.859 0 0 255
-19.288 -31.814 0.637 0 255 4
-18.921 -32.113 0.370 0 255 76
-19.258 -31.356 0.769 0 255 106
-19.471 -31.705 0.738 0 255 85
-19.587 -31.801 0.825 0 255 165
-19.483 -32.105 0.740 0 255 34
-19.366 -32.320 0.825 0 255 4
-19.252 -31.813 0.464 0 255 136
-18.939 -32.074 0.495 0 255 106
-19.260 -32.340 0.991 0 255 12
-19.038 -31.092 0.598 0 25 255
-19.449 -31.536 0.871 0 8 255
-19.460 -31.659 0.802 0 195 255
-18.647 -31.177 0.346 0 8 255
-18.986 -32.530 0.262 0 255 123
-19.413 -32.224 0.532 0 255 29
-18.587 -31.202 0.445 0 255 148
-19.398 -31.467 0.861 0 8 255
-19.390 -32.299 0.871 0 255 51
-19.303 -31.787 0.826 0 255 12
-19.369 -31.856 0.654 0 8 255
-19.267 -32.136 1.273 0 8 255
-19.093 -31.028 0.734 0 0 255
-19.205 -32.376 0.655 0 102 255
-19.065 -30.970 0.860 0 51 255
-18.974 -32.558 0.352 0 0 255
-18.833 -32.258 0.271 0 255 72
-19.053 -31.162 0.429 0 25 255
-18.939 -32.305 0.301 0 255 255
-18.889 -32.151 0.500 0 255 68
-19.220 -32.410 0.447 0 255 123
-19.274 -32.391 0.734 0 255 25
-19.000 -32.165 0.682 0 255 187
-18.843 -32.264 0.224 0 255 76
-19.036 -32.596 0.171 0 255 93
-19.205 -31.130 0.745 0 51 255
-19.006 -32.489 0.385 0 255 127
-19.369 -32.101 1.061 0 255 51
-18.989 -31.059 0.602 0 255 161
-18.826 -32.260 0.491 0 255 72
-19.076 -32.214 0.655 0 255 161
-19.064 -31.126 0.504 0 255 136
-19.245 -32.212 1.175 0 8 255
-18.935 -32.292 0.381 0 255 136
-19.436 -32.129 0.472 0 255 204
-19.437 -31.745 0.563 0 255 123
-19.112 -32.201 1.096 0 255 114
-19.442 -31.932 0.626 0 255 97
-19.532 -31.817 0.380 0 8 255
-19.202 -32.160 0.926 0 255 51
-19.164 -32.393 0.398 0 255 148
-19.208 -31.917 0.824 4 255 0
-19.059 -32.545 0.305 0 255 93
-18.761 -31.060 0.442 0 93 255
-19.334 -31.544 0.563 0 255 165
-19.002 -31.045 0.512 0 0 255
-19.336 -32.344 0.853 0 255 12
-19.398 -31.543 0.703 0 255 59
-19.017 -32.360 0.195 0 255 136
-19.169 -31.874 0.476 0 255 157
-19.402 -31.525 0.716 0 255 72
-19.092 -32.454 0.315 0 8 255
-19.174 -32.049 0.918 0 255 17
-19.072 -31.119 0.663 0 255 93
-19.561 -31.774 0.601 0 255 114
-19.184 -32.419 0.437 0 255 72
-19.579 -31.794 0.807 0 255 114
-19.033 -32.209 0.599 0 255 89
-19.422 -32.195 1.002 0 255 29
-19.323 -32.321 1.082 0 25 255
-19.147 -31.333 0.382 0 17 255
-19.032 -32.432 0.212 0 255 51
-18.836 -32.165 0.438 0 255 63
-19.440 -32.216 0.910 0 255 55
-19.144 -32.136 1.241 0 17 255
-19.179 -32.288 0.991 0 0 255
-19.275 -31.391 0.521 0 255 136
-18.976 -30.881 0.434 0 8 255
-19.623 -31.825 0.843 0 255 170
-19.426 -31.958 0.622 0 255 17
-19.387 -32.220 0.937 0 255 76
-19.190 -32.312 0.902 0 255 136
-19.468 -31.726 0.375 0 17 255
-19.407 -31.537 0.788 0 255 153
-19.286 -32.053 1.102 0 51 255
-19.668 -31.847 0.785 0 34 255
-19.295 -31.392 0.658 0 255 12
-19.012 -32.579 0.248 0 255 76
-19.391 -32.319 0.823 0 255 89
-19.071 -31.124 0.528 0 255 123
-19.155 -32.197 1.041 0 0 255
-18.618 -31.185 0.409 0 0 255
-19.600 -31.835 0.460 0 34 255
-19.260 -32.157 1.059 8 255 0
-19.085 -31.704 0.457 0 187 255
-19.439 -32.010 0.254 0 8 255
-19.098 -32.090 0.919 4 255 0
-18.978 -32.238 0.555 0 255 131
-19.038 -31.070 0.632 0 255 153
-19.438 -31.577 0.805 0 255 25
-19.432 -32.007 0.869 0 59 255
-19.145 -32.076 0.381 0 170 255
-19.234 -31.896 0.865 0 255 97
-19.476 -32.217 0.793 0 255 72
-19.304 -31.861 0.838 0 255 0
-19.404 -31.653 0.556 0 255 102
-19.585 -31.742 0.715 0 255 55
-19.069 -31.242 0.442 0 255 153
-19.402 -31.809 0.629 0 255 42
-19.177 -31.220 0.817 0 255 51
-19.057 -32.124 0.660 0 255 59
-18.986 -30.909 0.811 0 255 187
-19.412 -32.188 0.494 0 255 123
-19.054 -32.292 0.605 0 255 93
-19.032 -32.008 0.887 12 255 0
-19.190 -32.033 0.855 136 255 0
-19.079 -32.453 0.368 0 255 242
-19.241 -31.415 0.529 0 255 68
-19.154 -32.082 1.206 0 42 255
-19.329 -31.817 0.858 0 255 29
-19.194 -32.330 0.608 0 255 80
-19.359 -32.056 0.363 0 0 255
-19.311 -31.851 0.728 4 255 0
-19.467 -32.217 0.605 0 255 106
-19.041 -31.047 0.682 0 255 68
-19.231 -31.900 0.993 0 255 59
-19.247 -31.218 0.749 0 0 255
-19.072 -32.025 0.446 0 255 161
-19.429 -31.798 0.898 0 255 136
-19.331 -31.873 0.882 0 255 106
-19.241 -32.122 1.132 0 255 119
-19.216 -32.120 1.140 0 8 255
-19.432 -31.931 0.532 0 178 255
-18.999 -31.053 0.659 0 255 178
-19.212 -32.213 1.166 0 255 93
-19.169 -31.151 0.798 0 255 165
-19.173 -32.522 0.189 0 0 255
-19.460 -31.709 0.653 4 255 0
-19.448 -31.641 0.706 0 255 55
-18.950 -32.062 0.311 0 255 63
-19.146 -32.292 0.682 0 255 21
-18.981 -32.060 0.551 0 255 93
-19.027 -32.164 0.587 29 255 0
-19.020 -31.961 0.724 0 255 8
-18.767 -32.119 0.302 0 255 72
-19.681 -31.882 0.790 0 0 255
-18.995 -30.990 0.544 0 59 255
-18.978 -32.410 0.478 0 255 123
-19.187 -31.278 0.638 0 255 225
-19.535 -31.988 0.414 0 8 255
-19.006 -31.005 0.604 0 0 255
-19.258 -32.010 1.102 0 17 255
-19.460 -31.700 0.556 0 255 59
-19.097 -31.133 0.692 0 255 80
-19.493 -32.134 0.432 0 255 29
-19.618 -31.910 0.338 0 0 255
-19.261 -31.408 0.597 0 0 255
-19.251 -31.885 0.998 0 255 38
-18.828 -31.061 0.375 0 0 255
-19.043 -32.234 0.643 0 255 38
-19.155 -32.024 1.095 0 102 255
-19.516 -31.699 0.771 0 170 255
-19.471 -32.049 0.878 0 255 0
-19.028 -32.520 0.293 0 255 178
-19.226 -31.352 0.608 0 0 255
-19.686 -31.869 0.619 0 0 255
-19.249 -31.227 0.844 0 255 119
-19.375 -32.266 0.800 0 255 199
-18.755 -32.264 0.191 0 255 85
-19.035 -31.156 0.521 0 255 51
-19.077 -32.490 0.461 0 255 76
-19.016 -32.450 0.549 0 0 255
-18.654 -31.316 0.389 0 0 255
-19.459 -32.039 0.848 0 68 255
-19.505 -32.066 0.625 0 255 89
-19.733 -31.853 0.729 0 0 255
-19.414 -32.270 0.776 0 255 29
-18.922 -32.277 0.371 0 255 85
-19.096 -32.442 0.438 0 8 255
-19.120 -31.988 0.409 0 255 51
-18.880 -31.576 0.429 0 8 255
-19.100 -32.537 0.238 0 204 255
-19.007 -32.330 0.320 0 255 46
-19.110 -31.921 0.993 8 255 0
-19.195 -31.885 1.049 0 255 42
-19.014 -32.441 0.200 0 255 63
-19.150 -31.976 0.415 0 0 255
-19.431 -31.830 0.544 0 110 255
-19.111 -32.472 0.440 0 255 97
-19.514 -32.167 0.597 0 255 34
-18.905 -30.951 0.601 0 25 255
-19.363 -31.770 0.510 0 127 255
-19.525 -32.138 0.931 0 255 225
-19.441 -31.552 0.854 0 187 255
-19.431 -32.253 0.647 0 255 34
-19.597 -31.825 0.570 0 255 229
-19.024 -32.451 0.558 0 255 165
-19.446 -31.607 0.802 0 255 131
-19.154 -32.418 0.395 0 255 140
-18.732 -31.180 0.165 0 0 255
-19.221 -32.249 0.786 0 255 80
-19.634 -31.850 0.710 0 255 208
-19.400 -31.472 0.866 0 51 255
-19.215 -32.333 0.574 0 255 72
-19.368 -32.341 0.730 0 0 255
-19.079 -31.180 0.562 0 255 63
-19.482 -31.946 0.512 0 255 165
-19.147 -31.915 0.637 0 255 12
-19.392 -31.492 0.856 0 255 72
-19.691 -31.902 0.602 0 229 255
-19.344 -32.363 0.764 0 255 110
-19.560 -32.082 0.463 0 255 114
-19.671 -31.909 0.607 0 102 255
-19.320 -31.558 0.393 0 42 255
-18.997 -32.111 0.926 0 0 255
-19.014 -32.390 0.386 0 255 85
-19.389 -31.997 0.941 4 255 0
-19.270 -32.001 1.149 0 255 59
-19.306 -32.304 0.454 0 255 97
-19.033 -32.543 0.266 0 255 89
-19.089 -32.212 1.118 0 255 157
-19.158 -32.125 1.139 0 255 119
-18.948 -32.087 0.502 0 255 68
-19.338 -32.063 0.319 0 0 255
-19.534 -32.095 0.415 0 255 127
-18.848 -32.155 0.190 0 255 80
-19.161 -32.249 1.069 0 8 255
-19.144 -32.084 0.901 0 255 80
-19.146 -31.937 0.663 0 255 4
-19.056 -31.964 0.959 0 0 255
-19.623 -31.812 0.717 0 255 165
-19.403 -31.544 0.644 0 0 255
-19.259 -32.362 0.857 0 255 46
-18.844 -32.246 0.521 0 255 182
-19.128 -32.183 1.256 0 59 255
-19.206 -32.039 1.110 0 255 144
-19.516 -31.743 0.625 0 255 93
-19.132 -31.955 0.644 8 255 0
-18.660 -31.110 0.256 0 0 255
-19.026 -32.406 0.287 0 255 144
-19.211 -31.188 0.743 0 0 255
-19.177 -32.199 0.911 0 255 8
-19.288 -31.314 0.868 0 0 255
-19.089 -32.021 0.595 0 255 148
-19.059 -32.175 0.640 0 255 63
-19.286 -31.462 0.566 0 255 144
-18.994 -32.034 0.890 0 255 144
-19.013 -32.024 0.715 0 255 72
-19.530 -32.084 0.598 0 255 110
-19.095 -32.195 0.649 0 255 63
-19.010 -32.530 0.329 0 255 93
-19.280 -31.434 0.689 0 255 76
-19.653 -31.911 0.499 0 102 255
-19.221 -31.373 0.588 0 255 59
-19.424 -32.214 0.947 0 255 21
-19.144 -32.205 1.197 0 255 182
-18.733 -31.078 0.441 0 51 255
-19.053 -31.143 0.515 0 51 255
-19.481 -32.059 0.246 0 0 255
-19.173 -31.917 0.669 4 255 0
-19.158 -31.952 0.635 0 255 25
-19.226 -32.262 0.979 38 255 0
-19.132 -32.121 0.774 0 170 255
-19.288 -31.905 0.988 0 255 85
-19.286 -32.340 0.514 0 255 136
-18.998 -30.899 0.612 0 8 255
-19.148 -31.888 0.934 21 255 0
-19.401 -31.552 0.719 0 255 76
-18.933 -30.934 0.685 0 0 255
-19.718 -31.893 0.801 0 255 221
-19.093 -31.169 0.678 0 255 144
-19.022 -32.032 0.607 0 255 42
-19.290 -32.195 0.960 29 255 0
-19.126 -32.144 1.259 0 25 255
-19.275 -32.299 0.565 0 255 178
-19.405 -31.796 0.806 0 255 123
-18.922 -32.163 0.457 0 255 76
-18.981 -32.182 0.368 0 255 119
-19.253 -32.229 0.391 0 255 153
-18.917 -30.921 0.697 0 0 255
-19.353 -31.580 0.407 0 255 97
-19.219 -32.293 0.607 0 255 55
-19.145 -31.914 0.500 0 255 68
-19.130 -32.015 0.979 29 255 0
-19.165 -31.992 0.838 0 255 76
-18.949 -30.952 0.359 0 0 255
-19.136 -32.513 0.202 0 255 97
-18.888 -32.262 0.274 0 255 123
-19.430 -31.544 0.869 0 255 161
-19.179 -32.368 0.494 0 255 68
-19.220 -32.088 1.136 0 255 102
-19.126 -32.166 1.042 0 102 255
-18.999 -32.619 0.199 0 0 255
-19.145 -31.879 1.004 0 255 123
-19.327 -32.252 1.083 0 136 255
-19.141 -32.248 1.134 0 0 255
-19.534 -31.807 0.789 0 0 255
-19.443 -32.156 1.031 0 255 38
-19.272 -32.287 0.619 0 255 72
-19.084 -32.109 1.122 0 255 161
-18.901 -32.108 0.424 0 255 63
-19.188 -32.093 1.167 0 0 255
-19.294 -31.855 0.715 0 255 85
-19.266 -32.327 0.965 0 255 29
-19.209 -32.261 1.164 0 136 255
-19.178 -32.383 0.734 0 255 165
-19.382 -32.226 0.497 0 255 68
-19.205 -32.344 0.709 0 255 17
-19.742 -31.848 0.791 0 170 255
-19.403 -31.516 0.661 0 255 42
-18.910 -30.994 0.375 0 0 255
-19.465 -31.663 0.605 0 76 255
-19.111 -32.221 0.647 0 255 76
-19.487 -31.547 0.805 0 8 255
-18.990 -31.468 0.434 0 255 165
-18.822 -32.216 0.243 0 255 89
-19.043 -31.992 0.816 0 255 148
-19.083 -32.568 0.171 0 255 89
-19.102 -32.432 0.474 0 255 97
-18.710 -31.136 0.205 0 8 255
-18.875 -31.181 0.449 0 110 255
-19.691 -31.913 0.669 0 153 255
-19.185 -31.901 0.818 46 255 0
-19.430 -31.817 0.545 0 42 255
-19.231 -31.376 0.688 0 42 255
-19.391 -31.483 0.723 0 255 80
-19.501 -32.068 0.774 0 255 131
-19.420 -32.297 1.002 0 51 255
-19.023 -32.552 0.232 0 255 131
-19.475 -32.024 0.228 0 0 255
-19.132 -32.496 0.337 0 255 63
-19.604 -31.778 0.831 0 255 110
-19.503 -32.237 0.603 0 255 114
-19.234 -31.905 0.703 17 255 0
-19.492 -32.033 0.651 0 255 165
-19.014 -32.066 0.687 4 255 0
-18.876 -32.257 0.472 0 255 63
-19.485 -32.002 0.736 0 25 255
-19.073 -32.545 0.312 0 0 255
-19.159 -32.033 0.650 0 255 42
-19.353 -31.497 0.553 0 255 38
-19.552 -31.759 0.581 0 255 63
-19.239 -31.357 0.690 0 255 76
-19.496 -32.045 0.926 0 255 21
-19.289 -31.894 0.898 0 255 17
-19.294 -31.419 0.696 0 17 255
-19.093 -32.530 0.304 0 255 106
-19.649 -31.889 0.557 0 255 76
-19.025 -32.163 0.657 0 255 136
-19.119 -32.225 0.760 0 255 68
-18.939 -32.258 0.297 0 255 127
-19.367 -31.897 0.866 0 0 255
-19.476 -31.921 0.473 0 255 191
-19.211 -32.036 1.154 0 25 255
-19.574 -31.964 0.456 0 110 255
-19.011 -31.092 0.560 0 255 51
-19.062 -32.384 0.374 0 255 153
-18.940 -30.946 0.398 0 17 255
-19.133 -32.131 0.934 0 255 97
-19.237 -31.941 1.110 0 255 148
-19.158 -32.350 0.624 0 8 255
-19.080 -31.844 0.961 0 0 255
-19.287 -31.778 0.859 0 255 4
-19.551 -31.893 0.376 0 25 255
-19.098 -31.954 0.903 12 255 0
-19.492 -31.707 0.573 0 255 29
-19.027 -30.984 0.808 0 204 255
-19.403 -32.249 0.968 0 255 110
-19.277 -32.286 0.587 0 255 59
-18.842 -32.118 0.341 0 255 72
-18.742 -31.176 0.186 0 0 255
-19.380 -32.285 0.925 0 255 127
-19.179 -32.360 0.324 0 255 106
-19.125 -31.253 0.390 0 0 255
-19.216 -31.237 0.869 0 0 255
-19.101 -31.936 0.729 4 255 0
-18.975 -30.849 0.795 0 59 255
-19.723 -31.867 0.734 0 0 255
-18.657 -31.362 0.413 0 0 255
-19.348 -31.829 0.538 0 255 114
-19.685 -31.877 0.723 0 255 55
-19.443 -32.253 0.842 0 255 0
-19.348 -32.274 0.457 0 255 85
-19.032 -31.047 0.597 0 255 238
-19.031 -32.504 0.256 0 255 127
-19.255 -31.856 0.886 25 255 0
-19.404 -31.949 0.621 0 0 255
-19.490 -32.062 0.816 0 8 255
-19.378 -31.809 0.827 0 255 42
-18.951 -31.666 0.453 0 255 199
-19.241 -32.257 0.389 0 255 102
-19.178 -32.098 0.780 0 255 12
-19.365 -32.336 0.799 0 255 106
-19.405 -32.095 0.200 0 0 255
-19.052 -31.379 0.453 0 255 212
-19.430 -32.073 1.020 0 255 59
-19.298 -31.464 0.617 0 0 255
-19.201 -32.214 1.141 0 255 170
-19.078 -32.429 0.280 0 34 255
-19.466 -32.154 0.592 0 255 153
-19.061 -32.511 0.374 0 255 114
-18.795 -32.155 0.424 0 255 59
-19.323 -32.307 0.969 4 255 0
-19.365 -31.954 1.046 0 255 51
-19.291 -31.832 0.610 0 255 59
-19.367 -31.937 0.926 0 0 255
-19.047 -32.041 0.567 0 255 55
-19.149 -32.364 0.335 0 255 63
