-17.175 -34.730 0.601 0 255 174
-17.062 -35.061 1.231 0 255 182
-16.704 -34.620 0.302 0 255 221
-17.092 -35.005 0.816 0 255 63
-17.199 -34.975 1.199 0 255 140
-17.449 -34.892 0.596 0 136 255
-17.330 -34.959 0.888 0 255 80
-16.775 -35.136 0.507 0 255 55
-16.771 -35.406 1.621 0 0 255
-16.609 -34.900 0.510 0 255 204
-17.374 -34.981 0.241 0 212 255
-16.746 -34.791 0.589 0 8 255
-17.247 -34.779 0.210 0 255 110
-17.441 -34.840 1.391 0 178 255
-16.705 -34.829 1.066 0 255 85
-16.849 -34.817 1.290 0 255 140
-16.373 -34.618 0.970 0 255 55
-17.337 -35.124 1.275 0 255 144
-16.550 -34.589 1.054 0 255 80
-17.207 -35.050 1.515 0 255 187
-16.680 -34.847 1.420 0 8 255
-17.350 -34.947 1.092 0 255 114
-17.150 -35.105 1.274 4 255 0
-17.164 -35.012 1.267 0 255 42
-16.528 -34.484 0.783 0 255 38
-16.380 -34.713 1.313 0 255 93
-17.380 -34.992 0.609 0 255 119
-16.717 -34.850 0.825 0 0 255
-17.369 -34.963 0.933 0 255 85
-16.515 -34.852 0.296 0 255 12
-17.240 -34.730 0.345 0 255 140
-17.056 -34.984 1.524 0 0 255
-16.498 -34.888 0.759 0 255 136
-16.601 -34.917 1.394 0 255 127
-17.025 -35.469 1.431 0 255 157
-17.156 -34.854 0.586 0 255 106
-17.189 -34.923 1.644 0 255 153
-17.141 -34.711 1.356 0 255 63
-17.183 -35.103 1.123 0 255 97
-16.526 -34.592 1.332 0 255 97
-17.443 -34.879 0.533 0 255 148
-17.389 -34.935 1.357 0 0 255
-16.787 -34.771 0.506 0 85 255
-16.358 -34.515 0.697 0 255 34
-17.279 -35.162 1.448 0 0 255
-17.434 -35.112 1.000 0 255 114
-17.239 -35.088 0.401 0 255 182
-16.617 -34.919 0.473 0 255 242
-17.234 -34.937 0.453 0 255 131
-16.567 -34.630 0.565 0 255 63
-16.768 -34.773 0.591 0 8 255
-16.868 -35.182 0.497 0 255 51
-17.256 -34.932 1.047 0 255 93
-17.182 -35.494 1.276 0 255 76
-17.092 -35.519 0.640 0 255 59
-16.520 -34.805 1.162 0 255 161
-17.085 -34.951 0.812 0 255 25
-17.121 -34.667 1.656 0 0 255
-17.471 -34.917 1.159 0 255 178
-16.726 -34.888 1.636 0 8 255
-17.150 -34.802 1.372 0 255 144
-16.623 -34.932 0.683 0 255 157
-16.593 -34.885 0.836 4 255 0
-16.538 -35.075 1.155 0 255 4
-17.162 -35.165 1.352 0 255 42
-17.217 -35.003 1.279 0 255 63
-17.362 -35.056 1.314 0 255 68
-17.218 -34.719 0.697 0 255 148
-17.174 -34.833 1.014 0 255 174
-17.226 -35.541 0.196 0 255 29
-16.515 -34.653 1.242 0 51 255
-17.298 -34.931 1.112 0 255 72
-17.230 -35.131 0.974 0 255 148
-17.197 -34.716 1.400 0 255 153
-16.551 -34.889 0.705 0 255 255
-16.762 -34.756 0.428 0 0 255
-16.474 -34.821 0.491 0 110 255
-16.947 -35.122 1.247 0 255 204
-17.224 -34.805 1.493 0 255 140
-17.145 -34.899 1.415 0 255 161
-17.092 -34.862 1.121 0 255 85
-17.218 -34.924 1.099 0 255 89
-16.538 -34.747 1.084 0 255 46
-16.652 -34.785 1.584 0 255 161
-17.291 -34.859 1.432 0 255 114
-17.295 -34.779 0.523 0 255 106
-17.381 -34.947 0.204 0 229 255
-16.659 -34.595 0.428 0 255 119
-16.555 -34.663 0.378 0 255 114
-17.085 -34.704 1.068 0 255 63
-16.738 -34.949 1.277 0 255 114
-16.456 -34.761 1.085 0 255 46
-16.897 -34.758 0.974 0 34 255
-17.435 -34.879 0.466 0 255 233
-16.559 -34.433 1.189 0 255 76
-17.374 -34.748 0.433 0 255 85
-17.432 -34.961 0.749 0 161 255
-17.354 -34.962 0.602 0 255 123
-17.398 -34.977 0.178 0 255 131
-17.254 -35.051 0.500 0 255 157
-17.228 -34.697 0.242 0 255 161
-17.158 -34.980 1.341 0 255 97
-17.170 -35.032 1.587 0 255 119
-17.438 -34.804 1.361 0 255 153
-17.489 -34.856 0.688 0 255 199
-17.332 -35.208 0.807 0 0 255
-16.671 -34.900 0.947 0 255 221
-17.067 -35.424 0.816 0 255 127
-16.565 -34.743 0.455 0 255 51
-16.619 -34.803 0.824 0 0 255
-16.813 -34.689 0.266 0 0 255
-16.996 -35.447 1.183 0 255 38
-17.123 -35.500 0.216 0 255 85
-17.519 -35.033 0.911 0 255 161
-16.509 -34.847 0.933 0 255 216
-16.922 -35.188 1.153 0 8 255
-16.597 -34.599 0.633 0 255 63
-17.199 -34.757 0.660 0 170 255
-17.017 -35.455 0.923 0 255 72
-16.590 -34.457 1.201 0 0 255
-17.015 -35.159 1.076 0 255 246
-17.140 -35.421 0.888 0 255 51
-16.497 -34.576 1.221 0 255 38
-16.551 -34.915 0.501 0 255 59
-17.336 -34.760 0.191 0 255 80
-17.307 -35.110 1.407 0 255 216
-17.259 -35.157 1.006 0 255 93
-16.537 -34.648 1.017 0 255 250
-17.015 -35.414 0.408 0 255 225
-17.003 -35.103 1.082 0 255 131
-17.079 -34.728 1.181 0 255 63
-16.489 -34.578 0.831 29 255 0
-16.536 -34.829 0.635 0 255 38
-16.579 -34.544 1.468 0 255 182
-16.761 -34.882 1.049 0 51 255
-17.201 -34.967 0.689 0 255 136
-16.725 -35.026 0.928 0 42 255
-16.954 -34.793 1.238 0 255 136
-17.062 -34.504 0.709 0 212 255
-16.598 -34.482 0.731 0 255 221
-17.164 -34.922 1.612 0 187 255
-17.240 -35.158 0.842 0 255 8
-17.180 -35.121 0.542 0 255 97
-17.243 -34.799 1.558 0 255 191
-16.990 -34.738 1.290 0 255 195
-17.294 -35.147 0.615 0 255 127
-17.366 -34.866 1.227 0 0 255
-17.388 -34.994 0.551 0 255 127
-17.255 -34.992 0.616 0 255 123
-16.851 -35.058 1.331 0 17 255
-17.197 -34.649 0.301 0 8 255
-17.228 -34.832 0.239 0 255 59
-17.300 -34.779 0.242 0 255 89
-16.492 -34.505 0.914 0 255 59
-16.676 -34.852 1.107 0 255 165
-16.614 -34.885 0.728 0 255 55
-16.822 -34.766 0.757 0 17 255
-17.215 -34.759 0.877 0 0 255
-17.134 -35.051 0.735 0 255 102
-16.595 -34.688 1.442 0 0 255
-17.400 -35.015 1.435 0 0 255
-16.562 -34.823 0.449 0 255 80
-16.507 -34.813 0.654 0 255 59
-16.312 -34.567 0.751 0 255 21
-16.823 -34.689 0.566 0 8 255
-17.485 -34.967 1.177 0 255 153
-16.724 -34.884 1.032 0 255 233
-16.649 -34.920 0.741 0 0 255
-16.457 -34.695 1.294 0 255 72
-16.487 -34.846 1.211 0 255 17
-16.757 -34.650 0.338 0 255 148
-17.123 -34.898 1.173 0 255 161
-17.283 -35.163 1.092 0 255 123
-17.428 -35.023 1.128 0 255 25
-17.052 -34.844 0.896 38 255 0
-17.482 -35.084 0.870 0 255 148
-16.566 -34.897 0.889 0 255 148
-17.229 -34.728 0.689 0 255 157
-17.455 -34.978 0.496 0 59 255
-17.454 -35.119 0.897 0 255 106
-17.364 -35.165 0.811 0 255 144
-17.237 -34.895 0.871 0 255 46
-16.938 -34.723 1.396 0 255 170
-17.112 -34.658 1.105 0 221 255
-16.660 -34.862 0.790 0 17 255
-16.528 -34.677 0.864 0 255 29
-16.679 -34.677 1.475 0 255 80
-17.168 -34.907 1.427 0 255 114
-17.023 -34.934 1.017 0 255 216
-17.175 -34.636 0.600 0 0 255
-16.708 -34.476 0.390 0 0 255
-17.044 -35.019 1.165 0 255 51
-16.797 -35.130 1.343 0 85 255
-16.607 -34.508 1.334 0 212 255
-17.162 -34.738 0.316 0 255 199
-16.646 -34.985 0.982 0 255 97
-17.057 -35.549 0.909 0 255 97
-17.315 -34.940 1.498 0 255 225
-16.445 -34.848 0.215 0 255 246
-16.538 -34.770 1.122 0 255 59
-17.160 -34.751 1.371 0 255 110
-16.460 -34.866 0.415 0 255 161
-16.528 -34.648 0.946 0 255 127
-17.379 -34.974 1.389 0 0 255
-17.225 -35.001 0.408 0 0 255
-16.492 -35.362 0.490 0 255 114
-16.773 -34.745 1.477 0 161 255
-17.089 -35.060 1.080 0 255 29
-17.350 -35.179 0.602 0 0 255
-16.792 -34.656 0.461 0 255 216
-16.530 -34.821 1.321 0 255 59
-16.496 -34.661 0.878 0 255 21
-17.254 -35.168 1.256 0 255 114
-16.533 -34.857 0.751 0 255 12
-16.664 -34.880 1.050 0 255 165
-16.811 -34.811 0.914 0 0 255
-17.262 -35.148 0.383 0 0 255
-17.072 -35.345 1.336 0 255 140
-17.012 -35.533 1.181 0 255 55
-17.006 -34.819 1.166 0 255 178
-16.713 -34.956 1.263 0 255 131
-17.459 -34.965 0.243 0 255 131
-17.245 -35.080 0.594 0 255 157
-17.281 -34.758 0.438 0 255 59
-16.605 -34.486 1.223 0 255 85
-17.425 -34.963 0.935 0 238 255
-17.435 -37.400 0.253 0 255 25
-17.176 -34.891 1.648 0 255 144
-17.076 -35.177 1.188 0 255 63
-17.082 -35.201 1.097 0 102 255
-16.731 -34.707 1.583 0 17 255
-16.500 -34.602 0.801 0 255 21
-17.184 -34.956 1.159 0 255 34
-17.165 -34.924 0.838 255 0 0
-16.594 -34.845 0.215 0 0 255
-16.529 -34.832 0.984 0 255 174
-17.275 -34.769 0.584 0 255 106
-16.471 -34.752 0.666 21 255 0
-17.063 -35.029 1.071 0 255 17
-16.798 -34.894 1.170 0 255 161
-16.578 -34.704 0.440 12 255 0
-17.236 -34.708 0.311 0 255 140
-16.444 -34.668 0.791 0 255 21
-17.142 -34.796 0.639 0 255 114
-16.601 -34.881 1.047 0 255 157
-17.213 -34.852 0.518 0 255 106
-16.691 -34.835 0.563 0 8 255
-17.320 -35.177 0.964 0 255 131
-17.280 -34.741 0.219 0 255 93
-17.227 -34.620 0.194 0 255 76
-17.253 -34.761 0.196 0 255 72
-16.931 -34.891 1.036 0 17 255
-16.965 -34.635 0.745 0 255 106
-16.543 -34.567 1.054 0 255 68
-16.772 -34.815 0.778 0 0 255
-16.361 -34.673 1.334 0 255 59
-16.933 -34.632 1.032 0 195 255
-17.291 -34.971 1.210 0 255 29
-17.256 -35.142 1.184 0 255 199
-17.110 -34.990 1.056 12 255 0
-16.477 -34.620 1.232 0 255 34
-16.567 -34.932 0.732 0 0 255
-17.361 -35.143 0.331 0 255 153
-16.751 -34.915 1.146 0 0 255
-16.512 -34.830 0.526 0 255 229
-16.332 -34.548 0.821 0 255 17
-16.745 -34.947 1.304 0 0 255
-16.519 -35.093 0.650 0 255 46
-17.407 -35.016 0.336 0 255 131
-17.184 -34.751 0.756 0 255 38
-17.429 -34.971 0.881 0 255 161
-16.461 -34.499 0.575 0 8 255
-17.215 -35.038 0.867 0 0 255
-17.177 -35.187 1.360 0 255 42
-16.948 -34.643 0.907 0 59 255
-17.055 -34.884 1.280 59 255 0
-17.456 -35.052 0.483 0 255 153
-17.162 -34.812 0.625 0 255 106
-17.198 -34.980 1.474 0 255 153
-16.787 -34.748 1.357 0 255 123
-17.072 -35.477 0.617 0 255 114
-16.791 -34.708 0.254 0 0 255
-16.432 -34.626 0.803 12 255 0
-17.033 -34.494 0.741 0 255 93
-17.249 -34.857 0.342 0 255 89
-17.258 -34.817 0.601 0 255 182
-17.131 -35.534 0.730 0 255 93
-17.452 -34.880 1.146 0 255 204
-16.979 -35.147 1.256 0 255 136
-17.078 -34.992 1.207 0 255 80
-17.007 -34.824 1.239 0 255 85
-17.453 -35.082 1.031 0 255 136
-17.373 -34.990 1.064 0 255 76
-17.185 -35.131 1.192 0 255 59
-17.191 -34.738 1.290 0 255 59
-17.197 -34.979 1.331 0 255 63
-16.612 -34.943 0.800 0 255 136
-17.189 -35.173 1.378 0 255 21
-16.541 -34.688 1.407 0 255 76
-17.146 -35.098 1.312 0 255 199
-16.733 -34.876 0.836 0 93 255
-17.161 -35.134 1.185 0 255 110
-16.223 -34.819 0.680 0 0 255
-16.317 -34.467 1.242 0 255 76
-16.454 -34.588 0.770 0 255 68
-17.089 -34.984 1.457 0 0 255
-16.497 -34.712 0.941 0 42 255
-16.571 -34.687 0.474 0 255 46
-17.136 -34.812 1.110 0 0 255
-17.119 -34.944 1.146 255 0 0
-17.286 -34.791 1.543 0 42 255
-16.572 -34.546 1.368 0 255 72
-17.221 -34.889 1.574 0 255 114
-16.763 -34.886 1.250 0 0 255
-16.754 -34.866 1.576 0 0 255
-16.660 -34.965 0.572 0 17 255
-16.524 -34.874 0.367 0 255 195
-17.343 -35.163 0.717 0 255 178
-17.407 -34.729 0.289 0 255 89
-17.143 -34.824 0.742 12 255 0
-17.332 -35.158 0.242 0 0 255
-17.290 -34.932 0.236 0 255 242
-16.546 -34.553 1.081 0 255 46
-16.642 -34.691 1.279 0 255 131
-16.475 -34.724 0.345 29 255 0
-17.243 -35.162 0.632 0 8 255
-16.839 -34.272 1.449 0 255 110
-17.133 -35.129 1.178 0 255 140
-17.391 -35.051 1.116 0 255 55
-17.036 -34.874 1.135 255 0 0
-16.612 -34.822 1.389 0 255 157
-17.118 -34.867 1.602 0 255 212
-16.994 -34.582 1.130 0 255 4
-17.140 -34.837 1.255 0 255 55
-16.957 -35.115 1.294 0 255 204
-17.147 -35.023 0.921 0 255 0
-16.651 -34.887 0.504 0 0 255
-17.441 -35.137 0.828 0 255 123
-16.788 -34.888 1.398 0 34 255
-16.523 -34.727 0.314 0 255 51
-16.670 -34.901 0.434 0 0 255
-16.525 -34.792 0.192 0 255 136
-16.374 -34.545 1.058 0 255 76
-16.838 -34.773 0.676 0 255 161
-16.515 -34.798 0.652 0 255 127
-17.388 -34.948 1.114 0 255 131
-16.581 -34.826 0.550 0 0 255
-16.665 -34.560 0.296 38 255 0
-16.682 -34.596 0.495 29 255 0
-17.189 -34.750 0.215 0 255 136
-16.562 -34.806 0.804 0 0 255
-16.405 -34.593 0.913 0 255 68
-17.416 -35.009 1.333 0 255 114
-17.429 -35.093 1.135 0 255 157
-16.360 -34.521 0.391 0 255 0
-16.533 -34.847 1.329 0 255 46
-17.140 -34.898 1.219 0 255 38
-17.244 -34.856 0.303 0 0 255
-17.187 -35.124 1.112 0 255 174
-17.069 -35.012 1.311 0 255 46
-17.227 -35.153 0.665 0 0 255
-16.537 -34.867 0.402 0 0 255
-16.535 -34.921 0.604 0 255 144
-16.780 -34.835 1.185 0 255 216
-16.914 -34.894 0.996 0 170 255
-16.574 -34.877 0.428 0 255 55
-16.719 -35.014 1.037 0 255 106
-16.735 -35.135 1.199 0 255 51
-17.232 -34.761 0.565 0 255 161
-16.592 -34.448 0.946 0 255 89
-17.151 -35.437 0.436 0 255 4
-16.657 -34.529 0.454 0 255 106
-16.527 -34.722 1.026 0 229 255
-16.464 -34.482 1.312 0 255 55
-16.504 -34.774 0.431 0 255 38
-16.485 -34.541 0.883 0 255 17
-16.716 -34.628 1.530 0 0 255
-17.139 -35.552 0.945 0 0 255
-16.647 -34.850 0.631 0 8 255
-16.473 -34.683 0.237 0 255 25
-17.140 -35.045 1.387 0 255 114
-17.352 -34.852 1.280 0 0 255
-16.521 -34.487 1.115 0 0 255
-17.180 -34.820 0.619 0 255 93
-17.097 -35.116 1.400 0 0 255
-16.522 -34.550 0.932 0 255 131
-17.250 -34.928 0.870 0 255 157
-16.406 -34.591 0.580 0 255 148
-16.868 -34.676 0.197 0 204 255
-16.677 -34.436 0.374 0 0 255
-16.567 -34.503 0.713 0 0 255
-17.179 -34.990 1.195 0 255 161
-17.327 -35.174 0.884 0 255 114
-16.546 -34.868 1.337 0 255 46
-17.272 -34.984 1.285 0 255 136
-16.614 -34.493 0.492 0 255 85
-16.635 -34.658 0.512 0 255 80
-17.358 -34.740 0.225 0 255 29
-17.167 -34.897 1.564 0 255 199
-16.505 -34.663 1.196 0 246 255
-17.168 -34.670 0.441 0 8 255
-17.250 -35.025 0.664 0 255 136
-16.625 -34.767 1.388 0 221 255
-17.150 -34.993 1.303 0 255 4
-16.495 -34.775 0.686 0 25 255
-16.649 -34.950 0.804 0 25 255
-17.472 -35.065 1.035 0 255 127
-16.732 -34.892 1.103 0 255 216
-17.405 -35.134 0.240 0 102 255
-17.162 -34.800 1.085 0 0 255
-17.078 -35.508 0.828 0 255 161
-16.591 -34.847 1.151 0 255 140
-17.231 -34.605 1.417 0 34 255
-17.416 -35.112 1.023 0 255 119
-17.265 -35.130 0.610 0 255 148
-16.741 -34.943 1.085 0 0 255
-16.490 -34.556 1.062 0 255 63
-17.241 -34.867 0.249 0 255 72
-17.215 -35.207 1.130 0 255 144
-16.779 -34.737 1.369 0 255 110
-17.073 -34.722 1.340 0 255 34
-17.232 -34.964 0.997 0 255 85
-17.278 -34.807 1.577 0 0 255
-17.160 -34.843 1.433 0 255 110
-17.006 -35.447 0.959 0 255 72
-17.140 -34.630 1.405 0 8 255
-17.251 -34.748 0.642 0 255 114
-16.553 -34.729 0.815 0 255 42
-16.562 -34.695 0.514 0 255 21
-16.566 -34.828 0.605 0 255 4
-16.559 -34.451 1.100 0 255 119
-16.692 -34.902 1.154 0 255 157
-16.506 -34.692 0.494 17 255 0
-17.261 -34.851 0.608 0 255 204
-17.122 -35.094 1.296 0 255 157
-16.799 -34.876 1.141 0 8 255
-16.510 -34.738 1.207 0 255 216
-17.266 -34.758 0.458 0 255 127
-17.177 -34.809 1.670 0 246 255
-16.775 -34.925 1.522 0 136 255
-17.230 -35.053 0.314 0 255 144
-17.294 -34.913 0.390 0 255 165
-16.516 -34.686 0.282 0 255 38
-17.284 -34.946 1.437 0 255 80
-17.442 -35.011 1.303 0 255 170
-16.687 -35.026 0.951 0 255 72
-17.015 -34.905 1.246 0 255 80
-16.856 -34.745 0.443 0 255 208
-17.193 -35.018 1.492 0 255 178
-17.128 -34.714 1.412 0 255 242
-16.384 -34.627 1.298 0 255 51
-16.547 -34.478 0.986 0 255 110
-16.668 -34.646 1.544 0 34 255
-17.217 -35.095 0.572 0 255 153
-16.424 -34.666 0.542 0 255 131
-16.495 -34.755 0.721 0 255 8
-16.996 -34.963 1.592 0 0 255
-16.859 -34.655 0.243 0 0 255
-17.429 -34.902 1.142 0 255 131
-17.248 -34.893 0.680 0 255 212
-17.131 -34.963 1.534 0 255 123
-17.244 -35.210 1.393 0 255 199
-16.468 -34.495 1.265 0 255 63
-17.169 -34.852 0.897 0 255 153
-16.872 -35.127 1.323 0 255 212
-16.834 -34.717 0.582 0 34 255
-16.938 -34.582 1.001 0 0 255
-16.611 -34.884 1.549 0 255 170
-17.101 -34.824 0.851 0 255 8
-17.202 -34.749 0.457 0 255 153
-17.098 -34.713 0.938 0 0 255
-17.198 -34.687 0.564 0 255 204
-17.357 -35.192 0.889 0 0 255
-16.978 -35.408 0.795 0 255 97
-16.540 -34.555 1.187 0 255 157
-17.301 -34.900 0.323 0 255 55
-16.504 -34.742 0.582 0 34 255
-17.396 -35.129 0.682 0 255 153
-17.301 -34.841 0.317 0 255 119
-17.498 -34.955 1.112 0 255 182
-17.420 -34.903 0.715 0 255 144
-16.651 -34.901 0.646 0 187 255
-17.254 -34.870 0.535 0 255 63
-16.823 -34.665 0.584 0 17 255
-16.333 -34.576 1.346 0 255 114
-17.204 -34.946 1.140 0 255 97
-17.112 -34.882 1.067 0 255 72
-16.525 -34.867 1.297 0 255 42
-16.814 -34.744 0.584 0 17 255
-17.243 -34.671 1.384 0 25 255
-16.673 -34.442 0.279 0 255 12
-16.790 -34.655 0.187 0 255 174
-16.372 -34.674 1.119 0 255 76
-16.849 -34.793 1.100 0 255 208
-16.520 -34.814 0.692 0 255 246
-16.797 -34.983 1.332 0 255 102
-17.146 -35.438 0.444 0 255 12
-16.892 -34.782 0.913 0 255 165
-17.431 -34.917 1.449 0 34 255
-16.892 -34.749 0.610 0 255 144
-17.118 -34.925 1.202 0 255 72
-17.190 -34.758 0.553 0 238 255
-16.587 -34.703 1.590 0 17 255
-16.318 -35.102 1.219 0 255 89
-16.687 -34.845 0.719 0 34 255
-17.246 -35.120 0.498 0 255 153
-17.066 -35.112 1.255 0 255 136
-17.093 -34.868 1.635 0 255 131
-16.869 -34.714 0.996 0 246 255
-16.898 -34.753 1.194 0 119 255
-16.630 -34.947 0.559 0 8 255
-16.564 -34.761 0.715 0 255 250
-17.211 -34.759 0.292 0 255 170
-16.970 -35.171 1.024 0 255 55
-17.100 -34.709 1.383 0 255 131
-16.536 -34.517 1.181 0 93 255
-16.587 -35.004 1.163 0 229 255
-17.156 -35.075 0.890 17 255 0
-17.201 -35.094 0.909 0 0 255
-16.922 -35.314 1.431 0 255 174
-17.184 -34.906 0.800 255 105 0
-17.029 -35.115 1.249 0 255 148
-17.029 -35.454 0.916 0 255 68
-17.204 -34.701 0.693 0 255 170
-17.295 -35.010 0.971 0 255 85
-16.787 -34.895 1.594 0 0 255
-17.154 -34.920 1.006 0 255 157
-17.351 -35.050 0.206 0 255 97
-16.515 -34.627 1.212 0 238 255
-16.337 -34.723 0.357 0 255 29
-16.546 -35.007 1.088 0 255 102
-17.240 -35.181 1.251 0 255 216
-17.113 -34.868 1.019 0 255 161
-17.378 -34.955 1.358 0 0 255
-16.673 -34.632 1.398 0 255 123
-16.271 -34.610 0.893 0 255 80
-16.729 -34.891 1.090 0 255 187
-16.484 -34.764 1.180 0 255 68
-16.541 -34.663 1.411 0 255 204
-16.536 -34.838 0.302 0 0 255
-17.212 -34.859 0.610 0 255 93
-17.232 -35.166 1.185 0 255 127
-17.193 -34.918 0.898 0 255 131
-17.328 -34.811 1.531 0 0 255
-16.685 -35.038 1.062 0 0 255
-16.379 -34.688 0.424 12 255 0
-17.217 -34.763 0.626 0 255 148
-16.863 -34.623 0.363 0 0 255
-16.860 -34.787 0.929 0 0 255
-17.444 -34.866 1.263 0 153 255
-16.657 -34.897 0.544 0 255 233
-17.453 -34.912 0.842 0 255 170
-17.282 -34.985 1.487 0 255 153
-16.444 -34.709 1.162 0 255 21
-16.822 -35.031 1.286 0 255 93
-16.944 -34.433 1.022 0 255 89
-17.092 -34.792 1.478 0 255 178
-16.443 -34.709 1.121 0 255 119
-16.371 -34.659 0.392 0 255 174
-16.503 -34.902 0.598 0 255 153
-16.527 -34.664 0.681 0 255 106
-16.987 -34.732 0.776 0 255 119
-16.482 -34.776 0.647 0 25 255
-16.853 -34.664 0.352 0 17 255
-16.656 -34.469 1.046 0 255 29
-17.249 -34.990 0.649 0 255 157
-16.858 -34.693 0.645 0 0 255
-17.165 -34.661 0.503 0 8 255
-16.792 -34.740 0.451 0 0 255
-17.046 -34.876 0.927 25 255 0
-17.358 -35.145 0.943 0 255 127
-16.541 -34.492 1.119 0 255 212
-17.118 -35.072 1.206 0 255 182
-17.167 -34.798 0.665 0 255 106
-16.500 -34.821 0.928 0 238 255
-16.501 -34.798 0.342 34 255 0
-16.756 -34.870 1.157 0 255 170
-16.800 -34.680 0.370 0 0 255
-17.132 -34.750 0.553 0 0 255
-16.694 -34.897 0.980 0 0 255
-17.106 -34.944 1.085 170 255 0
-16.524 -34.581 0.670 0 255 34
-17.277 -34.767 0.520 0 255 93
-17.318 -34.928 1.115 0 255 68
-16.545 -34.596 1.373 0 255 72
-17.033 -35.445 1.038 0 255 51
-16.486 -34.726 0.708 0 255 4
-17.095 -35.197 1.134 0 255 72
-17.028 -34.479 0.465 0 255 106
-16.577 -34.585 0.660 0 255 233
-17.343 -34.839 1.533 0 0 255
-16.572 -34.885 1.205 0 0 255
-16.807 -34.851 0.962 0 0 255
-17.302 -34.836 1.583 0 0 255
-16.631 -34.442 1.179 0 255 85
-16.824 -35.439 1.497 0 255 161
-16.556 -34.871 0.886 0 0 255
-17.186 -34.983 1.369 0 255 199
-16.458 -34.800 0.379 0 255 119
-17.191 -34.842 0.561 0 255 110
-16.575 -35.098 0.952 8 255 0
-16.905 -34.644 1.223 0 0 255
-17.131 -34.540 1.138 0 255 29
-16.879 -34.710 1.626 0 255 178
-17.152 -34.923 1.226 255 0 0
-17.398 -35.007 0.273 0 255 127
-16.548 -34.523 1.124 0 255 148
-16.544 -34.715 1.224 0 255 93
-16.519 -34.518 1.194 0 255 46
-17.484 -34.950 0.917 0 255 144
-17.045 -34.834 0.906 17 255 0
-16.838 -34.621 0.287 0 0 255
-17.109 -34.773 1.067 0 255 127
-16.678 -34.751 1.567 0 204 255
-16.432 -34.471 0.935 0 255 63
-16.601 -34.963 1.034 0 0 255
-16.542 -34.663 1.055 0 255 29
-17.184 -35.177 1.176 0 255 127
-17.367 -35.169 0.924 0 255 114
-16.857 -34.631 0.233 0 17 255
-17.235 -34.825 1.620 0 76 255
-16.671 -34.789 1.547 0 255 144
-16.802 -34.737 0.646 0 0 255
-17.151 -34.893 1.261 0 255 89
-17.158 -34.927 0.651 0 255 102
-16.593 -34.698 1.376 0 255 106
-17.197 -34.993 0.734 0 255 131
-16.502 -34.748 1.184 0 255 119
-17.083 -35.145 1.180 0 255 76
-17.310 -35.177 0.768 0 0 255
-17.139 -34.708 0.757 0 102 255
-16.591 -34.693 1.356 0 255 106
-17.390 -34.967 1.130 0 255 68
-16.653 -34.666 1.400 0 255 127
-17.067 -34.941 0.989 0 255 93
-16.612 -34.574 0.713 0 255 102
-16.940 -35.073 1.009 25 255 0
-17.347 -35.154 0.300 0 255 178
-17.248 -34.898 0.555 0 0 255
-17.165 -35.120 1.118 0 255 89
-17.216 -34.868 1.668 0 93 255
-16.950 -35.152 1.016 0 255 29
-17.274 -34.753 0.308 0 255 127
-17.402 -34.956 1.257 0 255 89
-16.568 -34.790 1.094 0 255 97
-17.357 -34.921 1.063 0 255 85
-16.697 -34.822 1.430 0 25 255
-17.424 -34.755 0.289 0 255 255
-17.095 -34.852 1.074 0 255 182
-17.195 -34.663 0.673 0 255 221
-17.091 -34.481 0.337 0 255 157
-17.215 -34.818 1.561 0 255 233
-16.547 -34.817 0.587 0 255 42
-16.585 -34.512 0.522 0 255 46
-17.243 -34.715 0.248 0 255 97
-17.062 -35.640 1.429 0 8 255
-17.202 -35.095 0.415 0 255 97
-17.233 -34.990 0.370 0 255 140
-17.526 -34.852 0.796 0 0 255
-17.105 -34.945 1.511 0 0 255
-17.170 -34.714 0.243 0 187 255
-17.142 -35.123 1.111 0 255 119
-17.201 -34.829 0.472 0 255 127
-17.223 -35.195 1.179 0 255 157
-17.467 -35.036 0.413 0 255 110
-16.512 -34.647 0.857 0 255 12
-17.450 -34.969 1.308 0 255 242
-16.547 -34.828 1.237 0 255 144
-16.703 -34.583 0.426 8 255 0
-17.231 -34.733 0.453 0 255 161
-16.421 -34.722 0.662 21 255 0
-17.137 -34.978 0.967 0 255 246
-17.060 -34.466 1.087 0 0 255
-17.227 -34.656 0.235 0 255 250
-16.586 -34.903 0.511 0 255 174
-16.518 -34.665 1.224 59 255 0
-16.508 -34.605 0.503 0 255 46
-17.104 -34.708 1.098 0 255 119
-17.298 -34.947 1.225 0 255 55
-17.060 -34.920 1.078 0 255 72
-17.150 -34.741 0.510 0 255 204
-16.759 -34.619 0.176 0 255 178
-16.761 -34.989 1.333 0 255 55
-17.112 -34.929 0.800 4 255 0
-16.615 -35.521 1.317 0 255 59
-17.168 -35.470 0.217 0 255 68
-17.143 -34.991 1.213 0 255 97
-17.294 -35.050 1.384 0 255 187
-16.763 -34.831 1.326 0 255 110
-17.187 -34.773 0.451 0 255 187
-17.345 -34.966 1.350 0 119 255
-17.209 -34.915 0.558 0 255 119
-17.231 -35.124 1.431 0 255 51
-17.211 -34.807 0.680 0 255 127
-17.272 -34.898 1.641 0 0 255
-16.514 -34.618 1.030 0 255 29
-17.452 -35.061 0.412 0 255 136
-16.604 -34.907 0.705 0 255 233
-16.467 -34.651 1.180 0 255 34
-16.539 -34.452 0.471 0 255 63
-16.510 -34.789 0.688 0 119 255
-16.721 -34.891 1.156 0 255 157
-16.524 -34.749 1.042 0 255 165
-17.336 -35.151 1.056 0 255 144
-17.361 -35.147 1.059 0 255 153
-17.132 -34.958 1.564 0 255 136
-17.146 -34.938 1.314 0 255 89
-17.085 -34.980 1.373 0 255 63
-17.236 -34.940 1.039 0 255 72
-16.439 -34.551 1.112 0 255 76
-17.191 -34.520 1.527 0 0 255
-17.123 -34.819 1.604 0 255 131
-16.982 -35.139 1.154 0 255 68
-16.722 -34.878 0.957 0 144 255
-17.088 -34.665 1.088 0 255 144
-17.402 -34.875 1.185 0 255 106
-17.264 -34.982 0.826 0 255 136
-17.060 -34.971 1.267 34 255 0
-17.174 -34.802 0.784 0 255 97
-17.459 -35.038 0.692 0 255 191
-17.260 -34.917 0.246 0 0 255
-17.302 -34.980 0.813 0 255 89
-17.448 -35.076 0.552 0 255 153
-16.534 -34.869 0.422 0 255 191
-17.391 -34.974 0.784 0 255 153
-16.476 -34.632 0.878 0 255 0
-16.741 -35.130 1.374 0 17 255
-16.482 -34.838 1.240 0 255 46
-17.424 -34.853 0.557 0 255 246
-16.785 -34.884 0.970 0 8 255
-17.174 -34.782 0.825 0 255 76
-17.193 -35.083 0.855 0 255 21
-17.421 -35.038 0.324 0 255 131
-16.440 -34.800 0.295 0 8 255
-17.367 -35.013 1.427 0 255 144
-16.666 -34.647 1.598 0 25 255
-16.645 -34.615 1.435 0 255 157
-16.419 -34.481 0.928 0 255 80
-17.252 -34.825 1.630 0 51 255
-17.242 -34.968 0.607 0 255 153
-16.530 -34.792 1.314 0 255 80
-17.051 -34.729 1.523 0 0 255
-17.234 -35.219 1.311 0 255 161
-17.177 -35.516 0.448 0 255 153
-17.121 -35.097 1.168 0 255 25
-17.489 -34.868 1.113 0 25 255
-17.466 -34.978 0.314 0 255 123
-17.043 -35.003 1.196 0 255 46
-16.723 -34.575 0.426 0 255 93
-17.365 -34.983 0.719 0 255 144
-16.672 -34.599 0.447 76 255 0
-17.402 -34.946 1.175 0 255 246
-17.394 -34.864 1.243 0 255 144
-16.728 -34.951 1.574 0 34 255
-16.595 -34.913 1.023 0 255 140
-16.582 -34.731 0.910 0 255 80
-16.813 -34.839 1.203 0 25 255
-17.192 -34.818 0.637 0 255 131
-16.481 -34.864 0.391 0 255 165
-17.434 -34.847 0.646 0 25 255
-17.151 -34.859 0.964 0 255 59
-16.742 -34.825 1.547 0 8 255
-17.285 -34.909 0.450 0 255 144
-17.234 -35.116 0.580 0 255 153
