-14.554 -30.022 1.461 0 255 119
-14.524 -30.071 0.864 0 255 46
-14.830 -30.144 1.289 0 255 76
-14.587 -29.895 1.198 0 255 34
-14.438 -30.065 0.923 0 255 42
-14.757 -30.106 1.528 0 255 127
-14.417 -30.226 1.693 0 255 195
-14.717 -30.274 0.487 0 255 153
-14.760 -30.130 1.528 0 255 136
-14.533 -30.076 0.827 0 255 25
-14.581 -30.307 1.176 0 255 68
-14.617 -30.216 0.309 0 255 127
-14.667 -29.898 0.767 0 51 255
-14.759 -29.877 1.030 0 255 51
-14.636 -30.203 0.632 0 255 119
-14.500 -30.024 0.616 0 255 119
-14.539 -29.913 1.080 0 255 59
-14.711 -29.970 0.996 0 255 242
-14.517 -29.994 1.367 0 255 29
-14.773 -30.217 0.661 0 187 255
-14.858 -29.962 0.914 0 255 195
-14.625 -29.868 0.872 0 255 140
-14.690 -30.230 1.143 0 255 17
-14.850 -30.042 1.357 0 255 76
-14.826 -30.037 1.370 0 255 85
-14.421 -30.108 0.987 0 255 55
-14.514 -30.099 1.413 0 255 63
-14.634 -30.197 0.406 0 255 182
-14.693 -29.923 0.821 0 255 72
-14.393 -29.930 1.073 0 255 80
-14.620 -30.159 0.438 0 255 136
-14.809 -29.973 0.924 0 255 29
-14.538 -30.001 0.248 0 255 102
-14.528 -29.966 0.544 0 255 119
-14.802 -29.864 1.144 0 255 55
-14.697 -29.928 0.766 0 255 221
-14.545 -30.106 1.455 0 255 114
-14.741 -30.273 1.461 0 0 255
-14.709 -30.116 0.233 0 102 255
-14.892 -30.130 0.853 0 255 51
-14.841 -30.280 0.940 0 34 255
-14.507 -30.093 1.600 0 221 255
-14.509 -29.965 1.172 0 255 42
-14.687 -29.962 0.643 0 255 97
-14.642 -30.423 0.889 0 255 80
-14.681 -30.300 0.407 0 195 255
-14.793 -30.343 1.129 0 25 255
-14.610 -30.223 1.238 0 255 29
-14.526 -29.978 0.519 0 255 93
-14.733 -29.997 0.832 0 25 255
-14.698 -30.268 0.189 0 255 93
-14.419 -30.159 1.610 0 255 153
-14.578 -29.854 0.985 0 255 42
-14.755 -30.139 0.215 0 255 110
-14.563 -30.010 0.188 0 255 80
-14.592 -30.249 0.876 0 255 97
-14.591 -29.794 1.011 0 0 255
-14.437 -30.007 1.121 0 255 76
-14.483 -30.050 0.914 0 255 97
-14.847 -30.037 0.840 0 93 255
-14.563 -30.244 1.470 0 255 161
-14.874 -30.313 1.146 0 34 255
-14.652 -30.311 1.255 0 255 51
-14.823 -30.033 0.989 0 255 46
-14.658 -29.980 1.438 0 255 123
-14.733 -29.965 0.952 0 255 119
-14.512 -30.181 0.921 0 255 38
-14.740 -30.261 0.762 0 0 255
-14.514 -30.239 1.579 0 255 93
-14.771 -30.281 0.522 0 255 85
-14.478 -29.985 0.430 0 255 127
-14.599 -30.210 0.455 0 255 72
-14.615 -29.794 1.095 0 255 80
-14.568 -29.773 1.020 0 255 85
-14.707 -30.044 1.588 0 255 174
-14.516 -30.258 0.875 0 255 127
-14.796 -30.065 0.819 0 255 29
-14.484 -30.067 1.325 0 0 255
-14.673 -29.889 0.857 0 255 80
-14.778 -29.988 1.434 0 255 106
-14.766 -30.221 0.699 0 255 123
-14.786 -30.136 1.327 0 255 182
-14.595 -30.207 0.355 0 255 89
-14.532 -29.985 1.436 0 255 187
-14.534 -29.896 1.039 0 255 34
-14.587 -29.990 1.104 0 255 21
-14.675 -30.027 0.692 0 178 255
-14.857 -30.203 0.908 0 255 72
-14.623 -30.261 1.376 0 221 255
-14.523 -29.867 1.167 0 255 76
-14.520 -30.114 0.856 0 255 63
-14.556 -30.295 1.558 0 255 85
-14.584 -30.044 1.516 0 0 255
-14.648 -29.975 1.129 0 255 157
-14.578 -30.297 1.138 0 255 59
-14.506 -29.877 1.122 0 255 55
-14.751 -30.272 1.041 0 255 34
-14.731 -30.120 0.404 0 25 255
-14.696 -29.882 0.896 0 255 178
-14.739 -30.283 0.630 0 255 114
-14.591 -29.896 0.338 0 255 102
-14.546 -29.977 0.303 0 255 153
-14.515 -29.963 1.409 0 255 233
-14.547 -30.085 1.698 0 255 165
-14.810 -30.240 1.218 0 255 97
-14.683 -29.817 0.904 0 255 97
-14.523 -30.146 1.010 0 255 29
-14.523 -30.168 1.697 0 85 255
-14.535 -29.880 0.856 0 255 68
-14.806 -30.048 1.454 0 255 119
-14.408 -30.049 0.855 0 255 12
-14.475 -29.948 0.686 0 0 255
-14.640 -29.813 1.092 0 17 255
-14.631 -30.159 0.365 0 255 119
-14.568 -29.852 1.106 0 255 63
-14.477 -30.072 1.577 0 255 144
-14.407 -30.102 1.010 0 255 63
-14.486 -30.084 1.579 0 255 178
-14.439 -30.110 1.547 0 178 255
-14.513 -29.993 0.581 0 255 97
-14.480 -30.007 1.219 0 255 29
-14.742 -29.935 1.416 0 255 161
-14.513 -30.186 1.700 0 119 255
-14.818 -30.068 1.195 0 255 38
-14.742 -30.057 1.469 0 0 255
-14.566 -29.898 0.564 0 255 76
-14.630 -30.303 1.066 0 255 242
-14.788 -29.972 1.188 0 255 17
-14.496 -29.893 1.012 0 255 46
-14.612 -30.251 0.846 0 255 119
-14.695 -29.945 1.016 0 255 51
-14.610 -29.879 0.773 0 255 127
-14.738 -30.266 0.285 0 255 102
-14.706 -29.973 0.337 0 59 255
-14.816 -29.944 0.906 0 255 148
-14.761 -30.078 0.634 0 255 153
-14.748 -30.292 0.629 0 0 255
-14.804 -29.992 1.151 0 255 59
-14.818 -30.271 1.191 0 212 255
-14.645 -30.224 1.460 0 0 255
-14.608 -30.021 1.515 0 34 255
-14.509 -30.003 1.084 0 255 72
-14.482 -30.051 0.625 0 255 123
-14.684 -30.047 1.478 0 255 110
-14.826 -30.132 0.820 0 255 68
-14.529 -30.203 1.570 0 144 255
-14.601 -30.265 0.346 0 255 187
-14.730 -29.897 0.775 0 255 29
-14.778 -29.896 0.880 0 255 34
-14.648 -29.813 1.041 0 255 51
-14.623 -30.202 1.049 0 255 225
-14.537 -29.907 1.220 0 255 12
-14.562 -29.955 0.381 0 255 102
-14.436 -30.059 0.399 0 255 102
-14.519 -30.079 0.730 0 255 97
-14.561 -29.867 1.074 0 0 255
-14.559 -30.144 1.218 0 255 29
-14.890 -30.101 1.147 0 255 38
-14.806 -30.108 1.111 0 255 51
-14.761 -30.293 1.152 0 255 42
-14.532 -30.014 0.904 0 255 42
-14.458 -30.064 1.094 0 255 42
-14.593 -30.262 1.617 0 255 170
-14.817 -30.131 1.473 0 255 68
-14.489 -30.056 1.637 0 255 51
-14.593 -30.203 0.761 0 255 68
-14.481 -29.954 0.540 0 255 93
-14.430 -30.129 1.328 0 255 102
-14.593 -30.195 0.306 0 170 255
-14.547 -29.953 0.652 0 255 97
-14.660 -29.958 1.212 0 255 136
-14.502 -30.036 1.626 0 255 63
-14.591 -30.255 0.778 0 255 178
-14.577 -30.140 1.391 42 255 0
-14.477 -30.044 1.379 0 255 97
-14.497 -30.059 1.438 0 255 68
-14.651 -30.147 0.236 0 76 255
-14.568 -30.046 0.667 0 255 148
-14.646 -29.968 1.269 0 0 255
-14.819 -30.070 1.177 0 255 55
-14.459 -29.968 0.958 0 255 42
-14.625 -30.109 1.535 0 8 255
-14.438 -30.002 0.665 0 255 102
-14.673 -30.137 0.231 0 255 97
-14.702 -30.147 1.608 0 161 255
-14.454 -29.942 1.069 0 255 46
-14.643 -30.193 0.192 0 255 85
-14.496 -29.928 1.212 0 255 68
-14.663 -30.182 0.578 0 119 255
-14.708 -30.007 0.751 0 170 255
-14.645 -30.001 1.095 0 255 72
-14.493 -29.890 1.346 0 255 21
-14.443 -30.025 0.663 0 255 89
-14.472 -30.000 1.250 0 255 80
-14.601 -30.274 1.432 0 255 127
-14.433 -30.208 1.692 0 0 255
-14.535 -29.953 1.050 0 255 38
-14.488 -29.933 0.869 0 255 51
-14.639 -30.274 0.425 0 0 255
-14.663 -29.888 0.838 0 255 157
-14.509 -30.011 0.286 0 255 106
-14.656 -30.105 0.552 0 255 102
-14.518 -30.019 1.386 0 255 72
-14.488 -30.155 1.531 0 255 93
-14.606 -29.797 1.152 0 255 21
-14.771 -29.998 1.370 0 85 255
-14.660 -30.026 0.664 0 178 255
-14.528 -30.004 0.942 0 255 63
-14.730 -29.940 1.081 0 255 68
-14.635 -30.080 1.570 0 8 255
-14.683 -30.042 1.272 0 0 255
-14.478 -30.012 0.408 0 255 131
-14.639 -29.805 0.994 0 255 46
-14.850 -30.308 1.108 0 255 127
-14.637 -30.246 1.364 0 255 55
-14.579 -30.233 1.049 0 255 76
-14.601 -30.257 0.469 0 255 72
-14.753 -30.169 0.724 0 255 140
-14.728 -30.153 1.621 0 255 38
-14.720 -30.044 0.699 0 255 178
-14.527 -30.134 1.492 0 255 97
