-14.162 -31.431 0.583 0 255 0
-14.358 -31.319 0.884 0 255 97
-14.127 -31.867 0.596 0 255 153
-14.016 -31.724 0.512 0 255 46
-14.021 -31.615 1.146 8 255 0
-13.920 -31.705 0.562 0 255 51
-14.221 -31.474 1.130 0 255 12
-14.350 -31.461 0.668 0 255 51
-13.965 -31.771 1.061 4 255 0
-14.053 -31.601 1.160 0 255 59
-14.389 -31.740 1.290 0 255 233
-14.192 -31.793 0.447 0 127 255
-14.184 -31.534 1.278 0 229 255
-14.081 -31.794 0.368 0 8 255
-13.993 -31.706 0.552 0 255 4
-14.083 -31.553 0.601 93 255 0
-13.989 -31.683 1.172 0 255 25
-14.160 -31.869 1.102 0 255 38
-14.041 -31.539 0.532 0 0 255
-14.134 -31.695 1.496 0 255 242
-14.102 -31.500 0.783 0 255 25
-14.165 -31.872 1.004 0 255 4
-14.403 -31.557 0.999 0 255 51
-14.372 -31.573 0.927 0 0 255
-14.274 -31.648 1.498 0 0 255
-14.375 -31.483 0.722 8 255 0
-14.075 -31.527 0.712 17 255 0
-14.120 -31.638 1.377 0 255 106
-14.320 -31.500 0.799 0 255 38
-14.273 -31.635 1.315 0 246 255
-14.115 -31.801 0.713 29 255 0
-13.944 -31.837 0.898 0 255 46
-14.159 -31.819 0.360 0 127 255
-14.406 -31.558 1.091 0 0 255
-14.448 -31.647 1.263 0 0 255
-14.170 -31.547 1.171 0 255 148
-14.063 -31.558 0.565 0 255 4
-14.347 -31.737 0.746 0 42 255
-14.149 -31.878 1.012 0 255 8
-14.335 -31.714 1.014 0 0 255
-13.979 -31.614 1.038 0 255 29
-14.034 -31.816 1.138 4 255 0
-14.277 -31.825 0.558 0 255 72
-14.108 -31.838 1.084 0 255 25
-14.150 -31.787 1.359 0 34 255
-14.303 -31.417 0.871 0 255 68
-14.090 -31.857 0.995 0 255 38
-14.250 -31.793 1.273 0 0 255
-14.072 -31.744 0.503 0 255 157
-14.278 -31.557 0.349 0 153 255
-14.333 -31.326 0.810 0 255 63
-14.229 -31.565 1.547 0 110 255
-13.974 -31.760 0.644 0 255 170
-14.082 -31.495 0.464 0 0 255
-14.074 -31.667 1.065 0 255 21
-14.253 -31.701 1.468 0 153 255
-14.111 -31.887 1.294 0 0 255
-14.214 -31.754 1.509 0 144 255
-14.219 -31.526 0.367 0 0 255
-14.255 -31.513 0.422 0 8 255
-14.235 -31.495 1.451 0 0 255
-14.358 -31.605 1.094 0 8 255
-14.045 -31.616 0.694 0 255 42
-14.085 -31.606 1.143 0 255 4
-14.296 -31.653 1.058 0 0 255
-14.230 -31.847 0.631 0 255 119
-14.364 -31.634 0.940 0 76 255
-14.070 -31.784 0.166 0 246 255
-14.205 -31.688 1.358 0 8 255
-14.243 -31.478 0.815 0 255 119
-14.384 -31.423 0.994 0 255 123
-14.064 -31.598 0.731 0 255 63
-14.227 -31.814 1.086 0 17 255
-14.149 -31.798 0.445 0 85 255
-14.254 -31.682 0.863 0 0 255
-14.246 -31.425 1.039 0 0 255
-14.194 -31.680 1.343 8 255 0
-14.080 -31.694 0.420 0 51 255
-14.207 -31.619 0.236 0 0 255
-14.075 -31.783 0.957 4 255 0
-14.299 -31.782 0.735 0 25 255
-14.395 -31.469 0.951 0 0 255
-14.211 -31.633 1.529 0 255 250
-14.069 -31.634 1.047 0 255 51
-14.171 -31.828 0.730 0 255 38
-14.404 -31.584 0.673 12 255 0
-14.240 -31.555 0.945 0 255 25
-14.054 -31.860 0.917 0 255 153
-14.115 -31.564 1.381 0 0 255
-14.419 -31.579 1.245 0 255 246
-14.303 -31.785 1.206 0 255 63
-14.296 -31.770 0.861 0 255 191
-14.394 -31.496 0.593 0 25 255
-13.890 -31.734 0.713 0 255 106
-14.129 -31.703 1.446 0 246 255
-14.105 -31.723 0.177 0 255 208
-14.229 -31.840 0.555 0 255 46
-14.377 -31.712 0.567 0 255 93
-14.386 -31.519 0.922 0 255 0
-14.024 -31.581 0.728 4 255 0
-13.970 -31.636 1.089 0 255 8
-14.007 -31.640 0.792 21 255 0
-14.320 -31.394 0.705 0 255 174
-14.137 -31.497 1.088 0 255 25
-14.310 -31.683 0.735 0 0 255
-14.050 -31.624 0.690 0 255 42
-14.002 -31.550 0.891 0 255 21
-14.198 -31.693 1.438 0 238 255
-14.165 -31.806 0.166 0 0 255
-14.114 -31.589 0.427 0 255 225
-13.999 -31.653 0.662 0 255 4
-14.055 -31.690 0.637 0 255 233
-14.388 -31.607 1.077 0 8 255
-14.342 -31.507 0.343 0 195 255
-14.077 -31.560 0.569 0 255 38
-14.294 -31.416 0.527 0 255 255
-14.086 -31.858 0.819 0 255 157
-13.851 -31.808 0.774 0 0 255
-13.912 -31.824 0.991 0 255 80
-14.269 -31.437 0.633 0 85 255
-14.261 -31.533 0.265 0 178 255
-14.078 -31.509 0.564 0 255 8
-14.068 -31.674 0.853 0 255 25
-14.320 -31.507 0.170 0 76 255
-14.056 -31.595 0.893 0 255 63
-14.251 -31.727 0.990 0 8 255
-14.034 -31.859 0.809 34 255 0
-14.045 -31.670 0.797 76 255 0
-14.025 -31.816 0.800 0 255 110
-13.809 -31.714 0.765 0 255 46
-14.048 -31.611 1.042 0 255 29
-14.037 -31.644 0.633 0 255 76
-14.135 -31.518 1.132 0 255 55
-14.091 -31.637 0.568 0 255 80
-14.149 -31.665 0.224 0 0 255
-14.360 -31.481 0.337 0 144 255
-14.018 -31.580 1.036 0 255 42
-14.192 -31.535 1.140 0 255 123
-14.080 -31.685 1.163 0 255 89
-13.916 -31.760 0.860 21 255 0
-14.285 -31.400 0.722 0 68 255
-14.163 -31.824 0.268 0 0 255
-14.377 -31.616 0.957 0 255 34
-14.098 -31.798 1.074 0 255 127
-14.373 -31.621 0.855 0 255 51
-14.155 -31.836 1.224 0 255 51
-14.011 -31.680 1.185 0 255 17
-13.968 -31.687 0.723 0 255 51
-14.381 -31.762 1.107 0 25 255
-14.224 -31.493 0.885 0 255 76
-14.262 -31.813 1.279 0 76 255
-14.041 -31.677 0.839 17 255 0
-14.392 -31.729 1.102 0 255 182
-14.038 -31.612 0.842 0 255 110
-14.180 -31.832 1.180 4 255 0
-14.148 -31.630 1.235 0 255 80
-14.095 -31.865 1.024 0 255 21
-14.094 -31.703 1.145 0 255 12
-14.155 -31.834 0.637 0 255 42
-14.235 -31.773 0.441 0 153 255
-14.089 -31.830 0.328 0 0 255
-14.263 -31.516 0.379 0 187 255
-14.257 -31.829 0.549 0 255 187
-14.158 -31.444 0.659 0 255 4
-14.107 -31.814 0.318 0 144 255
-14.147 -31.659 0.386 0 127 255
-14.060 -31.663 0.665 0 255 114
-14.087 -31.719 0.419 0 102 255
-14.070 -31.727 1.153 17 255 0
-14.219 -31.423 0.451 0 255 38
-14.046 -31.880 0.814 29 255 0
-14.038 -31.751 1.094 0 255 12
-14.143 -31.712 0.253 0 195 255
-14.031 -31.766 0.465 0 238 255
-14.245 -31.674 1.525 0 0 255
-14.254 -31.398 0.736 0 255 131
-14.025 -31.665 0.528 0 255 85
-14.169 -31.817 0.742 0 255 51
-14.257 -31.722 1.464 0 0 255
-14.366 -31.553 0.513 0 255 29
-14.045 -31.727 0.769 0 255 68
-14.035 -31.913 1.066 0 0 255
-14.019 -31.856 1.040 0 255 0
-14.359 -31.425 0.583 0 51 255
-14.370 -31.634 0.882 0 8 255
-14.408 -31.684 1.143 0 255 68
-14.207 -31.767 0.247 0 127 255
-14.279 -31.796 1.303 0 42 255
-14.091 -31.533 0.714 0 255 76
