2.862 -16.339 2.728 0 0 255
2.735 -16.254 3.601 0 0 255
2.117 -16.155 3.772 0 0 255
1.753 -16.174 3.340 0 51 255
2.830 -16.173 0.702 0 0 255
1.951 -16.090 3.915 0 255 123
2.716 -16.290 2.586 0 0 255
3.094 -16.131 3.229 0 0 255
1.840 -16.112 3.382 0 255 89
2.844 -16.316 3.738 0 68 255
2.100 -16.209 3.737 0 0 255
2.820 -16.429 2.896 0 0 255
2.687 -16.251 4.006 0 0 255
1.756 -16.121 3.746 0 0 255
2.780 -16.236 3.589 0 0 255
2.718 -16.198 0.356 0 0 255
1.902 -16.097 3.550 0 42 255
2.782 -16.162 1.616 0 0 255
2.797 -16.215 1.192 0 0 255
1.844 -16.108 3.472 0 255 123
1.789 -16.174 3.713 0 0 255
2.907 -16.162 0.422 0 0 255
1.874 -16.207 3.347 0 0 255
2.362 -16.195 3.736 0 0 255
2.807 -16.243 2.447 0 0 255
2.930 -16.269 4.208 0 25 255
2.940 -16.281 2.702 0 0 255
2.717 -16.264 3.641 0 0 255
1.935 -16.131 3.928 0 153 255
2.722 -16.213 3.059 0 0 255
2.722 -16.270 0.589 0 0 255
2.817 -16.200 1.838 0 0 255
2.747 -16.243 1.943 0 0 255
2.884 -16.324 4.446 0 0 255
2.761 -16.145 0.455 0 0 255
1.884 -16.111 3.938 0 0 255
2.761 -16.273 0.380 0 0 255
1.918 -16.025 3.565 0 255 182
2.728 -16.301 1.938 0 8 255
2.898 -16.263 4.623 0 161 255
2.828 -16.276 2.921 0 0 255
2.794 -16.249 2.723 0 0 255
2.796 -16.190 1.064 0 0 255
2.752 -16.152 0.582 0 0 255
2.724 -16.203 1.040 0 0 255
2.895 -16.519 3.157 0 0 255
2.719 -16.236 2.392 0 0 255
2.724 -16.323 2.429 0 0 255
2.909 -16.098 3.208 0 0 255
2.751 -16.246 1.680 0 0 255
1.909 -16.044 3.918 0 0 255
2.802 -16.207 2.217 0 0 255
2.800 -16.135 0.733 0 0 255
1.826 -16.060 3.618 0 255 148
1.998 -16.173 3.687 0 8 255
2.846 -16.364 4.714 0 0 255
2.722 -16.259 3.472 0 0 255
2.883 -16.163 3.067 0 0 255
2.908 -16.193 2.886 0 0 255
2.607 -16.273 3.742 0 0 255
2.669 -16.334 3.366 0 0 255
2.823 -16.254 2.806 0 0 255
2.626 -16.264 0.365 0 8 255
2.743 -16.156 0.679 0 0 255
2.806 -16.217 2.089 0 0 255
2.571 -16.277 3.718 0 0 255
2.802 -16.134 0.696 0 0 255
2.844 -16.332 4.052 0 0 255
3.118 -16.290 0.297 0 0 255
1.759 -16.121 3.418 0 255 63
2.717 -16.267 2.958 0 0 255
2.914 -16.265 0.321 0 0 255
2.709 -16.222 0.335 0 0 255
1.838 -16.186 3.638 0 255 178
2.902 -16.299 3.800 0 0 255
1.750 -16.122 3.621 0 85 255
2.804 -16.252 3.568 0 0 255
2.666 -16.252 3.688 0 0 255
3.042 -16.129 2.889 0 0 255
2.798 -16.272 3.046 0 0 255
2.751 -16.237 1.548 0 0 255
2.769 -16.212 3.167 0 0 255
1.953 -16.130 3.674 0 8 255
2.803 -16.146 0.971 0 0 255
2.768 -16.116 0.410 0 8 255
2.720 -16.253 3.130 0 0 255
2.723 -16.352 2.556 0 0 255
2.835 -16.280 2.646 0 0 255
1.742 -16.100 3.436 0 255 89
2.721 -16.180 0.619 0 0 255
2.796 -16.269 3.487 0 0 255
2.877 -16.113 2.850 0 0 255
2.786 -16.117 0.411 0 0 255
1.813 -16.125 3.702 0 8 255
2.875 -16.287 4.113 0 0 255
2.763 -16.291 3.925 0 25 255
2.858 -16.337 4.155 0 255 229
2.694 -16.321 2.541 0 17 255
2.793 -16.242 3.199 0 0 255
2.758 -16.229 3.490 0 0 255
2.823 -16.180 1.390 0 0 255
1.984 -16.234 3.882 0 255 93
2.821 -16.287 3.111 0 0 255
1.810 -16.012 3.458 12 255 0
2.406 -16.296 3.707 0 0 255
2.960 -16.109 3.016 0 0 255
1.789 -16.197 3.453 0 255 59
2.828 -16.184 2.645 0 0 255
2.947 -16.171 2.714 0 0 255
2.870 -16.354 2.891 0 0 255
2.750 -16.217 0.235 0 0 255
2.843 -16.262 3.822 0 0 255
1.922 -16.077 3.840 0 136 255
2.748 -16.237 1.726 0 0 255
2.019 -16.333 3.812 0 25 255
2.811 -16.180 3.294 0 0 255
2.844 -16.311 4.656 0 25 255
2.570 -16.168 3.700 0 0 255
2.009 -16.126 3.884 0 170 255
2.755 -16.198 0.752 0 0 255
2.906 -16.137 0.918 0 0 255
2.759 -16.228 2.103 0 0 255
2.372 -16.261 3.706 0 0 255
2.836 -16.205 1.519 0 0 255
2.786 -16.166 2.875 0 0 255
2.698 -16.282 3.095 0 0 255
2.784 -16.208 2.633 0 0 255
2.746 -16.285 1.107 0 0 255
2.740 -16.260 1.602 0 0 255
2.908 -16.327 4.353 0 0 255
2.290 -16.214 3.766 0 0 255
2.788 -16.213 3.659 0 0 255
2.747 -16.249 2.364 0 0 255
2.881 -16.283 4.114 0 0 255
2.252 -16.217 3.676 0 0 255
1.830 -16.089 3.324 0 255 25
2.732 -16.277 1.441 0 0 255
2.780 -16.229 2.666 0 0 255
2.847 -16.180 0.761 0 0 255
2.872 -16.109 3.016 0 0 255
2.850 -16.201 2.994 0 0 255
2.908 -16.281 4.598 0 68 255
3.025 -16.068 3.077 0 0 255
2.964 -16.137 3.210 0 0 255
2.724 -16.231 0.933 0 17 255
2.507 -16.194 3.675 0 8 255
2.656 -16.282 3.668 0 42 255
2.739 -16.211 1.921 0 0 255
2.799 -16.355 3.933 0 42 255
2.735 -16.260 2.713 0 0 255
1.920 -16.170 3.939 0 0 255
3.168 -16.117 0.587 0 34 255
2.021 -16.276 3.873 0 204 255
2.823 -16.468 2.757 0 0 255
2.792 -16.199 2.278 0 0 255
1.706 -16.112 3.711 0 0 255
2.774 -16.209 2.216 0 0 255
2.755 -16.304 1.543 0 0 255
1.817 -16.197 3.353 0 0 255
2.818 -16.349 2.632 0 8 255
2.850 -16.450 3.022 0 0 255
2.273 -16.198 3.670 0 0 255
1.748 -16.196 3.575 0 255 114
2.934 -16.300 4.446 0 255 191
2.274 -16.216 3.770 0 0 255
2.882 -16.173 3.090 0 0 255
1.813 -16.236 3.440 0 8 255
2.797 -16.144 0.546 0 0 255
2.824 -16.348 4.298 0 17 255
2.980 -16.149 3.126 0 0 255
1.982 -16.202 3.805 0 0 255
1.795 -16.130 3.706 0 17 255
2.836 -16.231 2.087 0 0 255
2.873 -16.330 4.590 0 85 255
2.715 -16.288 2.085 0 0 255
1.831 -16.013 3.553 0 255 4
2.872 -16.281 0.339 0 0 255
2.716 -16.262 3.518 0 0 255
3.080 -16.085 2.746 0 34 255
2.037 -16.164 3.804 0 255 157
2.029 -16.055 3.855 0 255 157
1.740 -16.128 3.701 0 17 255
1.870 -16.068 3.318 0 255 161
2.707 -16.290 0.821 0 0 255
1.731 -16.127 3.553 0 255 136
2.800 -16.226 1.321 0 0 255
1.821 -16.033 3.335 0 0 255
2.895 -16.175 0.951 0 0 255
2.804 -16.169 1.574 0 0 255
2.738 -16.382 3.799 0 0 255
2.743 -16.177 0.867 0 0 255
1.973 -16.137 3.905 0 255 153
2.971 -16.055 2.837 0 0 255
2.765 -16.159 0.283 0 0 255
1.850 -15.997 3.550 0 255 4
2.320 -16.187 3.698 0 0 255
2.734 -16.255 2.859 0 0 255
2.832 -16.211 1.753 0 0 255
3.003 -16.155 3.190 0 0 255
2.762 -16.320 2.525 0 0 255
2.767 -16.223 3.358 0 0 255
1.751 -16.131 3.746 0 0 255
2.747 -16.285 2.368 0 0 255
2.975 -16.120 2.946 0 0 255
2.930 -16.083 3.249 0 0 255
2.884 -16.166 2.797 0 0 255
1.975 -16.040 3.927 0 59 255
3.052 -16.402 2.706 0 0 255
2.840 -16.355 2.781 0 0 255
2.833 -16.258 3.110 0 0 255
2.740 -16.244 1.990 0 0 255
2.865 -16.175 2.757 0 0 255
2.098 -16.189 3.733 0 0 255
2.828 -16.418 3.192 0 0 255
2.738 -16.314 2.694 0 0 255
2.835 -16.452 3.078 0 0 255
2.704 -16.298 3.368 0 0 255
2.911 -16.295 4.235 0 0 255
2.901 -16.105 2.886 0 0 255
1.777 -16.126 3.395 0 255 148
2.712 -16.251 0.513 0 0 255
2.827 -16.340 4.402 0 0 255
2.750 -16.191 1.575 0 17 255
3.084 -16.202 0.291 0 255 131
1.724 -16.139 3.794 0 0 255
2.813 -16.281 3.585 0 0 255
2.749 -16.193 2.522 0 8 255
2.173 -16.170 3.683 0 0 255
2.733 -16.308 3.426 0 0 255
1.783 -16.214 3.533 0 17 255
2.687 -16.215 3.673 0 0 255
2.726 -16.178 0.334 0 0 255
2.788 -16.235 2.164 0 0 255
2.727 -16.226 1.303 0 0 255
2.746 -16.238 1.864 0 0 255
1.798 -16.058 3.465 0 255 123
2.767 -16.318 3.173 0 0 255
2.733 -16.173 0.541 0 0 255
2.876 -16.323 4.859 0 8 255
3.063 -16.050 2.836 0 0 255
2.718 -16.323 1.961 0 0 255
1.775 -16.073 3.471 0 255 21
2.810 -16.160 0.436 0 0 255
1.873 -16.027 3.347 0 255 51
2.742 -16.276 2.927 0 0 255
2.714 -16.230 0.334 0 0 255
2.850 -16.161 1.004 0 0 255
2.860 -16.506 2.829 0 0 255
2.843 -16.271 2.868 0 0 255
2.769 -16.187 0.319 0 0 255
2.744 -16.218 1.674 0 0 255
2.780 -16.219 2.518 0 0 255
2.750 -16.187 1.588 0 8 255
2.770 -16.122 0.905 0 0 255
3.079 -16.051 2.724 0 0 255
1.757 -16.139 3.362 0 255 42
2.943 -16.331 0.276 0 255 127
2.755 -16.224 1.400 0 0 255
2.860 -16.523 2.896 0 0 255
3.130 -16.171 3.157 0 0 255
2.732 -16.244 0.322 0 0 255
2.737 -16.263 1.306 0 0 255
2.859 -16.172 0.443 0 0 255
2.892 -16.290 3.667 0 119 255
2.694 -16.317 3.567 0 0 255
3.288 -16.237 0.329 0 255 153
2.754 -16.224 1.757 0 0 255
1.788 -16.215 3.617 0 255 119
3.056 -16.130 2.736 0 0 255
2.892 -16.297 4.724 0 42 255
2.993 -16.133 3.174 0 0 255
3.034 -16.248 0.328 0 25 255
2.829 -16.152 1.559 0 0 255
2.722 -16.310 2.642 0 255 161
2.843 -16.222 2.829 0 0 255
2.825 -16.227 1.414 0 0 255
2.862 -16.336 4.290 0 144 255
2.758 -16.231 2.869 0 0 255
1.782 -16.098 3.787 0 0 255
2.744 -16.212 2.639 0 0 255
2.034 -16.047 3.895 0 0 255
2.869 -16.504 2.787 0 0 255
2.826 -16.147 0.955 0 0 255
2.740 -16.266 3.396 0 0 255
2.989 -16.339 0.282 0 255 131
1.766 -16.168 3.656 0 255 204
1.765 -16.137 3.623 0 255 225
2.928 -16.116 2.976 0 0 255
1.716 -16.141 3.488 0 85 255
3.003 -16.159 2.687 0 0 255
2.099 -16.239 3.712 0 0 255
2.874 -16.350 3.797 0 25 255
2.772 -16.374 3.198 0 0 255
2.867 -16.317 0.298 0 8 255
2.899 -16.302 4.137 0 0 255
3.001 -16.096 2.843 0 0 255
2.760 -16.198 3.647 0 0 255
1.850 -16.074 3.644 0 0 255
1.922 -16.119 3.397 0 0 255
2.709 -16.260 1.834 0 0 255
2.760 -16.233 2.939 0 0 255
3.095 -16.157 3.173 0 68 255
2.786 -16.223 1.224 0 0 255
2.973 -16.051 2.818 0 0 255
2.972 -16.133 3.042 0 0 255
2.352 -16.297 3.704 0 0 255
1.950 -16.058 3.951 0 255 38
3.097 -16.119 2.671 0 0 255
3.003 -16.105 2.858 0 0 255
2.729 -16.275 0.878 0 8 255
2.836 -16.154 0.740 0 0 255
2.839 -16.197 2.867 0 0 255
2.740 -16.250 2.558 0 144 255
2.709 -16.307 3.745 0 0 255
2.797 -16.184 0.487 0 0 255
2.730 -16.242 0.659 0 0 255
1.869 -16.131 3.411 0 255 148
2.734 -16.142 0.715 0 51 255
2.814 -16.455 3.173 0 0 255
2.730 -16.193 2.431 0 0 255
3.276 -16.290 0.404 0 0 255
1.792 -16.058 3.593 0 255 12
2.806 -16.195 2.428 0 0 255
2.749 -16.285 3.559 0 0 255
1.826 -16.139 3.340 0 255 12
1.873 -16.040 3.360 0 255 127
2.874 -16.331 4.353 0 255 233
1.814 -16.133 3.320 4 255 0
2.731 -16.336 2.511 0 0 255
2.753 -16.224 1.474 0 0 255
2.729 -16.299 2.615 0 255 161
2.808 -16.214 2.459 0 0 255
1.940 -16.209 3.875 0 255 233
2.762 -16.179 1.907 0 0 255
2.860 -16.270 3.620 0 0 255
1.856 -16.108 3.755 0 0 255
3.037 -16.258 0.211 0 255 136
2.699 -16.242 3.129 0 0 255
3.007 -16.099 2.862 0 0 255
2.750 -16.297 1.577 0 0 255
3.052 -16.259 0.337 0 255 170
2.753 -16.222 1.111 0 0 255
1.938 -16.202 3.723 0 42 255
1.839 -16.181 3.370 0 102 255
1.752 -16.169 3.444 0 17 255
1.879 -16.174 3.762 0 0 255
3.238 -16.147 0.542 0 8 255
2.824 -16.225 1.453 0 0 255
2.962 -16.136 3.097 0 0 255
2.769 -16.213 3.715 0 0 255
2.890 -16.293 4.205 0 127 255
1.870 -16.071 3.319 0 255 63
2.477 -16.264 3.709 0 0 255
2.684 -16.255 0.263 0 255 153
2.721 -16.248 1.878 0 0 255
2.669 -16.355 3.884 0 0 255
2.505 -16.328 3.691 0 0 255
2.879 -16.191 1.003 0 0 255
2.853 -16.165 2.891 0 0 255
1.885 -16.189 3.368 0 0 255
2.704 -16.331 4.013 0 0 255
3.047 -16.153 3.187 0 0 255
2.871 -16.148 2.983 0 0 255
1.729 -16.062 3.482 0 255 85
2.123 -16.144 3.745 0 0 255
2.899 -16.328 4.812 0 0 255
2.735 -16.177 0.569 0 0 255
3.013 -16.087 3.089 0 0 255
1.769 -16.105 3.379 0 255 102
2.643 -16.215 0.323 0 255 114
2.708 -16.231 3.464 0 0 255
2.815 -16.191 1.977 0 0 255
2.535 -16.224 3.695 0 0 255
2.719 -16.292 3.863 0 0 255
3.066 -16.132 2.783 0 0 255
2.714 -16.290 3.043 0 0 255
2.839 -16.226 1.350 0 0 255
2.870 -16.159 2.720 0 0 255
2.816 -16.175 0.275 0 0 255
2.799 -16.251 2.915 0 0 255
1.898 -16.029 3.343 0 0 255
2.691 -16.296 0.838 0 0 255
2.989 -16.111 3.205 0 0 255
1.714 -16.100 3.367 0 238 255
2.868 -16.323 4.502 0 0 255
2.847 -16.195 1.273 0 0 255
2.788 -16.131 0.619 0 0 255
2.874 -16.173 2.870 0 0 255
2.804 -16.416 3.041 0 0 255
2.791 -16.234 3.565 0 0 255
2.964 -16.051 2.797 0 0 255
1.820 -16.158 3.375 0 255 89
2.762 -16.198 2.414 0 0 255
2.878 -16.121 0.915 0 0 255
1.964 -16.084 3.857 0 229 255
2.869 -16.314 3.787 0 68 255
2.870 -16.189 0.318 0 0 255
2.737 -16.225 0.904 0 102 255
2.014 -16.120 3.738 0 0 255
2.754 -16.149 0.967 0 0 255
2.792 -16.220 1.674 0 0 255
2.819 -16.214 2.405 0 0 255
1.852 -16.121 3.772 0 0 255
2.933 -16.276 4.284 0 187 255
2.931 -16.282 4.414 0 0 255
2.761 -16.179 2.813 0 0 255
2.766 -16.171 1.272 0 34 255
3.102 -16.223 0.225 0 255 140
2.845 -16.239 1.213 0 0 255
2.721 -16.328 3.826 0 0 255
1.951 -16.268 3.926 0 8 255
2.711 -16.282 2.031 0 0 255
2.815 -16.126 0.555 0 0 255
2.874 -16.096 2.977 0 0 255
2.746 -16.259 2.277 0 0 255
3.074 -16.132 2.850 0 0 255
2.907 -16.286 3.934 0 0 255
2.749 -16.290 1.321 0 0 255
2.820 -16.211 3.475 0 0 255
1.985 -16.200 3.771 0 170 255
2.843 -16.308 0.443 0 255 255
2.708 -16.223 1.363 0 0 255
2.336 -16.191 3.669 0 0 255
2.757 -16.191 2.324 0 0 255
2.822 -16.186 0.886 0 0 255
2.780 -16.190 2.110 0 0 255
2.772 -16.194 2.239 0 0 255
2.728 -16.170 0.379 0 0 255
2.806 -16.415 2.638 0 0 255
2.738 -16.183 0.837 0 0 255
1.993 -16.330 3.875 0 0 255
3.049 -16.113 2.676 0 0 255
2.721 -16.293 0.322 0 255 136
2.803 -16.160 1.481 0 0 255
2.808 -16.250 3.255 0 178 255
2.746 -16.172 0.809 0 0 255
2.779 -16.183 1.418 0 0 255
3.029 -16.101 2.813 0 0 255
2.860 -16.195 1.016 0 0 255
2.752 -16.269 1.721 0 0 255
2.720 -16.244 2.155 0 0 255
2.756 -16.202 1.555 0 0 255
1.904 -16.045 3.628 0 0 255
2.736 -16.327 3.792 0 0 255
2.851 -16.164 0.765 0 0 255
2.914 -16.058 3.134 0 0 255
3.063 -16.297 2.666 0 0 255
1.771 -16.153 3.687 0 0 255
1.834 -16.154 3.317 0 255 161
