-22.328 -32.495 0.265 0 8 255
-21.944 -32.568 3.002 0 0 255
-22.238 -32.619 0.418 0 0 255
-22.594 -32.737 3.304 0 0 255
-22.341 -32.641 2.109 0 0 255
-22.313 -32.613 1.596 0 0 255
-22.330 -32.531 1.292 0 0 255
-21.682 -32.541 2.923 0 255 199
-22.818 -32.770 2.874 0 212 255
-22.321 -32.644 2.369 0 0 255
-22.327 -32.603 2.844 0 0 255
-22.343 -32.571 3.002 0 0 255
-22.363 -32.565 2.758 0 0 255
-22.340 -32.615 1.173 0 0 255
-22.372 -32.571 1.316 0 0 255
-22.379 -32.629 0.516 0 0 255
-22.957 -32.611 2.913 0 255 221
-23.100 -32.880 2.936 0 0 255
-22.390 -32.552 0.958 0 0 255
-22.393 -32.592 3.011 0 0 255
-23.039 -32.759 2.925 0 255 204
-22.317 -32.577 1.420 0 0 255
-22.346 -32.581 1.567 0 0 255
-22.356 -32.606 0.440 0 0 255
-21.868 -32.526 3.082 0 0 255
-22.381 -32.670 3.002 0 0 255
-22.204 -33.066 0.356 0 8 255
-22.363 -32.567 3.189 0 0 255
-22.983 -32.691 2.894 0 255 187
-22.303 -32.626 3.231 0 8 255
-22.385 -32.601 0.426 0 0 255
-22.392 -32.683 3.004 0 0 255
-21.718 -32.510 2.916 0 212 255
-21.753 -32.481 3.046 0 0 255
-22.214 -33.044 0.408 0 8 255
-22.373 -32.571 2.335 0 0 255
-21.716 -32.411 3.098 0 8 255
-22.262 -32.634 0.659 0 8 255
-21.802 -32.233 2.902 0 8 255
-21.868 -32.415 3.191 0 0 255
-22.384 -32.655 1.477 0 0 255
-22.301 -32.795 2.531 0 255 246
-22.368 -32.682 2.772 0 42 255
-22.292 -32.673 2.602 0 255 165
-22.335 -32.649 1.321 0 0 255
-22.335 -32.482 0.717 0 0 255
-22.948 -32.862 2.865 0 0 255
-22.381 -32.557 2.137 0 0 255
-22.318 -32.800 2.924 0 102 255
-22.249 -32.613 0.527 0 0 255
-22.809 -32.865 3.000 0 0 255
-22.370 -32.623 2.221 0 0 255
-22.433 -32.623 3.197 0 0 255
-22.838 -32.896 2.990 0 0 255
-22.862 -32.902 3.039 0 0 255
-22.969 -32.875 3.049 0 0 255
-23.154 -32.790 2.920 0 0 255
-22.173 -33.010 0.189 0 25 255
-22.284 -32.583 2.293 0 0 255
-21.973 -32.385 2.912 0 93 255
-22.338 -32.521 0.825 0 0 255
-22.919 -32.651 2.894 0 255 187
-21.934 -32.254 2.906 0 17 255
-22.909 -32.794 3.307 0 0 255
-22.376 -32.651 2.228 0 25 255
-22.373 -32.665 2.816 0 0 255
-22.931 -32.630 2.904 0 34 255
-22.537 -32.685 3.295 0 17 255
-22.404 -32.602 1.544 0 0 255
-22.383 -32.537 0.742 0 0 255
-22.733 -32.622 2.908 0 246 255
-22.264 -32.783 2.702 0 255 131
-22.252 -32.577 3.287 0 8 255
-22.352 -32.648 1.255 0 0 255
-22.235 -32.763 2.552 0 255 153
-22.396 -32.674 2.763 0 0 255
-22.342 -32.717 2.686 0 255 208
-22.373 -32.612 3.002 0 0 255
-22.338 -32.848 2.606 0 255 136
-22.426 -32.634 3.170 0 0 255
-22.865 -32.750 3.117 0 0 255
-22.280 -32.518 0.384 0 0 255
-22.331 -32.624 0.481 0 0 255
-22.366 -32.494 1.019 0 0 255
-22.321 -32.790 2.776 0 255 229
-22.168 -33.000 0.256 0 51 255
-22.418 -32.574 0.590 0 0 255
-22.163 -33.050 0.390 0 0 255
-22.966 -32.689 3.024 0 0 255
-22.306 -32.610 3.290 0 34 255
-22.781 -32.822 2.818 0 0 255
-22.361 -32.733 2.687 0 255 114
-23.022 -32.795 2.865 0 255 208
-22.327 -32.596 2.674 0 0 255
-22.379 -32.671 2.625 0 17 255
-22.380 -32.534 1.439 0 8 255
-22.388 -32.631 0.691 0 0 255
-22.344 -32.656 1.370 0 0 255
-22.408 -32.660 2.221 0 0 255
-22.013 -32.539 3.298 0 0 255
-22.371 -32.616 1.180 0 0 255
-22.369 -32.729 2.529 0 255 119
-21.994 -32.532 3.317 0 0 255
-22.352 -32.543 1.522 0 0 255
-22.376 -32.712 2.587 0 255 102
-22.830 -32.939 2.931 0 25 255
-21.646 -32.343 2.926 0 255 195
-22.270 -32.546 1.961 0 0 255
-22.958 -32.825 3.180 0 0 255
-22.876 -32.870 3.153 0 0 255
-23.017 -32.627 2.917 0 119 255
-21.829 -32.478 3.347 0 0 255
-22.975 -32.816 3.082 0 0 255
-22.366 -32.748 2.522 0 255 127
-22.360 -32.780 2.912 0 204 255
-22.307 -32.790 2.874 0 255 246
-22.301 -32.626 2.111 0 17 255
-22.255 -32.789 2.926 0 0 255
-22.386 -32.779 2.836 0 255 153
-22.317 -32.628 1.959 0 25 255
-21.886 -32.551 3.103 0 0 255
-22.410 -32.562 1.737 0 0 255
-22.066 -32.422 2.952 0 0 255
-22.403 -32.584 1.666 0 0 255
-22.272 -32.616 1.546 0 0 255
-22.034 -32.392 2.927 0 0 255
-22.335 -32.627 1.552 0 102 255
-22.258 -32.810 2.604 0 255 157
-21.961 -32.529 2.876 0 204 255
-22.338 -32.560 1.957 0 0 255
-22.898 -32.757 2.786 0 25 255
-21.652 -32.323 2.911 0 255 216
-19.870 -37.514 0.402 0 255 29
-22.394 -32.618 1.623 0 0 255
-22.300 -32.629 0.760 0 34 255
-21.872 -32.415 2.825 0 229 255
-22.394 -32.678 2.660 0 0 255
-22.368 -32.504 1.302 0 0 255
-22.885 -32.650 2.872 0 255 221
-22.040 -32.354 2.921 0 119 255
-22.868 -32.925 3.033 0 0 255
-22.200 -33.056 0.403 0 0 255
-22.366 -32.586 0.836 0 0 255
-22.174 -33.079 0.320 0 25 255
-22.842 -32.842 3.172 0 0 255
-22.332 -32.659 0.437 0 25 255
-22.341 -32.633 2.964 0 0 255
-22.373 -32.715 2.874 0 255 123
-22.269 -32.790 2.873 0 255 119
-22.270 -32.639 0.432 0 0 255
-22.370 -32.664 2.732 0 0 255
-22.102 -32.387 2.923 0 17 255
-22.417 -32.716 2.626 0 0 255
-22.173 -32.973 0.278 0 0 255
-22.881 -32.938 2.954 0 0 255
-21.935 -32.366 2.854 0 255 216
-22.343 -32.548 1.881 0 0 255
-21.955 -32.449 3.076 0 0 255
-22.277 -32.739 2.790 0 255 157
-22.384 -32.582 2.713 0 0 255
-22.303 -32.486 0.791 0 0 255
-21.834 -32.693 2.909 0 0 255
-22.889 -32.805 3.259 0 0 255
-22.382 -32.703 2.846 0 85 255
-21.838 -32.389 3.124 0 0 255
-22.210 -32.791 2.601 0 0 255
-22.372 -32.607 1.011 0 0 255
-22.948 -32.672 3.024 0 0 255
-22.356 -32.696 2.683 0 51 255
-22.369 -32.506 0.385 0 0 255
-22.387 -32.604 0.668 0 0 255
-22.304 -32.650 3.326 0 0 255
-21.917 -32.556 3.035 0 8 255
-22.274 -32.642 1.008 0 0 255
-22.877 -32.772 3.326 0 0 255
-22.376 -32.635 3.112 0 0 255
-22.380 -32.634 2.271 0 0 255
-22.378 -32.632 2.547 0 8 255
-22.284 -32.760 2.585 0 255 178
-21.852 -32.463 3.130 0 0 255
-22.331 -32.557 3.062 0 0 255
-22.401 -32.759 2.550 0 255 191
-22.378 -32.632 2.000 0 0 255
-22.376 -32.565 2.869 0 0 255
-22.781 -32.940 2.938 0 8 255
-21.716 -32.487 2.978 0 0 255
-22.284 -32.567 3.291 0 0 255
-22.886 -32.877 3.130 0 17 255
-22.379 -32.587 0.775 0 0 255
-21.984 -32.533 2.982 0 0 255
-23.030 -32.880 2.969 0 0 255
-22.252 -32.626 0.867 0 0 255
-22.837 -32.785 3.107 0 0 255
-21.826 -32.313 2.829 0 255 242
-22.284 -32.771 2.497 0 0 255
-22.383 -32.636 2.026 0 0 255
-23.033 -32.824 2.917 0 255 157
-22.404 -32.658 2.461 0 0 255
-22.294 -32.531 0.322 0 0 255
-22.315 -32.614 1.445 0 161 255
-22.374 -32.549 2.070 0 0 255
-22.945 -32.698 2.832 0 255 191
-21.799 -32.453 3.316 0 0 255
-22.392 -32.691 3.120 0 0 255
-22.403 -32.524 3.116 0 0 255
-21.781 -32.408 2.855 0 110 255
-22.294 -32.628 0.760 0 42 255
-22.344 -32.476 0.376 0 0 255
-21.881 -32.312 2.951 0 0 255
-21.773 -32.559 3.003 0 0 255
-22.345 -32.684 2.509 0 17 255
-22.347 -32.643 3.179 0 0 255
-22.319 -32.791 2.771 0 255 195
-22.864 -32.814 3.330 0 0 255
-22.327 -32.492 0.632 0 0 255
-22.300 -32.523 2.239 0 0 255
-21.684 -32.481 2.902 0 59 255
-22.391 -32.784 2.931 0 8 255
-22.804 -32.840 2.852 0 76 255
-21.905 -32.482 3.351 0 0 255
-21.872 -32.214 2.946 0 0 255
-22.252 -32.626 3.345 0 0 255
-22.283 -32.489 0.762 0 0 255
-22.878 -32.749 2.817 0 8 255
-21.734 -32.554 3.011 0 8 255
-22.309 -32.472 0.484 0 0 255
-22.285 -32.628 1.914 0 34 255
-21.871 -32.521 3.111 0 17 255
-22.406 -32.686 2.926 0 0 255
-22.940 -32.845 3.088 0 0 255
-22.256 -32.533 1.020 0 0 255
-21.800 -32.324 2.898 0 178 255
-22.375 -32.642 1.642 0 0 255
-22.368 -32.516 1.231 0 0 255
-21.960 -32.532 3.314 0 0 255
-22.262 -32.545 0.325 0 0 255
-22.929 -32.631 2.961 0 8 255
-21.879 -32.494 3.215 0 0 255
-22.705 -32.648 2.915 0 0 255
-22.907 -32.798 3.217 0 0 255
-21.755 -32.325 2.906 0 17 255
-22.889 -32.993 2.897 0 255 119
-22.319 -32.561 2.434 0 0 255
-21.842 -32.515 3.101 0 8 255
-22.367 -32.541 1.126 0 0 255
-22.336 -32.631 1.146 0 0 255
-22.328 -32.573 1.394 0 0 255
-22.376 -32.512 0.276 0 34 255
-22.333 -32.547 1.257 0 0 255
-22.365 -32.685 0.450 0 0 255
-21.992 -32.432 2.942 0 221 255
-22.060 -32.452 2.942 0 255 204
-22.358 -32.551 3.190 0 0 255
-22.501 -32.667 3.323 0 0 255
-21.972 -32.551 2.995 0 0 255
-22.390 -32.644 1.807 0 0 255
-22.338 -32.642 2.066 0 42 255
-21.803 -32.360 2.843 0 119 255
-21.749 -32.372 2.997 0 0 255
-21.676 -32.456 2.903 0 136 255
-22.394 -32.558 2.843 0 0 255
-22.244 -32.615 0.935 0 0 255
-22.803 -32.827 2.895 0 102 255
-22.343 -32.530 0.998 0 0 255
-22.340 -32.542 0.777 0 0 255
-21.855 -32.321 2.869 0 170 255
-21.736 -32.527 3.026 0 8 255
-22.211 -32.760 2.689 0 0 255
-22.334 -32.799 2.686 0 255 246
-22.298 -32.540 0.509 0 0 255
-21.951 -32.511 3.294 0 17 255
-21.906 -32.486 3.164 0 8 255
-22.303 -32.666 0.712 0 0 255
-21.822 -32.537 3.103 0 0 255
-21.877 -32.338 3.118 0 0 255
-22.409 -32.603 2.686 0 0 255
-22.445 -32.629 3.304 0 0 255
-22.379 -32.532 0.446 0 0 255
-22.300 -32.511 0.612 0 0 255
-22.299 -32.526 0.944 0 0 255
-21.882 -32.495 2.829 0 0 255
-22.273 -32.486 0.302 0 0 255
-21.812 -32.411 3.061 0 0 255
-22.556 -32.666 3.338 0 0 255
-22.321 -32.664 3.222 0 0 255
-22.412 -32.621 1.846 0 0 255
-21.983 -32.506 2.973 0 0 255
-21.803 -32.482 3.112 0 17 255
-22.295 -32.682 2.871 0 85 255
-22.390 -32.642 2.487 0 0 255
-22.291 -32.629 1.325 0 0 255
-22.389 -32.598 2.734 0 0 255
-22.828 -32.790 2.871 0 76 255
-22.775 -32.858 2.973 0 8 255
-21.877 -32.400 3.141 0 8 255
-21.870 -32.513 2.854 0 255 174
-21.745 -32.431 2.988 0 0 255
-21.898 -32.573 2.897 0 255 238
-22.327 -32.643 0.174 0 0 255
-23.001 -32.771 3.140 0 0 255
-22.957 -32.707 3.126 0 0 255
-22.407 -32.618 1.973 0 0 255
-22.263 -32.636 1.315 0 0 255
-22.391 -32.839 2.576 0 0 255
-22.285 -32.539 0.705 0 0 255
-22.256 -32.574 3.322 0 0 255
-23.005 -32.807 2.872 0 255 187
-22.317 -32.614 2.306 0 0 255
-22.383 -32.633 1.457 0 0 255
-22.391 -32.805 2.899 0 255 204
-22.334 -32.645 1.614 0 85 255
-22.288 -32.651 2.641 0 255 140
-22.312 -32.553 2.089 0 0 255
-22.403 -32.667 3.039 0 0 255
-22.373 -32.514 0.266 0 0 255
-21.805 -32.461 2.821 0 144 255
-22.372 -32.574 1.888 0 0 255
-22.282 -32.651 0.836 0 0 255
-22.343 -32.706 2.810 0 161 255
-22.336 -32.654 2.607 0 0 255
-22.351 -32.520 0.273 0 0 255
-21.875 -32.487 3.276 0 8 255
-22.365 -32.784 2.504 0 42 255
-23.060 -32.921 2.935 0 195 255
-22.318 -32.799 2.528 0 255 204
-21.775 -32.558 2.987 0 0 255
-22.915 -32.971 2.929 0 42 255
-23.015 -32.996 2.900 0 0 255
-22.373 -32.590 1.761 0 0 255
-22.861 -32.807 3.095 0 0 255
-22.365 -32.620 0.398 0 0 255
-22.239 -32.657 0.625 0 0 255
-21.897 -32.464 3.075 0 0 255
-22.399 -32.595 2.356 0 0 255
-22.309 -32.553 1.990 0 8 255
-22.355 -32.500 0.931 0 0 255
-21.913 -32.469 3.100 0 0 255
-22.830 -32.567 2.918 0 85 255
-22.958 -32.693 3.061 0 8 255
-22.343 -32.674 2.859 0 136 255
-22.334 -32.618 3.300 0 59 255
-22.396 -32.532 0.613 0 0 255
-22.277 -32.509 1.005 0 0 255
-22.243 -33.031 0.206 0 0 255
-22.151 -32.990 0.419 0 0 255
-22.707 -32.786 2.957 0 8 255
-21.901 -32.450 3.169 0 0 255
-21.861 -32.420 3.292 0 0 255
-21.729 -32.534 3.025 0 0 255
-22.401 -32.660 2.962 0 0 255
-22.200 -32.549 3.271 0 0 255
-21.726 -32.448 2.874 0 255 246
-22.364 -32.539 0.326 0 0 255
-22.246 -32.616 0.972 0 0 255
-22.211 -32.793 2.677 0 0 255
-22.367 -32.834 2.693 0 255 131
-22.943 -32.889 3.048 0 0 255
-22.960 -32.823 3.273 0 8 255
-22.414 -32.596 0.691 0 0 255
-22.388 -32.598 3.200 0 0 255
-22.325 -32.640 1.042 0 0 255
-22.975 -32.921 2.925 0 0 255
-22.228 -32.807 2.852 0 0 255
-21.845 -32.354 2.831 0 255 250
-22.275 -32.728 2.711 0 255 144
-22.423 -32.559 1.009 0 0 255
-22.371 -32.540 0.721 0 0 255
-22.400 -32.756 2.639 0 255 161
-22.332 -32.641 0.999 0 0 255
-22.285 -32.613 0.438 0 42 255
-22.800 -32.789 2.872 0 255 199
-22.362 -32.573 1.941 0 0 255
-21.794 -32.387 3.081 0 8 255
-22.321 -32.629 1.188 0 42 255
-21.686 -32.232 2.904 0 0 255
-21.944 -32.469 2.852 0 0 255
-21.774 -32.427 3.064 0 8 255
-22.358 -32.579 2.831 0 0 255
-22.342 -32.648 1.159 0 0 255
-22.356 -32.643 0.194 0 17 255
-21.891 -32.494 3.325 0 0 255
-22.839 -32.853 3.023 0 0 255
-22.407 -32.627 2.133 0 0 255
-22.308 -32.660 2.553 0 0 255
-22.304 -32.616 0.930 0 0 255
-22.354 -32.583 1.631 0 0 255
