-30.010 2.010 0.238 0 0 255
-30.009 2.056 0.346 0 0 255
-30.043 2.114 0.388 0 8 255
-29.649 2.081 0.394 0 0 255
-30.768 3.301 0.226 0 93 255
-30.755 3.292 0.281 0 255 170
-30.714 3.101 0.263 0 255 191
-30.657 3.128 0.300 0 255 233
-30.601 3.195 0.285 0 153 255
-30.668 3.112 0.368 0 0 255
-30.640 3.061 0.439 0 0 255
-30.574 3.127 0.325 0 8 255
-30.708 3.284 0.329 0 0 255
-30.680 3.160 0.386 0 17 255
-30.668 3.340 0.236 0 0 255
-30.699 3.314 0.243 0 17 255
-30.680 3.296 0.284 0 8 255
-30.732 3.370 0.264 0 255 182
-30.704 3.288 0.365 0 255 161
-30.677 3.317 0.320 0 255 233
-30.724 3.359 0.330 0 229 255
-30.730 3.347 0.404 0 255 170
-30.647 3.311 0.383 0 255 161
-30.652 3.386 0.378 0 68 255
-30.672 3.388 0.422 0 178 255
-29.458 3.142 0.320 0 0 255
-29.443 3.116 0.323 0 17 255
-29.505 3.016 0.382 0 0 255
-31.981 2.174 0.932 0 0 255
-31.971 2.161 0.967 0 8 255
-32.024 2.162 1.183 0 8 255
-32.016 2.166 1.282 0 8 255
-32.002 2.197 1.044 0 0 255
-32.005 2.182 1.245 0 17 255
-32.039 2.240 1.325 0 8 255
-32.001 2.168 1.074 0 0 255
-32.116 2.261 1.226 0 8 255
-32.084 2.264 1.201 0 0 255
-31.983 2.202 1.188 0 0 255
-32.034 2.244 1.084 0 17 255
-32.101 2.270 1.327 0 25 255
-32.082 2.184 1.169 0 0 255
-32.026 2.270 1.272 0 0 255
-32.097 2.233 1.326 0 8 255
-32.098 2.315 1.409 0 0 255
-32.021 2.303 1.571 0 0 255
-32.035 2.274 1.350 0 8 255
-31.994 2.292 1.507 0 17 255
-32.071 2.305 1.480 0 0 255
-31.859 2.470 2.316 0 0 255
-31.965 2.344 1.610 0 25 255
-31.932 2.692 1.685 0 0 255
-31.990 2.328 2.555 0 0 255
-31.947 2.328 2.529 0 59 255
-31.953 2.331 2.540 0 8 255
-31.933 2.708 1.692 0 0 255
-31.961 2.378 1.672 0 25 255
-31.950 2.256 2.561 0 0 255
-31.866 2.701 1.700 0 0 255
-31.936 2.513 1.762 0 0 255
-31.931 2.428 1.716 0 0 255
-31.873 2.416 2.461 0 0 255
-31.881 2.427 2.473 0 8 255
-32.008 2.255 2.628 0 17 255
-32.020 2.238 2.657 0 0 255
-31.978 2.253 2.600 0 17 255
-31.966 2.299 2.601 0 8 255
-31.891 2.274 2.629 0 0 255
-31.895 2.348 2.584 0 0 255
-31.880 2.344 2.586 0 59 255
-31.881 2.469 2.420 0 0 255
-31.888 2.492 2.426 0 0 255
-32.001 2.707 3.196 0 8 255
-31.226 2.251 1.217 0 0 255
-31.165 2.291 1.292 0 0 255
-30.912 2.409 1.223 0 68 255
-30.931 2.458 1.218 0 76 255
-30.947 2.425 1.271 0 17 255
-30.796 2.359 1.243 0 8 255
-31.105 2.255 1.297 0 0 255
-30.790 2.554 1.218 0 25 255
-30.764 2.573 1.219 0 93 255
-31.155 2.324 1.396 0 0 255
-31.136 2.345 1.400 0 17 255
-30.404 2.247 0.980 0 51 255
-30.367 2.227 0.990 0 0 255
-30.761 2.578 1.197 0 25 255
-30.487 2.574 0.921 0 0 255
-30.352 2.251 0.975 0 0 255
-30.277 2.333 0.987 0 8 255
-30.515 2.584 0.970 0 195 255
-30.817 2.459 1.217 0 119 255
-31.140 2.407 1.486 0 0 255
-30.751 2.510 1.214 0 0 255
-30.767 2.459 1.262 0 0 255
-30.465 2.674 0.962 0 0 255
-30.507 2.603 0.968 0 0 255
-30.399 2.581 0.971 0 0 255
-30.520 2.629 0.985 0 0 255
-29.922 2.219 0.450 0 0 255
-30.909 2.245 1.357 0 0 255
-30.901 2.273 1.363 0 0 255
-29.760 2.213 0.889 0 0 255
-30.037 2.618 0.979 0 0 255
-30.593 2.087 1.195 0 8 255
-30.580 2.030 1.232 0 0 255
-30.897 2.321 1.321 0 0 255
-30.530 2.164 1.117 0 8 255
-30.572 2.123 1.160 0 0 255
-30.361 2.300 1.044 0 0 255
-30.271 2.184 1.012 0 8 255
-30.327 2.180 1.068 0 59 255
-30.485 2.330 1.229 0 0 255
-30.519 2.354 1.212 0 0 255
-30.431 2.419 1.122 0 51 255
-30.621 2.009 1.291 0 25 255
-30.446 2.288 1.083 0 255 165
-30.410 2.348 1.043 0 0 255
-30.242 2.103 1.343 0 68 255
-30.464 2.292 1.161 0 255 255
-30.452 2.288 1.199 0 25 255
-30.301 2.144 1.295 0 17 255
-30.293 2.133 1.319 0 0 255
-30.433 2.442 1.142 0 8 255
-31.184 2.183 1.085 0 0 255
-30.504 2.465 1.028 0 34 255
-30.506 2.498 1.013 0 76 255
-30.398 2.194 1.215 0 25 255
-31.265 2.230 1.126 0 0 255
-30.502 2.526 1.000 0 229 255
-31.224 2.183 1.114 0 0 255
-31.197 2.191 1.140 0 8 255
-30.474 2.633 0.990 0 8 255
-30.512 2.687 1.078 0 255 250
-30.607 2.635 1.128 0 51 255
-30.421 2.460 1.137 0 25 255
-30.419 2.501 1.140 0 8 255
-30.631 2.425 1.430 0 0 255
-30.368 2.480 1.143 0 42 255
-30.430 2.562 1.162 0 17 255
-30.683 2.318 1.499 0 0 255
-30.659 2.327 1.537 0 8 255
-30.519 2.211 1.438 0 0 255
-30.405 2.292 1.387 0 8 255
-30.419 2.310 1.395 0 255 225
-30.427 2.261 1.520 0 0 255
-30.288 2.592 1.256 0 0 255
-30.072 1.979 1.479 0 0 255
-30.430 2.281 1.321 0 34 255
-30.450 2.645 1.176 0 25 255
-30.066 1.998 1.464 0 8 255
-30.683 2.443 1.423 0 8 255
-30.428 2.308 1.463 0 85 255
-30.711 2.598 1.184 0 59 255
-30.449 2.319 1.461 0 136 255
-30.700 2.638 1.273 0 68 255
-30.632 2.488 1.485 0 17 255
-30.639 2.639 1.273 0 0 255
-31.052 2.467 1.349 0 25 255
-30.642 2.551 1.532 0 0 255
-30.612 2.709 1.367 0 42 255
-30.707 2.631 1.225 0 238 255
-30.479 2.291 1.067 0 25 255
-30.710 2.622 1.240 0 0 255
-30.602 2.720 1.405 0 8 255
-31.070 2.480 1.362 0 17 255
-31.085 2.508 1.400 0 0 255
-30.682 2.716 1.446 0 17 255
-30.511 2.189 1.103 0 17 255
-29.956 2.196 1.122 0 0 255
-29.783 2.212 1.051 0 0 255
-30.491 2.219 1.128 0 8 255
-30.261 2.650 1.321 0 0 255
-29.985 2.224 1.158 0 0 255
-29.812 2.190 1.062 0 0 255
-29.959 2.207 1.244 0 0 255
-31.165 2.476 1.486 0 0 255
-30.283 2.656 1.332 0 8 255
-30.331 2.611 1.204 0 0 255
-30.316 2.612 1.227 0 0 255
-30.474 2.260 1.093 0 8 255
-30.008 2.292 1.449 0 0 255
-31.794 2.687 1.712 0 8 255
-31.126 2.518 1.450 0 0 255
-30.558 2.651 1.168 0 255 208
-31.582 2.731 1.689 0 0 255
-30.697 2.281 1.300 0 0 255
-31.621 2.692 1.789 0 0 255
-31.679 2.686 1.740 0 76 255
-31.695 2.676 1.757 0 76 255
-30.574 2.700 1.159 0 161 255
-30.543 2.730 1.159 0 221 255
-31.733 2.731 1.818 0 0 255
-31.732 2.590 1.837 0 17 255
-31.115 2.548 1.511 0 0 255
-31.655 2.695 2.041 0 68 255
-31.704 2.582 1.795 0 0 255
-31.713 2.643 1.760 0 0 255
-31.684 2.615 1.807 0 0 255
-31.706 2.639 1.791 0 0 255
-31.665 2.651 1.796 0 8 255
-30.492 2.200 1.142 0 0 255
-30.482 2.213 1.178 0 51 255
-31.516 2.725 1.868 0 8 255
-31.549 2.706 1.946 0 0 255
-31.004 2.682 1.645 0 34 255
-31.017 2.600 1.575 0 0 255
-30.500 2.212 1.361 0 0 255
-30.950 2.576 1.333 0 68 255
-30.925 2.565 1.345 0 0 255
-30.979 2.492 1.561 0 0 255
-30.997 2.710 1.594 0 8 255
-30.847 2.475 1.301 0 42 255
-30.833 2.504 1.346 0 0 255
-31.701 2.669 2.213 0 0 255
-31.668 2.680 2.162 0 51 255
-31.685 2.730 2.181 0 8 255
-31.832 2.450 2.413 0 0 255
-30.679 2.421 1.329 0 25 255
-31.716 2.628 2.230 0 85 255
-31.671 2.652 2.214 0 25 255
-31.755 2.583 2.280 0 8 255
-31.730 2.623 2.271 0 8 255
-31.771 2.566 2.312 0 25 255
-31.783 2.603 2.324 0 51 255
-31.761 2.619 2.233 0 0 255
-30.395 2.457 1.076 0 25 255
-30.380 2.474 1.127 0 0 255
-31.735 2.640 2.265 0 0 255
-31.109 2.574 2.328 0 0 255
-31.796 2.503 2.351 0 0 255
-31.799 2.507 2.377 0 34 255
-30.874 2.525 1.361 0 51 255
-31.022 2.530 2.406 0 8 255
-31.009 2.574 2.390 0 0 255
-31.848 2.397 2.546 0 85 255
-31.010 2.611 2.344 0 0 255
-31.829 2.525 2.358 0 0 255
-31.796 2.534 2.368 0 68 255
-31.063 2.606 2.325 0 0 255
-30.687 2.022 1.698 0 0 255
-30.615 1.880 1.757 0 0 255
-31.103 2.491 2.395 0 0 255
-31.099 2.522 2.397 0 0 255
-30.653 2.393 1.365 0 0 255
-31.841 2.495 2.421 0 8 255
-31.842 2.497 2.426 0 0 255
-31.088 2.523 2.397 0 8 255
-30.598 1.878 1.769 0 0 255
-30.584 1.882 1.810 0 0 255
-30.640 2.139 1.628 0 0 255
-29.989 2.627 1.836 0 17 255
-30.658 2.071 1.641 0 0 255
-30.613 2.057 1.692 0 25 255
-30.649 2.089 1.681 0 0 255
-29.841 2.689 1.772 0 204 255
-30.615 2.132 1.645 0 0 255
-30.653 1.926 1.750 0 0 255
-29.902 2.697 1.969 0 8 255
-30.532 2.437 1.185 0 0 255
-29.694 2.661 1.855 0 34 255
-29.676 2.643 1.856 0 34 255
-30.560 2.331 1.223 0 0 255
-29.838 2.692 2.053 0 25 255
-29.801 2.679 2.058 0 255 174
-30.591 1.981 1.698 0 8 255
-29.762 2.616 1.994 0 34 255
-29.682 2.723 1.845 0 42 255
-29.675 2.695 2.081 0 204 255
-30.606 2.063 1.723 0 34 255
-29.826 2.384 1.737 0 8 255
-30.185 2.162 2.201 0 42 255
-30.478 2.720 2.103 0 0 255
-29.784 2.423 1.740 0 0 255
-30.948 2.719 1.520 0 68 255
-30.908 2.699 1.523 0 0 255
-29.661 2.221 1.943 0 255 178
-28.948 2.517 2.050 0 0 255
-30.886 2.632 1.425 0 127 255
-29.657 2.596 1.904 0 17 255
-29.787 2.446 1.780 0 68 255
-29.953 1.842 1.563 0 0 255
-29.909 1.796 1.591 0 0 255
-29.915 2.549 2.604 0 8 255
-29.675 2.395 2.288 0 17 255
-29.519 2.588 2.293 0 42 255
-29.639 2.485 2.204 0 8 255
-29.461 2.507 2.224 0 0 255
-29.771 2.348 1.910 0 0 255
-29.734 2.507 1.640 0 0 255
-29.371 2.697 2.262 0 0 255
-29.732 2.452 1.887 0 0 255
-29.352 2.671 2.225 0 0 255
-29.490 2.380 1.781 0 0 255
-30.605 2.237 1.662 0 0 255
-29.345 2.717 2.271 0 102 255
-29.427 2.340 1.810 0 93 255
-30.675 2.326 1.560 0 0 255
-29.458 2.599 2.420 0 25 255
-29.481 2.607 2.465 0 0 255
-30.390 2.285 1.594 0 0 255
-30.104 2.480 1.814 0 42 255
-29.705 2.481 2.210 0 0 255
-30.355 2.365 1.567 0 0 255
-29.303 2.390 1.761 0 59 255
-30.386 2.331 1.683 0 76 255
-30.365 2.335 1.667 0 17 255
-29.675 2.622 2.096 0 51 255
-29.681 2.648 2.127 0 246 255
-30.107 2.074 0.628 0 0 255
-30.181 2.110 0.604 0 0 255
-29.404 2.640 1.652 0 0 255
-29.422 2.655 1.655 0 0 255
-29.410 2.704 1.641 0 221 255
-29.601 2.554 1.704 0 0 255
-30.621 2.658 1.752 0 0 255
-30.658 2.648 1.797 0 34 255
-29.752 2.272 2.424 0 8 255
-30.174 2.106 0.777 0 0 255
-30.138 2.109 0.793 0 0 255
-30.559 2.448 2.071 0 0 255
-30.126 2.075 0.804 0 8 255
-30.124 2.090 0.838 0 8 255
-29.380 2.589 1.715 0 25 255
-30.125 2.117 0.833 0 8 255
-30.135 2.090 0.864 0 8 255
-30.375 2.339 1.913 0 0 255
-29.608 2.604 1.731 0 0 255
-30.137 2.135 0.875 0 0 255
-30.149 2.139 0.917 0 0 255
-29.527 2.700 1.680 0 144 255
-29.304 2.693 1.641 0 0 255
-29.962 2.723 2.515 0 34 255
-30.576 2.650 1.910 0 0 255
-30.010 2.725 2.598 0 34 255
-30.520 2.665 1.929 0 0 255
-30.526 2.535 1.996 0 17 255
-29.366 2.602 1.685 0 25 255
-30.532 2.578 2.019 0 0 255
-29.340 2.711 1.665 0 8 255
-30.562 2.596 1.991 0 25 255
-29.159 2.696 1.766 0 255 165
-29.158 2.706 1.785 0 51 255
-30.346 2.488 1.950 0 255 178
-30.344 2.496 1.955 0 8 255
-29.442 2.289 1.847 0 59 255
-29.449 2.346 1.827 0 25 255
-29.392 2.382 1.809 0 255 250
-29.273 2.256 1.852 0 187 255
-29.325 2.347 1.849 0 255 157
-29.362 2.440 1.838 0 0 255
-29.344 2.334 1.882 0 34 255
-30.459 2.723 1.978 0 85 255
-30.406 2.703 1.971 0 119 255
-30.431 2.638 2.086 0 0 255
-30.286 2.731 2.016 0 0 255
-29.619 2.562 1.806 0 17 255
-30.019 2.311 1.557 0 0 255
-30.057 2.295 1.584 0 0 255
-30.120 2.401 1.607 0 25 255
-30.020 2.370 1.627 0 42 255
-29.144 2.693 1.817 0 0 255
-29.004 2.510 2.042 0 0 255
-29.999 2.439 2.772 0 8 255
-30.107 2.148 3.063 0 0 255
-29.968 2.503 2.695 0 0 255
-30.002 2.486 2.743 0 0 255
-30.057 2.582 2.858 0 0 255
-30.048 2.707 2.701 0 17 255
-30.038 2.630 2.776 0 0 255
-29.993 2.655 2.793 0 0 255
-29.981 2.657 2.753 0 8 255
-32.913 4.357 1.150 0 8 255
-32.852 4.334 1.363 0 25 255
-32.790 4.260 1.516 0 8 255
-32.797 4.263 1.526 0 17 255
-32.875 4.348 1.407 0 0 255
-32.890 4.404 1.062 0 0 255
-32.807 4.315 1.522 0 0 255
-32.902 4.431 1.302 0 0 255
-32.881 4.401 1.242 0 0 255
-32.919 4.442 1.141 0 93 255
-32.647 3.550 1.687 0 0 255
-32.825 4.324 1.480 0 8 255
-32.611 3.550 1.695 0 0 255
-32.627 3.585 1.804 0 0 255
-32.908 4.358 1.353 0 0 255
-32.893 4.378 1.342 0 25 255
-32.624 3.584 1.723 0 0 255
-32.625 3.379 1.984 0 42 255
-33.041 3.830 1.800 0 0 255
-33.097 3.805 1.817 0 0 255
-32.606 3.585 1.768 0 0 255
-32.711 3.285 2.071 0 127 255
-32.513 3.433 2.010 0 0 255
-32.445 3.491 1.991 0 0 255
-32.557 3.542 1.934 0 0 255
-32.670 3.286 2.012 0 136 255
-32.678 3.311 2.012 0 17 255
-32.793 3.664 2.101 0 0 255
-32.896 3.768 1.926 0 59 255
-32.774 3.697 2.113 0 51 255
-32.527 3.407 1.995 0 0 255
-32.497 3.410 1.991 0 76 255
-32.972 3.828 1.982 0 0 255
-32.514 3.487 1.957 0 17 255
-32.825 3.706 2.092 0 0 255
-32.863 3.773 2.063 0 0 255
-32.930 3.770 1.966 0 8 255
-32.472 3.462 1.982 0 25 255
-32.466 3.468 1.986 0 0 255
-32.951 3.778 2.022 0 0 255
-32.565 3.637 1.898 0 17 255
-32.539 3.725 1.900 0 25 255
-32.509 3.579 1.905 0 59 255
-32.465 3.743 1.918 0 51 255
-32.542 3.779 1.884 0 8 255
-32.550 3.614 1.904 0 34 255
-32.464 3.573 1.881 0 0 255
-32.472 3.606 1.899 0 8 255
-32.466 3.621 1.932 0 42 255
-32.685 3.679 2.105 0 0 255
-32.437 3.607 1.978 0 17 255
-32.578 3.618 1.993 0 25 255
-32.586 3.648 2.067 0 8 255
-32.479 3.644 1.904 0 0 255
-32.475 3.642 1.993 0 34 255
-32.973 3.734 2.170 0 144 255
-32.486 3.661 1.943 0 25 255
-32.523 3.602 1.995 0 255 212
-32.660 3.623 2.065 0 0 255
-33.017 3.726 2.240 0 0 255
-32.246 3.552 2.119 0 17 255
-32.421 3.587 2.063 0 51 255
-32.417 3.603 2.033 0 8 255
-32.431 3.694 1.854 0 34 255
-32.017 3.368 2.142 0 51 255
-32.471 3.680 1.892 0 0 255
-32.468 3.682 1.920 0 255 250
-32.773 3.192 2.005 0 0 255
-32.041 3.421 2.196 0 8 255
-31.994 3.381 2.287 0 17 255
-31.995 3.488 2.199 0 0 255
-32.393 3.627 1.873 0 0 255
-32.549 3.736 1.909 0 34 255
-31.946 3.402 2.322 0 0 255
-32.738 3.240 1.995 0 8 255
-32.738 3.224 1.997 0 0 255
-31.932 3.402 2.362 0 85 255
-32.090 3.553 2.194 0 8 255
-32.109 3.511 2.229 0 0 255
-32.553 3.827 1.890 0 51 255
-32.004 3.468 2.188 0 0 255
-31.897 3.403 2.342 0 34 255
-32.369 3.598 1.988 0 0 255
-32.049 3.498 2.232 0 8 255
-32.015 3.549 2.189 0 0 255
-32.751 3.251 2.033 0 255 174
-32.038 3.454 2.327 0 0 255
-32.377 3.680 1.962 0 0 255
-31.965 3.423 2.272 0 0 255
-31.946 3.435 2.295 0 0 255
-31.907 3.642 2.242 0 255 204
-31.964 3.446 2.341 0 25 255
-32.029 3.424 2.387 0 17 255
-32.404 3.714 1.936 0 0 255
-32.002 3.445 2.395 0 0 255
-31.919 3.433 2.298 0 0 255
-32.119 3.698 2.234 0 8 255
-32.705 3.219 2.122 0 0 255
-32.696 3.243 2.119 0 0 255
-31.992 3.516 2.301 0 153 255
-31.856 3.426 2.344 0 255 187
-32.387 3.564 2.048 0 17 255
-32.072 3.560 2.352 0 119 255
-32.132 3.543 2.400 0 0 255
-31.885 3.369 2.571 0 0 255
-31.862 3.415 2.564 0 0 255
-31.867 3.389 2.585 0 0 255
-31.985 3.519 2.429 0 8 255
-31.964 3.502 2.443 0 0 255
-32.364 3.562 2.444 0 102 255
-31.957 3.516 2.478 0 0 255
-32.392 3.611 2.458 0 0 255
-32.407 3.568 2.137 0 8 255
-32.379 3.591 2.176 0 8 255
-32.326 3.651 2.002 0 221 255
-31.999 3.650 2.308 0 0 255
-32.341 3.575 2.191 0 0 255
-31.962 3.686 2.287 0 0 255
-33.110 3.844 1.767 0 0 255
-32.282 3.647 2.047 0 25 255
-32.172 3.673 2.124 0 25 255
-32.355 3.578 2.109 0 0 255
-33.050 3.870 1.877 0 0 255
-32.320 3.570 2.073 0 0 255
-32.970 3.842 1.930 0 0 255
-32.298 3.625 2.067 0 0 255
-32.790 4.184 1.602 0 0 255
-32.695 4.076 1.742 0 34 255
-32.757 4.144 1.644 0 0 255
-32.275 3.589 2.253 0 85 255
-32.697 4.108 1.721 0 0 255
-32.748 4.118 1.650 0 0 255
-32.133 3.627 2.236 0 8 255
-32.256 3.626 2.087 0 42 255
-32.202 3.625 2.088 0 17 255
-32.819 4.280 1.553 0 8 255
-32.791 4.271 1.558 0 42 255
-32.793 4.281 1.575 0 0 255
-31.928 4.444 2.232 0 153 255
-32.199 3.623 2.105 0 0 255
-31.888 4.138 2.297 0 255 195
-32.236 3.878 2.310 0 8 255
-31.894 4.449 2.195 0 68 255
-32.738 4.153 1.683 0 0 255
-32.253 3.658 2.071 0 68 255
-32.221 3.631 2.062 0 17 255
-31.902 4.432 2.226 0 85 255
-32.230 3.666 2.090 0 0 255
-32.185 3.877 2.285 0 59 255
-32.570 3.866 1.854 0 17 255
-31.907 4.449 2.261 0 102 255
-32.607 3.904 1.841 0 0 255
-32.171 3.927 2.312 0 255 246
-31.928 4.508 2.305 0 0 255
-32.282 3.347 2.438 0 0 255
-31.888 4.540 2.247 0 25 255
-32.306 3.388 2.406 0 8 255
-31.897 4.640 2.271 0 8 255
-31.954 4.644 2.303 0 34 255
-31.938 4.648 2.308 0 0 255
-31.918 4.615 2.299 0 51 255
-32.228 3.728 2.217 0 34 255
-31.934 4.700 2.315 0 0 255
-31.969 4.672 2.332 0 0 255
-32.298 3.225 2.481 0 0 255
-32.199 3.701 2.233 0 59 255
-32.197 3.718 2.226 0 170 255
-31.921 4.685 2.289 0 0 255
-32.265 3.210 2.497 0 0 255
-32.310 3.596 2.278 0 0 255
-32.206 3.552 2.427 0 34 255
-32.259 3.541 2.458 0 0 255
-32.194 3.541 2.449 0 8 255
-32.259 3.091 2.668 0 0 255
-31.864 3.385 2.522 0 0 255
-32.282 3.182 2.561 0 17 255
-32.289 3.199 2.552 0 8 255
-32.273 3.176 2.595 0 0 255
-32.274 3.165 2.621 0 0 255
-32.187 3.604 2.282 0 0 255
-31.970 3.074 2.529 0 0 255
-32.258 3.716 2.263 0 93 255
-32.893 3.697 2.138 0 0 255
-32.792 3.665 2.142 0 0 255
-32.117 3.639 2.189 0 110 255
-32.917 3.711 2.155 0 17 255
-32.890 3.719 2.152 0 0 255
-32.121 3.593 2.208 0 0 255
-32.833 3.720 2.183 0 0 255
-32.833 3.785 2.174 0 0 255
-32.919 3.719 2.204 0 0 255
-32.801 3.755 2.225 0 8 255
-32.819 3.779 2.218 0 0 255
-32.820 3.772 2.225 0 8 255
-32.708 3.663 2.347 0 8 255
-32.962 4.383 1.177 0 0 255
-32.979 4.419 1.129 0 0 255
-32.597 3.691 2.304 0 0 255
-32.639 3.652 2.352 0 25 255
-32.663 3.688 2.356 0 68 255
-32.612 3.643 2.365 0 0 255
-32.560 3.638 2.387 0 0 255
-32.534 3.635 2.404 0 0 255
-32.540 3.652 2.416 0 0 255
-32.363 3.437 2.174 0 8 255
-32.330 3.458 2.165 0 0 255
-32.333 3.524 2.149 0 0 255
-32.315 3.552 2.167 0 51 255
-32.286 3.555 2.259 0 42 255
-32.186 3.536 2.155 0 51 255
-32.287 3.390 2.357 0 0 255
-32.270 3.409 2.361 0 0 255
-32.269 3.547 2.351 0 8 255
-32.085 3.325 2.150 0 0 255
-32.302 2.989 2.707 0 0 255
-32.320 2.992 2.718 0 0 255
-31.863 3.237 2.840 0 25 255
-31.990 2.898 3.075 0 17 255
-31.954 2.921 3.073 0 0 255
-31.902 3.158 2.932 0 51 255
-31.989 2.897 3.107 0 8 255
-31.930 2.992 3.026 0 0 255
-31.966 2.945 3.058 0 8 255
-31.967 2.955 3.068 0 42 255
-31.929 2.963 3.053 0 17 255
-31.961 2.999 3.057 0 0 255
-31.930 3.041 2.994 0 17 255
-32.010 2.786 3.145 0 25 255
-31.991 2.828 3.151 0 0 255
-31.878 3.296 2.788 0 0 255
-31.986 2.746 3.176 0 0 255
-31.953 3.019 3.027 0 17 255
-31.932 3.036 3.030 0 0 255
-31.949 3.014 3.044 0 0 255
-31.444 3.466 0.531 0 0 255
-31.522 3.491 0.582 0 0 255
-31.502 3.400 0.485 0 0 255
-31.473 3.375 0.524 0 0 255
-31.566 3.514 0.652 0 0 255
-31.454 3.417 0.564 0 0 255
-31.548 3.486 0.728 0 0 255
-31.591 3.493 0.940 0 0 255
-31.618 3.471 0.832 0 17 255
-31.620 3.487 0.850 0 17 255
-31.548 3.541 0.809 0 0 255
-31.576 3.450 0.902 0 8 255
-31.574 3.453 0.935 0 17 255
-30.784 2.989 1.374 0 0 255
-30.933 2.761 1.468 0 0 255
-30.761 3.457 0.969 0 255 238
-31.610 3.541 1.049 0 0 255
-30.811 3.058 1.340 0 136 255
-31.592 3.545 1.205 0 0 255
-31.617 3.558 1.075 0 0 255
-31.575 3.561 1.236 0 0 255
-31.567 3.492 1.108 0 0 255
-31.555 3.535 1.104 0 34 255
-31.787 3.534 1.519 0 170 255
-31.616 3.486 1.438 0 34 255
-31.673 3.503 1.314 0 0 255
-31.583 3.555 1.291 0 0 255
-31.736 3.537 1.551 0 34 255
-31.850 3.630 1.432 0 25 255
-31.638 3.474 1.486 0 0 255
-31.852 3.646 1.441 0 0 255
-31.658 3.495 1.490 0 0 255
-31.854 3.707 1.347 0 76 255
-31.736 3.562 1.514 0 0 255
-31.747 3.564 1.560 0 17 255
-31.795 3.574 1.507 0 0 255
-31.758 3.478 1.547 0 102 255
-31.800 3.696 1.365 0 0 255
-30.772 3.560 1.252 0 255 242
-30.754 3.474 1.206 0 187 255
-31.686 3.494 1.552 0 0 255
-30.789 3.571 1.278 0 0 255
-31.677 3.557 1.572 0 17 255
-30.798 3.620 1.329 0 255 246
-30.770 3.599 1.428 0 34 255
-30.773 3.495 1.173 0 255 221
-30.891 3.632 1.490 0 0 255
-30.872 3.597 1.438 0 153 255
-30.885 3.591 1.469 0 170 255
-30.859 3.614 1.467 0 17 255
-30.562 2.954 0.601 0 34 255
-30.798 3.484 1.349 0 187 255
-30.503 2.933 0.657 0 42 255
-30.817 3.684 1.463 0 178 255
-30.884 3.537 1.399 0 51 255
-29.724 2.975 0.599 0 0 255
-30.530 2.997 0.619 0 102 255
-30.824 3.612 1.490 0 0 255
-30.888 3.622 1.536 0 221 255
-30.548 2.948 0.697 0 255 178
-29.729 2.988 0.692 0 0 255
-30.538 2.973 0.658 0 42 255
-30.527 2.959 0.716 0 0 255
-30.508 2.946 0.699 0 255 242
-30.856 3.656 1.501 0 255 170
-29.657 3.047 0.588 0 8 255
-29.672 3.014 0.603 0 34 255
-29.671 3.021 0.621 0 0 255
-29.673 3.129 0.534 0 0 255
-30.169 2.860 0.968 0 8 255
-30.167 2.902 0.916 0 68 255
-29.761 3.039 0.685 0 0 255
-30.089 2.927 0.868 0 93 255
-30.087 2.892 0.909 0 42 255
-30.126 2.921 0.912 0 255 255
-30.171 2.877 0.940 0 0 255
-30.057 2.819 0.982 0 51 255
-30.648 3.086 0.462 0 204 255
-30.125 2.960 0.888 0 25 255
-29.688 3.086 0.688 0 25 255
-30.115 2.944 0.938 0 255 216
-29.986 2.890 0.973 0 119 255
-30.666 3.365 0.507 0 76 255
-30.640 3.375 0.488 0 255 208
-30.573 3.062 0.462 0 255 246
-30.710 3.337 0.465 0 255 161
-30.713 3.345 0.475 0 0 255
-30.698 3.310 0.593 0 0 255
-29.801 2.918 0.811 0 25 255
-30.709 3.347 0.588 0 0 255
-29.935 2.958 0.977 0 0 255
-30.716 3.349 0.577 0 153 255
-30.687 3.340 0.485 0 0 255
-30.596 3.107 0.462 0 246 255
-29.904 2.780 0.839 0 0 255
-30.643 3.372 0.656 0 0 255
-30.632 3.369 0.680 0 178 255
-30.666 3.367 0.644 0 0 255
-30.728 3.357 0.519 0 255 250
-30.682 3.380 0.504 0 255 157
-30.609 3.126 0.510 0 255 250
-30.671 3.343 0.674 0 0 255
-30.638 3.406 0.676 0 204 255
-30.628 3.407 0.575 0 85 255
-29.875 2.781 0.878 0 34 255
-30.580 3.331 0.508 0 255 182
-30.219 2.877 1.159 0 0 255
-30.604 2.751 1.408 0 0 255
-30.512 3.118 0.455 0 0 255
-30.419 2.832 1.056 0 0 255
-30.600 3.338 0.711 0 17 255
-30.357 2.891 1.310 0 0 255
-30.720 2.792 1.303 0 0 255
-29.873 2.812 0.893 0 0 255
-30.702 2.769 1.536 0 0 255
-30.419 2.956 1.328 0 255 195
-30.590 3.394 0.697 0 255 216
-30.485 2.940 1.327 0 0 255
-30.368 2.819 0.992 0 17 255
-30.665 2.744 1.488 0 0 255
-30.391 2.838 0.996 0 34 255
-30.370 2.854 1.007 0 0 255
-30.394 2.844 1.017 0 255 212
-30.357 2.856 0.998 0 0 255
-29.816 2.810 0.887 0 51 255
-30.557 2.742 1.450 0 34 255
-30.238 2.942 1.358 0 85 255
-30.225 2.994 1.337 0 102 255
-30.540 3.067 0.549 0 34 255
-30.331 2.910 1.293 0 0 255
-30.387 2.988 1.444 0 204 255
-29.866 2.860 0.914 0 17 255
-30.520 3.054 0.555 0 0 255
-30.625 3.426 0.612 0 127 255
-30.672 2.733 1.455 0 0 255
-30.644 2.739 1.446 0 0 255
-30.628 3.466 0.643 0 0 255
-30.420 3.004 1.492 0 0 255
-30.450 2.965 1.535 0 255 191
-30.551 2.759 1.460 0 0 255
-30.561 3.096 0.534 0 34 255
-30.553 2.769 1.480 0 0 255
-30.526 2.760 1.477 0 0 255
-30.429 3.236 1.397 0 204 255
-30.649 3.472 0.671 0 76 255
-30.642 3.432 0.719 0 255 208
-30.428 2.832 1.098 0 0 255
-30.441 3.016 1.516 0 255 157
-30.392 3.016 1.499 0 0 255
-30.259 3.182 1.479 0 0 255
-30.261 3.208 1.516 0 25 255
-30.717 3.386 0.760 0 255 246
-30.102 2.930 1.010 0 178 255
-29.905 2.877 0.946 0 8 255
-29.881 2.881 0.916 0 0 255
-30.663 3.410 0.736 0 246 255
-30.068 2.986 1.012 0 255 199
-30.073 2.960 1.038 0 8 255
-30.031 2.786 0.991 0 0 255
-30.595 3.170 0.482 0 255 204
-30.680 3.410 0.758 0 136 255
-30.129 2.879 1.080 0 0 255
-30.146 2.938 1.063 0 0 255
-30.474 3.165 0.566 0 255 225
-30.136 2.786 1.218 0 0 255
-30.036 2.831 1.078 0 0 255
-30.047 2.955 1.071 0 204 255
-30.022 2.995 1.063 0 51 255
-30.111 2.937 1.081 0 8 255
-30.014 2.977 1.086 0 59 255
-30.120 2.857 1.129 0 85 255
-30.047 2.840 1.070 0 0 255
-29.955 2.849 1.213 0 0 255
-30.313 2.781 1.111 0 8 255
-30.134 2.830 1.231 0 25 255
-30.491 3.027 0.627 0 0 255
-30.118 2.850 1.253 0 34 255
-29.960 3.021 0.978 0 0 255
-30.498 3.088 0.609 0 255 191
-30.478 3.103 0.613 0 93 255
-30.481 3.087 0.637 0 255 221
-30.630 3.384 0.793 0 0 255
-29.793 2.999 1.215 0 0 255
-29.810 3.003 1.236 0 255 216
-29.720 2.993 1.254 0 110 255
-30.052 3.021 1.060 0 34 255
-29.921 2.958 1.188 0 255 238
-30.160 2.841 1.288 0 0 255
-29.877 2.969 1.179 0 102 255
-29.790 3.054 0.721 0 8 255
-29.838 2.957 1.156 0 85 255
-29.841 2.985 1.180 0 68 255
-29.865 3.059 0.845 0 0 255
-29.863 2.953 1.215 0 0 255
-29.845 3.021 0.845 0 0 255
-29.974 2.950 1.349 0 0 255
-29.927 2.946 1.394 0 68 255
-29.899 2.975 1.274 0 110 255
-29.920 2.955 1.306 0 0 255
-29.785 2.937 1.411 0 85 255
-30.142 2.982 1.382 0 136 255
-29.837 2.998 1.285 0 110 255
-29.790 2.958 1.310 0 0 255
-29.758 3.028 0.726 0 0 255
-29.812 2.949 1.312 0 85 255
-29.958 2.919 1.315 0 25 255
-29.996 3.006 1.474 0 195 255
-30.716 3.434 0.854 0 255 195
-29.975 2.992 1.524 0 93 255
-30.465 3.139 0.622 0 0 255
-30.164 3.014 1.346 0 161 255
-29.917 3.025 0.899 0 0 255
-30.112 3.012 1.404 0 34 255
-30.097 3.030 1.408 0 25 255
-30.394 2.808 1.170 0 0 255
-30.375 2.744 1.215 0 42 255
-30.044 3.239 1.429 0 221 255
-30.021 3.223 1.415 0 8 255
-30.140 3.281 1.365 0 255 255
-30.447 3.110 0.665 0 255 242
-30.145 3.016 1.405 0 0 255
-30.099 3.280 1.431 0 255 191
-30.609 3.463 0.776 0 8 255
-29.962 3.134 1.525 0 17 255
-30.102 3.245 1.468 0 68 255
-29.814 3.224 1.445 0 0 255
-29.936 3.251 1.418 0 153 255
-30.079 3.267 1.444 0 42 255
-30.363 3.143 0.717 0 0 255
-30.593 3.423 0.847 0 127 255
-30.067 3.258 1.445 0 178 255
-29.704 3.239 1.472 0 8 255
-29.727 3.215 1.478 0 0 255
-29.808 3.194 1.510 0 51 255
-29.995 3.221 1.496 0 229 255
-30.678 3.381 0.870 0 255 165
-29.692 3.214 1.408 0 25 255
-30.664 3.346 1.184 0 255 229
-29.737 3.239 1.481 0 0 255
-30.697 3.408 0.931 0 0 255
-30.695 3.398 1.121 0 25 255
-30.745 3.390 0.993 0 255 233
-30.423 2.891 1.149 0 255 250
-30.422 2.898 1.194 0 68 255
-30.614 3.404 1.083 0 255 255
-30.398 3.203 0.710 0 17 255
-30.616 3.418 1.133 0 127 255
-30.578 3.362 1.218 0 144 255
-30.614 3.303 1.269 0 0 255
-30.663 3.432 1.094 0 255 233
-30.637 3.428 1.090 0 8 255
-30.592 3.384 1.233 0 178 255
-29.911 3.035 1.374 0 8 255
-30.673 3.483 1.115 0 255 242
-29.783 3.063 1.340 0 8 255
-29.811 3.065 1.375 0 0 255
-30.746 3.522 1.095 0 8 255
-30.705 3.498 1.168 0 195 255
-30.703 3.510 1.126 0 127 255
-30.720 3.552 1.184 0 255 225
-30.733 3.548 1.201 0 255 153
-30.589 3.333 1.211 0 119 255
-30.318 3.168 0.715 0 0 255
-30.426 2.915 1.236 0 59 255
-30.743 3.455 1.007 0 255 195
-30.570 3.485 1.140 0 204 255
-30.742 3.438 0.926 0 255 204
-30.700 3.445 0.914 0 255 153
-30.580 3.459 1.061 0 0 255
-29.756 3.036 1.262 0 119 255
-30.575 3.517 1.007 0 68 255
-30.644 3.458 1.029 0 255 238
-30.523 2.738 0.834 0 8 255
-30.395 3.333 1.013 0 255 229
-30.621 3.471 1.187 0 25 255
-30.482 2.752 0.826 0 8 255
-30.680 3.453 1.040 0 255 238
-30.597 3.486 1.093 0 255 255
-30.545 3.444 1.117 0 229 255
-30.399 3.413 1.120 0 229 255
-30.504 2.814 0.797 0 0 255
-30.506 2.838 0.813 0 153 255
-30.709 3.496 1.003 0 255 165
-30.743 3.510 1.050 0 255 170
-30.670 3.485 1.407 0 221 255
-30.654 3.490 1.402 0 255 187
-30.278 3.293 1.032 0 0 255
-29.776 3.070 1.346 0 136 255
-30.284 3.327 1.074 0 0 255
-30.214 3.326 1.087 0 34 255
-30.484 2.890 0.752 0 0 255
-30.707 3.352 1.544 0 8 255
-30.475 2.925 0.779 0 229 255
-30.735 3.475 0.952 0 76 255
-29.722 3.104 1.337 0 144 255
-29.715 3.115 1.382 0 34 255
-30.704 3.429 1.434 0 255 187
-30.660 3.362 1.496 0 255 208
-30.670 3.400 1.518 0 255 204
-30.743 3.582 1.353 0 255 157
-30.708 3.594 1.345 0 0 255
-30.636 2.813 0.951 0 0 255
-30.662 3.431 0.945 0 255 165
-30.689 3.491 1.363 0 85 255
-30.501 3.731 1.502 0 0 255
-30.675 3.425 1.509 0 161 255
-30.666 3.567 1.403 0 255 208
-30.512 2.760 0.883 0 8 255
-30.489 2.789 0.854 0 0 255
-30.526 2.779 0.908 0 0 255
-30.530 2.776 0.916 0 0 255
-30.600 3.777 1.498 0 0 255
-30.584 3.833 1.511 0 17 255
-30.223 3.707 1.390 0 68 255
-30.706 3.501 0.996 0 255 199
-30.241 3.334 1.283 0 51 255
-30.250 3.649 1.384 0 110 255
-30.624 3.497 0.939 0 8 255
-30.449 3.286 1.477 0 255 187
-30.439 3.343 1.454 0 255 191
-30.279 3.346 1.129 0 0 255
-30.286 3.695 1.398 0 255 246
-30.474 2.739 0.949 0 229 255
-30.289 3.347 1.195 0 42 255
-30.197 3.302 1.096 0 34 255
-30.470 3.724 1.492 0 0 255
-30.104 3.484 1.047 0 0 255
-30.605 3.445 0.917 0 0 255
-29.796 3.027 1.430 0 0 255
-29.798 3.068 1.430 0 0 255
-30.261 3.310 1.184 0 144 255
-30.241 3.345 1.176 0 255 255
-30.467 2.792 0.846 0 0 255
-30.195 3.364 1.076 0 76 255
-30.350 3.752 1.477 0 0 255
-30.238 3.722 1.410 0 110 255
-30.139 3.390 1.119 0 127 255
-30.254 3.760 1.517 0 255 182
-30.345 2.864 0.847 0 0 255
-30.114 3.385 1.105 0 153 255
-30.125 3.360 1.124 0 0 255
-30.079 3.377 1.115 0 102 255
-29.873 3.136 1.455 0 0 255
-30.046 3.297 1.126 0 0 255
-30.276 3.800 1.489 0 0 255
-30.248 3.384 1.168 0 0 255
-30.012 3.816 1.261 0 0 255
-29.902 3.798 1.215 0 0 255
-29.661 3.650 0.978 0 0 255
-29.695 3.651 1.012 0 0 255
-29.690 3.658 1.018 0 0 255
-30.247 3.360 1.214 0 25 255
-30.220 3.371 1.214 0 25 255
-30.200 3.404 1.218 0 0 255
-30.417 2.932 0.732 0 34 255
-30.099 3.537 1.145 0 0 255
-30.101 3.412 1.189 0 0 255
-30.308 3.299 0.897 0 0 255
-30.103 3.481 1.216 0 34 255
-30.332 3.296 0.957 0 68 255
-30.186 3.322 1.306 0 25 255
-30.043 3.312 1.371 0 255 178
-30.304 3.328 0.964 0 144 255
-29.855 3.132 1.471 0 17 255
-29.852 3.143 1.488 0 0 255
-30.336 2.968 0.718 0 51 255
-30.122 3.311 1.415 0 255 144
-30.358 2.939 0.736 0 0 255
-30.464 2.905 0.800 0 0 255
-29.695 3.757 1.194 0 0 255
-30.181 3.378 1.304 0 221 255
-29.689 3.782 1.194 0 0 255
-31.398 4.663 1.402 0 0 255
-30.016 3.357 1.534 0 178 255
-31.590 4.763 1.357 0 8 255
-30.686 3.410 1.280 0 17 255
-30.060 3.348 1.394 0 25 255
-30.027 3.358 1.430 0 187 255
-30.027 3.419 1.465 0 136 255
-31.361 3.034 1.810 0 0 255
-29.986 3.474 1.461 0 161 255
-30.514 2.780 1.094 0 17 255
-29.960 3.357 1.426 0 119 255
-29.985 3.383 1.444 0 25 255
-30.530 2.744 1.126 0 170 255
-30.032 3.307 1.491 0 25 255
-29.916 3.194 1.447 0 8 255
-30.298 2.934 0.801 0 246 255
-29.876 3.198 1.442 0 0 255
-30.632 3.416 1.369 0 255 199
-31.330 3.118 1.822 0 59 255
-31.517 4.747 1.470 0 0 255
-31.589 2.770 1.875 0 0 255
-31.444 3.190 1.772 0 238 255
-31.661 2.766 2.040 0 0 255
-30.688 2.759 1.221 0 8 255
-30.355 2.849 0.858 0 0 255
-31.495 4.751 1.308 0 8 255
-31.633 2.758 2.029 0 34 255
-31.605 2.752 2.038 0 102 255
-30.566 2.749 1.159 0 25 255
-31.399 2.917 1.856 0 17 255
-31.630 2.759 1.984 0 17 255
-31.454 3.173 1.810 0 238 255
-31.464 2.975 2.070 0 0 255
-31.574 2.784 1.856 0 136 255
-31.359 3.068 1.923 0 0 255
-30.935 2.843 1.686 0 34 255
-30.952 2.865 1.682 0 0 255
-30.354 2.862 0.925 0 0 255
-30.501 3.406 1.273 0 0 255
-30.873 3.039 1.718 0 178 255
-31.561 3.167 1.862 0 8 255
-30.555 3.343 1.351 0 8 255
-30.900 2.927 1.862 0 0 255
-31.385 2.767 1.889 0 0 255
-30.249 2.864 0.901 0 0 255
-29.976 3.540 1.482 0 25 255
-30.957 2.773 1.643 0 0 255
-31.325 2.749 1.884 0 0 255
-30.955 2.754 1.666 0 255 212
-30.975 2.850 2.108 0 17 255
-30.502 3.329 1.397 0 8 255
-31.419 2.819 1.849 0 17 255
-31.430 2.861 1.857 0 0 255
-31.402 2.864 1.848 0 0 255
-30.951 2.812 2.086 0 0 255
-31.008 2.810 1.636 0 229 255
-30.342 2.888 0.920 0 255 238
-29.915 3.380 1.416 0 25 255
-30.311 3.864 1.518 0 255 233
-31.244 3.237 1.933 0 0 255
-30.345 2.878 0.980 0 34 255
-31.253 3.226 1.979 0 25 255
-30.941 2.889 2.001 0 0 255
-30.920 2.875 1.976 0 0 255
-31.220 3.254 1.940 0 17 255
-30.287 3.971 1.515 0 59 255
-31.262 3.175 1.856 0 255 255
-29.676 3.321 1.444 0 0 255
-31.601 3.532 1.651 0 0 255
-30.913 2.889 1.681 0 0 255
-30.838 3.057 1.880 0 0 255
-31.490 3.467 1.646 0 0 255
-30.233 2.906 0.877 0 17 255
-31.584 3.453 1.755 0 8 255
-31.458 3.369 1.685 0 144 255
-31.599 3.433 1.842 0 17 255
-31.575 3.531 1.673 0 34 255
-31.536 3.508 1.698 0 25 255
-31.533 3.456 1.651 0 17 255
-31.566 3.436 1.684 0 25 255
-30.329 2.895 0.966 0 255 204
-31.438 3.492 1.669 0 59 255
-31.557 3.407 1.828 0 17 255
-31.243 3.204 1.946 0 0 255
-30.269 4.190 1.512 0 85 255
-31.472 3.516 1.721 0 110 255
-31.445 3.547 1.732 0 25 255
-31.471 3.545 1.749 0 17 255
-31.043 2.783 1.631 0 8 255
-31.054 2.784 1.657 0 34 255
-31.055 2.738 1.682 0 25 255
-31.578 3.386 1.744 0 0 255
-31.309 3.418 1.759 0 0 255
-30.758 3.065 2.091 0 17 255
-31.343 3.474 1.744 0 255 191
-31.189 2.837 1.731 0 0 255
-30.356 3.126 0.851 0 8 255
-30.832 3.103 2.099 0 17 255
-30.883 2.867 1.734 0 8 255
-31.200 2.866 1.759 0 8 255
-31.550 3.481 1.749 0 0 255
-31.793 3.623 1.662 0 85 255
-30.112 3.599 1.319 0 255 191
-30.068 3.879 1.354 0 0 255
-31.723 3.790 1.727 0 17 255
-30.433 3.170 0.750 0 68 255
-30.890 3.163 2.076 0 51 255
-30.895 3.213 2.105 0 0 255
-30.964 2.884 1.714 0 8 255
-30.123 3.635 1.314 0 8 255
-31.695 3.363 1.956 0 0 255
-31.669 3.405 1.955 0 0 255
-30.340 3.172 0.721 0 8 255
-30.401 3.190 0.777 0 51 255
-31.692 3.388 1.983 0 17 255
-30.158 3.561 1.338 0 255 174
-31.411 3.805 1.780 0 8 255
-30.396 3.250 0.722 0 93 255
-30.347 3.232 0.764 0 25 255
-31.027 2.872 1.797 0 17 255
-30.957 3.266 2.067 0 59 255
-30.928 2.970 1.760 0 195 255
-30.421 3.150 0.802 0 0 255
-30.160 3.652 1.350 0 85 255
-31.757 3.372 1.983 0 0 255
-31.462 3.752 1.800 0 34 255
-30.040 3.909 1.343 0 0 255
-31.369 3.831 1.820 0 178 255
-30.134 3.844 1.516 0 0 255
-30.156 3.687 1.374 0 59 255
-31.203 3.317 1.792 0 255 174
-31.171 3.324 1.789 0 34 255
-31.197 3.296 1.824 0 229 255
-31.012 2.827 1.622 0 255 250
-31.339 3.673 2.051 0 0 255
-31.178 3.333 1.815 0 8 255
-30.064 3.835 1.275 0 0 255
-31.298 3.486 1.759 0 8 255
-30.862 2.936 1.729 0 85 255
-30.003 3.850 1.442 0 8 255
-31.625 3.419 1.605 0 0 255
-30.898 3.646 1.573 0 246 255
-29.983 3.838 1.458 0 8 255
-30.334 3.256 0.837 0 85 255
-30.913 3.644 1.628 0 127 255
-30.873 2.947 1.734 0 195 255
-31.209 3.364 1.804 0 0 255
-30.910 3.656 1.669 0 195 255
-29.999 3.839 1.533 0 0 255
-30.975 3.582 1.649 0 25 255
-30.042 3.836 1.351 0 0 255
-31.314 3.743 2.076 0 0 255
-30.903 3.620 1.634 0 17 255
-30.822 3.612 1.590 0 0 255
-31.088 3.467 1.730 0 34 255
-31.306 3.417 1.892 0 0 255
-30.167 3.697 1.434 0 8 255
-31.626 3.388 1.705 0 8 255
-30.869 3.562 1.681 0 0 255
-29.697 3.870 1.396 0 255 242
-30.858 3.709 1.584 0 0 255
-31.745 3.552 1.589 0 0 255
-30.843 3.652 1.618 0 0 255
-30.822 3.769 1.591 0 0 255
-30.915 3.834 1.574 0 25 255
-30.887 3.645 1.639 0 119 255
-30.931 3.802 1.589 0 0 255
-30.891 3.772 1.586 0 25 255
-30.927 3.725 1.717 0 25 255
-30.823 3.699 1.635 0 255 165
-30.926 3.811 1.737 0 255 250
-30.854 3.717 1.651 0 85 255
-30.865 3.736 1.634 0 68 255
-30.865 3.741 1.646 0 25 255
-31.622 3.450 1.607 0 0 255
-30.754 3.289 1.632 0 59 255
-31.282 3.398 1.916 0 0 255
-30.903 3.811 1.767 0 229 255
-29.954 3.673 1.509 0 8 255
-31.004 3.551 1.667 0 170 255
-31.592 3.440 1.638 0 0 255
-31.104 3.361 2.071 0 0 255
-31.269 3.446 1.937 0 0 255
-31.089 3.388 2.062 0 8 255
-31.049 3.360 2.043 0 17 255
-31.024 3.282 2.122 0 0 255
-30.856 3.034 2.146 0 8 255
-30.979 3.655 1.744 0 255 187
-30.979 3.676 1.749 0 0 255
-30.179 3.716 1.396 0 0 255
-30.922 2.997 2.619 0 25 255
-31.284 3.294 1.879 0 42 255
-30.838 3.217 2.120 0 42 255
-30.759 3.131 2.200 0 34 255
-29.986 4.218 1.481 0 0 255
-30.858 3.002 2.581 0 17 255
-30.809 3.032 2.557 0 0 255
-30.918 3.202 2.162 0 0 255
-30.138 3.798 1.426 0 17 255
-30.024 4.268 1.469 0 0 255
-30.838 3.202 2.145 0 17 255
-31.117 3.457 2.043 0 8 255
-31.607 3.674 2.152 0 0 255
-31.014 3.519 1.712 0 42 255
-30.121 3.796 1.439 0 0 255
-31.658 3.423 1.651 0 8 255
-31.090 3.431 2.045 0 25 255
-31.087 3.423 2.061 0 42 255
-30.094 3.819 1.464 0 0 255
-31.812 3.658 2.215 0 119 255
-31.661 2.739 1.691 0 17 255
-31.731 3.503 2.387 0 136 255
-31.601 3.487 1.683 0 144 255
-31.007 3.303 2.110 0 17 255
-31.762 3.678 2.266 0 59 255
-31.612 3.688 2.367 0 34 255
-31.737 3.657 2.229 0 17 255
-31.720 3.671 2.305 0 0 255
-31.726 2.795 1.830 0 0 255
-30.761 3.273 1.616 0 0 255
-31.741 3.716 2.302 0 0 255
-31.739 3.724 2.325 0 0 255
-31.063 3.634 1.800 0 255 229
-31.032 3.681 1.815 0 255 238
-31.733 3.715 2.331 0 34 255
-31.759 3.715 2.363 0 0 255
-31.683 2.763 1.784 0 0 255
-30.107 3.795 1.502 0 0 255
-31.762 3.774 2.358 0 153 255
-31.804 3.385 2.523 0 17 255
-31.561 3.682 2.193 0 59 255
-31.734 3.592 2.375 0 59 255
-31.252 3.788 1.786 0 93 255
-31.266 3.686 1.882 0 17 255
-31.590 2.795 1.746 0 0 255
-31.800 3.678 2.335 0 76 255
-31.497 3.680 2.189 0 59 255
-31.695 3.708 2.341 0 42 255
-31.822 3.638 2.286 0 255 165
-31.832 3.689 2.265 0 25 255
-31.836 3.682 2.272 0 51 255
-31.730 3.661 2.369 0 255 174
-31.283 3.581 1.925 0 0 255
-31.716 3.809 2.367 0 0 255
-31.795 3.423 2.508 0 51 255
-31.412 3.617 2.119 0 144 255
-31.373 3.606 2.110 0 136 255
-31.530 3.652 2.162 0 0 255
-31.787 3.364 2.556 0 8 255
-31.846 3.396 2.583 0 25 255
-31.590 3.342 2.635 0 0 255
-31.792 3.326 2.614 0 0 255
-31.816 3.326 2.659 0 170 255
-31.500 3.496 2.446 0 255 238
-31.774 3.298 2.636 0 17 255
-31.585 2.827 1.801 0 17 255
-31.499 3.483 2.525 0 8 255
-31.479 3.369 2.625 0 0 255
-31.181 3.477 2.462 0 51 255
-31.079 3.480 2.487 0 8 255
-31.117 3.603 1.951 0 51 255
-31.433 3.350 2.553 0 0 255
-31.395 3.325 2.561 0 0 255
-31.421 3.348 2.607 0 0 255
-31.421 3.352 2.604 0 0 255
-31.244 3.531 2.508 0 59 255
-31.154 3.669 1.948 0 255 199
-31.150 3.520 2.483 0 93 255
-31.110 3.516 2.497 0 102 255
-31.183 3.502 2.497 0 17 255
-31.067 3.652 1.906 0 255 229
-31.066 3.684 1.956 0 25 255
-31.348 3.370 2.574 0 25 255
-31.163 3.481 2.472 0 17 255
-31.138 3.462 2.512 0 25 255
-31.062 3.496 2.488 0 127 255
-31.116 3.434 2.601 0 0 255
-31.232 3.711 1.889 0 255 165
-31.548 2.790 1.680 0 59 255
-31.463 3.421 2.567 0 0 255
-31.518 3.593 2.412 0 0 255
-31.001 3.400 2.532 0 0 255
-31.559 3.460 2.585 0 8 255
-31.019 3.413 2.531 0 0 255
-31.229 3.576 2.420 0 0 255
-31.140 3.449 2.539 0 0 255
-31.566 2.842 1.697 0 0 255
-31.422 3.562 2.393 0 0 255
-31.222 3.827 1.837 0 34 255
-31.501 3.500 2.578 0 0 255
-31.489 2.824 1.657 0 51 255
-31.536 3.444 2.647 0 0 255
-31.463 3.332 2.613 0 0 255
-31.266 3.584 2.413 0 0 255
-29.757 3.754 1.279 0 0 255
-31.113 3.499 2.541 0 51 255
-31.442 3.708 2.233 0 0 255
-30.767 3.658 2.628 0 8 255
-31.280 3.602 2.576 0 0 255
-29.724 3.778 1.277 0 8 255
-30.729 2.758 1.567 0 17 255
-31.535 3.833 2.438 0 0 255
-31.679 3.673 2.448 0 8 255
-31.151 3.757 1.870 0 255 144
-31.557 2.788 1.737 0 255 238
-30.416 2.950 1.587 0 255 97
-31.538 2.771 1.731 0 68 255
-30.665 3.256 1.580 0 0 255
-31.526 2.791 1.723 0 42 255
-31.561 2.768 1.773 0 110 255
-31.467 2.754 1.743 0 0 255
-31.725 3.755 2.424 0 68 255
-30.453 3.011 1.601 0 255 216
-30.748 3.261 1.627 0 0 255
-30.744 3.276 1.657 0 127 255
-31.445 2.768 1.716 0 0 255
-29.693 3.787 1.331 0 187 255
-30.251 3.228 1.636 0 8 255
-31.564 3.660 2.595 0 0 255
-31.208 3.692 2.601 0 0 255
-31.101 3.729 1.962 0 255 165
-30.369 3.282 1.578 0 68 255
-31.464 3.638 2.637 0 0 255
-31.751 3.747 2.460 0 0 255
-29.916 3.620 1.421 0 255 38
-30.226 3.139 1.721 0 255 165
-29.897 3.581 1.452 0 0 255
-30.228 3.118 1.751 0 161 255
-30.388 3.113 1.790 0 8 255
-30.342 3.096 1.819 0 17 255
-30.363 3.057 1.724 0 255 208
-31.767 3.771 2.502 0 0 255
-30.283 3.215 1.702 0 127 255
-31.547 2.786 1.841 0 51 255
-30.359 3.264 1.643 0 25 255
-31.651 3.704 2.429 0 0 255
-30.423 2.773 1.956 0 17 255
-31.418 3.614 2.619 0 255 250
-31.476 2.753 1.810 0 0 255
-30.348 2.758 1.921 0 127 255
-30.494 2.740 2.076 0 0 255
-29.893 3.596 1.478 0 8 255
-29.852 3.625 1.476 0 76 255
-31.581 3.764 2.405 0 0 255
-31.245 3.665 1.976 0 221 255
-30.317 2.805 1.897 0 34 255
-30.201 3.120 1.764 0 238 255
-30.274 2.764 2.013 0 0 255
-31.444 2.850 1.806 0 0 255
-31.452 2.832 1.815 0 8 255
-30.231 2.779 2.062 0 0 255
-30.240 2.858 1.892 0 0 255
-30.491 3.160 1.894 0 0 255
-29.803 3.677 1.455 0 25 255
-31.554 3.734 2.529 0 25 255
-31.170 3.670 1.973 0 255 178
-30.249 2.977 1.934 0 25 255
-31.478 3.612 2.279 0 17 255
-31.452 3.579 2.359 0 34 255
-30.311 3.108 1.961 0 0 255
-30.350 2.759 1.957 0 34 255
-30.365 2.779 1.957 0 68 255
-30.198 3.097 2.000 0 8 255
-31.084 3.630 1.975 0 246 255
-30.216 3.279 1.858 0 102 255
-30.451 3.155 1.864 0 76 255
-31.427 3.626 2.293 0 8 255
-31.436 3.597 2.311 0 17 255
-31.559 2.915 1.775 0 8 255
-29.832 3.777 1.446 0 0 255
-31.512 2.925 1.770 0 17 255
-31.492 3.796 2.522 0 0 255
-29.804 3.831 1.426 0 8 255
-30.062 2.984 1.806 0 0 255
-31.474 2.878 1.712 0 25 255
-31.472 2.870 1.744 0 0 255
-31.492 2.913 1.758 0 0 255
-31.564 3.743 2.599 0 0 255
-31.571 3.724 2.647 0 0 255
-31.543 3.735 2.619 0 0 255
-29.806 2.898 1.654 0 76 255
-31.554 2.946 1.774 0 59 255
-31.389 3.637 2.267 0 8 255
-31.660 3.829 2.463 0 42 255
-31.304 3.707 2.559 0 0 255
-30.117 2.990 1.716 0 25 255
-31.171 3.701 2.014 0 255 221
-29.769 3.735 1.417 0 76 255
-31.354 3.695 2.257 0 0 255
-29.712 3.754 1.389 0 255 221
-31.470 2.873 1.821 0 17 255
-30.064 3.238 1.631 0 42 255
-29.988 3.270 1.588 0 25 255
-31.750 3.831 2.545 0 8 255
-31.434 3.561 2.363 0 0 255
-31.376 3.589 2.361 0 8 255
-29.719 3.776 1.400 0 85 255
-29.715 3.808 1.371 0 0 255
-29.746 3.775 1.410 0 51 255
-31.462 3.004 1.813 0 8 255
-29.691 3.773 1.382 0 0 255
-31.394 2.935 1.752 0 0 255
-31.522 3.824 2.293 0 0 255
-29.689 3.829 1.400 0 255 136
-29.979 3.265 1.764 0 119 255
-30.188 3.219 1.770 0 255 153
-31.439 2.878 1.842 0 0 255
-31.286 3.665 2.169 0 221 255
-31.260 3.680 2.221 0 0 255
-29.816 3.145 1.559 0 136 255
-31.283 3.725 2.168 0 0 255
-31.428 3.735 2.246 0 0 255
-29.882 3.090 1.788 0 25 255
-29.901 3.262 1.764 0 255 153
-29.872 3.258 1.577 0 110 255
-31.053 4.150 1.474 0 0 255
-29.796 3.249 1.800 0 255 114
-31.398 3.776 2.251 0 42 255
-31.262 3.593 2.339 0 0 255
-30.919 3.836 1.820 0 255 170
-29.933 2.816 2.079 0 255 255
-29.888 2.796 1.861 0 0 255
-30.931 3.819 1.931 0 25 255
-29.911 2.761 1.937 0 25 255
-30.187 3.095 2.007 0 17 255
-30.829 3.779 1.884 0 8 255
-30.045 3.062 2.064 0 0 255
-30.092 3.090 1.974 0 0 255
-30.147 3.216 1.877 0 119 255
-30.144 3.229 1.877 0 255 161
-31.530 4.733 1.084 0 25 255
-30.128 3.234 1.989 0 255 161
-31.378 3.028 1.765 0 0 255
-30.036 3.147 1.908 0 17 255
-30.069 3.188 2.094 0 255 148
-31.406 4.713 1.013 0 0 255
-31.379 4.723 1.007 0 8 255
-29.929 2.826 1.864 0 255 204
-30.175 3.283 2.047 0 42 255
-31.008 3.798 2.269 0 68 255
-31.000 3.801 2.296 0 59 255
-30.058 3.081 1.991 0 93 255
-30.930 3.770 2.267 0 25 255
-30.139 3.150 2.064 0 255 208
-29.973 2.800 1.907 0 119 255
-30.099 3.227 2.036 0 255 246
-29.718 3.017 1.910 0 255 191
-30.962 3.787 2.316 0 0 255
-31.327 3.230 2.240 0 42 255
-30.310 3.386 2.057 0 195 255
-31.471 3.215 2.398 0 0 255
-30.532 3.594 1.880 0 255 187
-30.436 3.550 2.066 0 8 255
-31.207 3.421 2.486 0 8 255
-31.437 3.217 2.332 0 8 255
-30.496 3.586 1.894 0 255 216
-31.354 3.239 2.273 0 0 255
-31.530 4.753 1.112 0 8 255
-30.173 2.916 1.879 0 42 255
-30.548 3.805 1.922 0 59 255
-30.362 3.528 2.026 0 255 178
-30.516 3.784 1.920 0 255 242
-30.294 3.444 2.060 0 25 255
-31.831 3.168 2.524 0 0 255
-31.823 3.165 2.534 0 0 255
-29.717 3.241 1.877 0 110 255
-30.024 3.518 1.763 0 0 255
-30.576 3.635 1.989 0 42 255
-30.490 3.683 2.021 0 255 255
-30.533 3.658 2.053 0 51 255
-31.542 4.743 1.217 0 0 255
-31.803 3.282 2.536 0 110 255
-29.701 3.342 1.781 0 0 255
-30.490 3.640 2.006 0 255 221
-29.706 3.154 1.915 0 0 255
-29.704 3.185 1.920 0 34 255
-31.854 3.116 2.544 0 0 255
-31.823 3.124 2.542 0 68 255
-30.067 3.775 1.538 0 204 255
-29.913 2.809 1.968 0 0 255
-29.893 2.813 2.006 0 8 255
-30.163 3.767 1.619 0 8 255
-31.755 3.193 2.550 0 85 255
-29.933 3.710 1.674 0 8 255
-29.932 3.733 1.699 0 255 233
-30.041 3.785 1.558 0 8 255
-30.054 2.954 1.857 0 0 255
-29.990 3.801 1.675 0 42 255
-30.013 3.772 1.712 0 0 255
-29.994 3.823 1.637 0 25 255
-31.773 3.217 2.599 0 0 255
-31.744 3.235 2.589 0 0 255
-30.194 3.822 1.552 0 25 255
-30.169 3.837 1.566 0 8 255
-30.132 3.814 1.568 0 42 255
-29.983 3.682 1.731 0 0 255
-29.756 3.194 1.988 0 0 255
-31.726 3.241 2.654 0 0 255
-30.437 3.749 1.908 0 255 153
-29.876 3.748 1.725 0 0 255
-30.034 3.601 1.789 0 8 255
-29.821 3.721 1.727 0 34 255
-30.170 3.359 1.897 0 255 178
-31.698 3.235 2.566 0 42 255
-30.195 3.511 1.832 0 0 255
-31.443 4.646 1.316 0 0 255
-29.783 3.779 1.743 0 0 255
-29.803 3.781 1.773 0 42 255
-31.620 3.253 2.561 0 34 255
-31.627 3.266 2.577 0 93 255
-29.978 3.338 1.899 0 0 255
-30.468 3.643 1.982 0 17 255
-30.348 3.203 2.301 0 59 255
-30.430 2.847 2.484 0 8 255
-30.006 3.487 1.838 0 51 255
-30.317 2.968 2.377 0 0 255
-30.730 3.320 1.655 0 102 255
-30.730 3.300 1.679 0 255 165
-30.414 2.945 2.442 0 0 255
-30.111 3.295 1.975 0 0 255
-29.934 2.760 1.978 0 255 165
-29.936 2.764 2.015 0 25 255
-30.364 3.588 2.046 0 0 255
-31.448 3.256 2.450 0 68 255
-30.066 3.019 1.832 0 119 255
-29.999 2.812 1.970 0 255 242
-30.533 3.080 2.403 0 17 255
-30.363 3.253 2.442 0 0 255
-30.268 3.677 1.961 0 25 255
-30.392 3.124 2.573 0 0 255
-29.967 2.735 2.023 0 229 255
-29.928 2.795 2.104 0 59 255
-30.153 3.072 1.941 0 0 255
-31.399 3.220 2.515 0 0 255
-29.992 2.773 2.265 0 8 255
-29.955 3.324 1.990 0 0 255
-30.466 3.736 1.970 0 153 255
-30.099 2.880 2.249 0 0 255
-30.111 3.220 2.132 0 255 93
-31.513 3.280 2.645 0 17 255
-30.367 3.726 2.000 0 0 255
-30.349 3.739 1.984 0 255 170
-30.121 3.133 2.158 0 170 255
-31.035 2.739 2.262 0 0 255
-29.998 3.146 2.198 0 0 255
-29.999 2.904 2.241 0 25 255
-30.111 3.212 2.187 0 17 255
-30.087 3.185 2.211 0 0 255
-29.979 3.132 2.188 0 8 255
-30.593 3.315 1.764 0 0 255
-30.002 3.032 2.312 0 0 255
-30.996 2.805 2.160 0 0 255
-29.991 3.250 2.148 0 153 255
-29.979 3.059 2.304 0 246 255
-30.327 3.720 1.958 0 102 255
-30.090 3.173 2.102 0 255 246
-29.986 3.117 2.331 0 127 255
-29.948 3.128 2.321 0 42 255
-30.115 3.186 2.145 0 59 255
-30.078 3.187 2.141 0 34 255
-30.017 3.279 2.377 0 34 255
-30.326 3.821 2.046 0 0 255
-30.525 3.490 1.813 0 153 255
-30.176 3.240 2.111 0 42 255
-31.084 3.284 2.170 0 8 255
-29.758 3.100 2.637 0 0 255
-31.138 3.264 2.189 0 0 255
-29.989 3.241 2.604 0 127 255
-29.968 3.243 2.626 0 17 255
-29.980 3.271 2.637 0 42 255
-29.697 3.150 2.451 0 34 255
-29.718 3.272 2.526 0 17 255
-29.686 3.171 2.473 0 0 255
-29.668 3.261 2.533 0 25 255
-29.650 3.268 2.490 0 161 255
-29.836 3.072 2.597 0 8 255
-30.133 3.235 2.292 0 0 255
-30.140 3.271 2.267 0 8 255
-29.788 3.376 2.213 0 127 255
-29.970 3.358 1.573 0 51 255
-29.766 3.331 2.110 0 0 255
-29.739 3.306 1.876 0 25 255
-29.677 3.684 2.329 0 0 255
-30.409 3.371 1.711 0 42 255
-30.414 3.382 1.712 0 0 255
-29.662 3.486 2.316 0 0 255
-29.950 3.315 1.660 0 0 255
-30.000 3.308 2.406 0 0 255
-29.733 3.409 1.812 0 17 255
-29.721 3.398 1.842 0 255 204
-29.990 3.332 2.424 0 187 255
-29.661 3.514 2.307 0 34 255
-30.428 3.472 2.145 0 68 255
-29.660 3.388 1.820 0 0 255
-30.029 3.372 2.385 0 8 255
-29.934 3.548 2.410 0 0 255
-29.971 3.473 2.404 0 255 191
-30.441 3.517 2.119 0 51 255
-30.281 3.558 1.717 0 59 255
-29.946 3.455 2.588 0 0 255
-29.949 3.293 2.442 0 0 255
-29.928 3.477 2.598 0 0 255
-29.949 3.430 2.619 0 0 255
-30.231 3.548 1.714 0 153 255
-30.383 3.520 2.117 0 0 255
-29.740 3.357 2.389 0 17 255
-29.657 3.337 1.890 0 0 255
-30.447 3.434 2.187 0 0 255
-30.454 3.436 2.210 0 8 255
-30.441 3.475 2.214 0 68 255
-30.433 3.464 2.223 0 42 255
-29.920 3.411 2.402 0 42 255
-30.631 3.775 1.530 0 0 255
-29.807 3.426 2.374 0 0 255
-29.933 3.363 1.721 0 170 255
-30.608 3.753 1.534 0 8 255
-30.011 3.184 2.360 0 0 255
-29.905 2.758 2.361 0 127 255
-29.865 2.745 2.360 0 59 255
-29.726 3.373 2.438 0 0 255
-29.896 2.846 2.337 0 0 255
-29.891 2.856 2.350 0 42 255
-29.845 2.805 2.358 0 0 255
-29.932 3.677 2.542 0 8 255
-29.954 3.589 2.497 0 0 255
-30.335 3.552 2.092 0 0 255
-30.322 3.555 2.108 0 136 255
-29.652 3.616 2.424 0 93 255
-29.953 3.598 2.508 0 0 255
-29.969 3.614 2.539 0 0 255
-29.885 2.903 2.338 0 42 255
-29.802 3.319 2.048 0 34 255
-29.767 3.681 2.462 0 8 255
-29.665 3.603 2.359 0 144 255
-29.663 3.616 2.361 0 8 255
-29.916 3.092 2.274 0 25 255
-29.859 3.124 2.280 0 0 255
-30.146 3.549 1.692 0 255 170
-29.888 3.018 2.309 0 0 255
-29.840 3.354 2.072 0 68 255
-30.452 3.373 2.283 0 0 255
-29.907 3.652 2.551 0 0 255
-29.967 3.733 2.598 0 76 255
-29.889 3.657 2.591 0 25 255
-29.655 3.696 2.441 0 17 255
-29.750 3.768 2.553 0 51 255
-30.385 3.354 2.245 0 0 255
-29.772 3.777 2.541 0 8 255
-31.679 3.928 1.812 0 0 255
-29.904 3.738 2.571 0 8 255
-31.695 3.850 1.834 0 17 255
-29.732 3.675 2.511 0 0 255
-29.816 3.817 2.579 0 59 255
-31.569 3.869 1.812 0 8 255
-31.520 3.841 1.854 0 119 255
-31.178 3.944 2.030 0 0 255
-31.043 3.884 1.868 0 68 255
-29.774 3.721 2.497 0 0 255
-31.636 3.844 1.867 0 17 255
-29.752 3.733 2.499 0 0 255
-31.113 3.869 1.999 0 0 255
-29.723 3.703 2.497 0 59 255
-31.462 3.862 1.816 0 25 255
-30.427 3.541 2.262 0 8 255
-30.439 3.550 2.259 0 17 255
-31.227 3.937 2.022 0 0 255
-31.512 3.932 1.848 0 0 255
-31.681 3.877 1.736 0 0 255
-30.674 3.628 2.109 0 68 255
-31.137 3.868 1.925 0 255 127
-29.885 3.134 2.320 0 255 182
-30.215 3.733 1.543 0 102 255
-29.831 3.115 2.356 0 136 255
-30.221 3.750 1.529 0 34 255
-30.899 3.967 1.831 0 34 255
-30.940 3.907 1.864 0 0 255
-31.711 3.894 1.771 0 0 255
-31.010 3.892 1.872 0 0 255
-30.299 3.815 1.549 0 0 255
-30.502 3.618 2.105 0 17 255
-31.000 3.849 1.908 0 0 255
-31.002 3.886 1.905 0 42 255
-30.916 3.842 1.816 0 0 255
-31.664 3.933 1.753 0 8 255
-30.247 3.800 1.577 0 17 255
-30.224 3.824 1.580 0 0 255
-31.755 4.031 1.764 0 8 255
-30.974 3.974 1.955 0 0 255
-30.887 4.101 1.903 0 59 255
-31.778 4.062 1.749 0 25 255
-31.754 4.077 1.745 0 8 255
-30.586 3.630 2.209 0 255 204
-30.485 3.561 2.185 0 8 255
-31.705 4.046 1.741 0 0 255
-30.941 4.064 1.830 0 68 255
-30.997 3.877 2.045 0 34 255
-30.905 4.055 1.846 0 255 221
-31.194 4.001 1.609 0 0 255
-30.218 3.607 1.733 0 0 255
-30.225 3.618 1.730 0 0 255
-30.558 3.647 2.195 0 127 255
-31.175 4.065 1.607 0 0 255
-30.278 3.638 1.670 0 0 255
-30.491 3.636 2.192 0 0 255
-30.909 4.006 2.035 0 17 255
-31.178 4.048 1.623 0 0 255
-30.860 4.005 1.960 0 0 255
-31.479 3.842 1.803 0 25 255
-29.826 3.279 2.329 0 255 212
-30.845 4.063 1.995 0 255 204
-30.874 4.113 2.030 0 25 255
-31.129 4.074 1.599 0 0 255
-30.740 3.688 2.295 0 110 255
-31.179 4.134 2.023 0 8 255
-29.993 3.718 1.864 0 0 255
-31.132 4.057 1.667 0 0 255
-30.929 4.068 1.897 0 51 255
-31.183 3.958 1.696 0 255 148
-31.048 4.217 2.065 0 255 225
-30.882 3.998 1.803 0 0 255
-31.042 4.290 1.968 0 0 255
-30.886 4.037 1.858 0 0 255
-31.282 3.969 1.762 0 8 255
-31.771 4.114 1.735 0 0 255
-31.780 4.122 1.741 0 0 255
-31.757 4.150 1.728 0 0 255
-30.909 4.148 1.816 0 76 255
-30.896 4.157 1.795 0 85 255
-31.211 3.927 1.762 0 34 255
-31.206 3.909 1.769 0 0 255
-30.488 3.446 1.827 0 8 255
-30.558 3.646 2.244 0 8 255
-30.865 4.179 1.806 0 0 255
-30.591 3.643 2.291 0 119 255
-30.880 4.138 1.877 0 85 255
-30.487 3.497 1.839 0 102 255
-31.491 4.638 1.701 0 8 255
-30.602 3.639 2.358 0 178 255
-30.889 4.188 1.884 0 0 255
-31.698 4.232 1.774 0 8 255
-31.529 4.617 1.741 0 0 255
-31.548 4.644 1.716 0 0 255
-30.690 3.720 2.274 0 8 255
-31.496 4.667 1.512 0 0 255
-31.504 4.617 1.581 0 17 255
-31.501 4.662 1.572 0 51 255
-30.630 3.732 2.257 0 0 255
-30.885 4.187 1.816 0 25 255
-31.469 4.629 1.728 0 17 255
-31.458 4.606 1.739 0 0 255
-31.050 3.866 1.802 0 8 255
-31.510 4.741 1.530 0 0 255
-31.566 4.631 1.677 0 8 255
-30.873 4.205 1.856 0 255 204
-30.844 4.445 1.874 0 8 255
-30.866 4.392 1.888 0 255 216
-30.842 4.246 1.873 0 0 255
-31.546 4.677 1.587 0 0 255
-30.023 3.573 2.049 0 34 255
-30.893 4.262 1.818 0 0 255
-31.463 4.676 1.627 0 0 255
-31.498 4.722 1.605 0 0 255
-31.842 4.027 2.286 0 25 255
-31.195 3.988 1.691 0 153 255
-31.178 3.991 1.713 0 0 255
-31.580 4.709 1.602 0 8 255
-30.436 3.548 1.919 0 34 255
-31.358 3.992 2.182 0 8 255
-31.566 4.670 1.678 0 17 255
-30.897 4.639 1.884 0 255 170
-31.139 4.058 1.685 0 0 255
-31.547 3.970 2.278 0 110 255
-31.514 3.952 2.261 0 0 255
-30.255 3.822 2.140 0 0 255
-31.606 4.047 2.256 0 195 255
-31.516 3.873 2.284 0 59 255
-30.905 3.864 1.599 0 170 255
-31.498 4.710 1.751 0 0 255
-31.559 3.980 2.235 0 127 255
-30.887 4.264 1.823 0 0 255
-31.531 3.982 2.248 0 0 255
-31.571 4.040 2.237 0 0 255
-31.539 4.017 2.240 0 0 255
-31.527 3.842 2.327 0 51 255
-31.521 4.010 2.260 0 51 255
-31.455 4.568 1.837 0 0 255
-30.888 3.877 1.579 0 8 255
-31.496 4.034 2.236 0 42 255
-31.686 4.193 2.228 0 127 255
-31.788 4.119 2.326 0 0 255
-30.509 2.998 2.322 0 0 255
-31.547 4.564 1.917 0 0 255
-31.554 4.587 1.912 0 0 255
-31.720 4.205 2.292 0 8 255
-30.895 4.002 1.573 0 42 255
-30.895 3.981 1.580 0 255 127
-31.577 4.146 2.588 0 0 255
-31.846 4.134 2.273 0 0 255
-31.471 4.582 1.878 0 0 255
-30.498 2.978 2.331 0 0 255
-30.495 2.990 2.336 0 0 255
-30.718 3.653 2.452 0 0 255
-31.506 4.256 2.621 0 0 255
-31.522 4.302 2.492 0 246 255
-31.666 4.148 2.323 0 102 255
-30.863 4.280 1.908 0 0 255
-31.529 4.295 2.442 0 34 255
-31.544 4.315 2.439 0 0 255
-30.815 4.444 1.936 0 0 255
-31.259 3.935 2.151 0 255 97
-30.912 3.904 1.772 0 0 255
-31.247 3.983 2.093 0 255 153
-30.870 4.468 1.974 0 25 255
-31.476 4.456 2.062 0 204 255
-31.056 3.986 2.118 0 0 255
-31.087 3.979 2.146 0 0 255
-31.052 3.843 2.303 0 8 255
-31.708 4.225 2.343 0 0 255
-31.089 3.864 2.364 0 0 255
-31.485 4.527 1.997 0 8 255
-30.797 4.489 1.955 0 0 255
-30.811 4.480 1.972 0 68 255
-31.126 4.051 2.115 0 51 255
-30.717 3.052 2.242 0 110 255
-31.116 3.904 2.359 0 0 255
-30.645 3.055 2.234 0 0 255
-30.894 4.143 1.785 0 0 255
-31.802 4.286 2.269 0 17 255
-31.016 3.857 2.221 0 0 255
-31.066 3.976 2.272 0 0 255
-30.978 3.842 2.206 0 0 255
-30.757 4.248 1.765 0 93 255
-31.767 4.275 2.244 0 255 153
-31.514 4.536 1.969 0 8 255
-31.531 4.554 1.980 0 0 255
-30.103 3.369 2.103 0 246 255
-30.533 3.017 2.234 0 0 255
-31.480 4.543 1.951 0 0 255
-31.475 4.546 1.966 0 59 255
-31.021 3.970 2.163 0 0 255
-31.014 3.973 2.165 0 68 255
-30.835 3.974 2.150 0 0 255
-30.839 4.019 2.164 0 0 255
-30.901 3.992 2.179 0 0 255
-30.926 4.043 2.198 0 42 255
-30.502 3.106 2.212 0 0 255
-30.914 4.020 2.230 0 0 255
-31.005 3.897 2.233 0 0 255
-30.907 4.018 2.243 0 8 255
-30.059 3.330 2.167 0 8 255
-30.770 4.575 1.556 0 0 255
-30.861 4.536 1.918 0 0 255
-31.671 4.408 2.290 0 0 255
-30.862 4.558 1.915 0 25 255
-30.841 4.549 1.936 0 0 255
-30.082 3.407 2.177 0 144 255
-30.886 3.994 2.081 0 59 255
-31.845 4.484 2.282 0 59 255
-30.895 4.008 2.089 0 0 255
-31.777 4.295 2.294 0 0 255
-31.760 4.573 2.503 0 0 255
-31.770 4.660 2.262 0 0 255
-30.582 3.021 2.269 0 161 255
-31.752 4.572 2.546 0 0 255
-31.797 4.558 2.290 0 0 255
-30.875 4.704 1.839 0 0 255
-30.886 4.684 1.887 0 255 221
-31.738 4.533 2.555 0 0 255
-29.963 3.310 2.150 0 42 255
-30.532 3.067 2.260 0 0 255
-31.705 4.273 2.251 0 238 255
-30.858 4.737 1.882 0 8 255
-31.731 4.629 2.577 0 0 255
-30.833 4.000 2.263 0 51 255
-30.875 4.021 2.243 0 17 255
-31.765 4.564 2.291 0 0 255
-30.533 3.074 2.364 0 0 255
-31.734 4.597 2.566 0 0 255
-31.817 4.557 2.257 0 102 255
-30.906 4.718 1.916 0 255 161
-30.517 3.084 2.372 0 51 255
-30.810 4.035 2.262 0 68 255
-30.992 4.280 1.962 0 255 68
-30.858 4.696 1.920 0 255 182
-30.881 4.691 1.933 0 255 195
-31.757 4.684 2.587 0 0 255
-31.785 4.705 2.594 0 0 255
-31.656 4.294 2.280 0 0 255
-31.761 4.614 2.270 0 51 255
-31.756 4.665 2.284 0 25 255
-31.486 4.451 2.133 0 0 255
-31.469 4.408 2.585 0 0 255
-31.479 4.420 2.601 0 59 255
-30.218 3.140 2.152 0 255 216
-30.284 3.113 2.171 0 110 255
-30.495 3.988 1.741 0 51 255
-31.454 4.498 2.084 0 0 255
-30.263 3.966 1.672 0 0 255
-30.815 4.070 2.300 0 0 255
-30.785 4.050 2.332 0 25 255
-30.805 4.083 2.321 0 34 255
-30.260 3.124 2.229 0 17 255
-31.026 4.303 2.024 0 25 255
-31.022 4.313 2.007 0 8 255
-30.608 4.289 1.616 0 0 255
-30.446 3.948 1.564 0 8 255
-31.431 4.409 2.193 0 34 255
-30.309 3.963 1.572 0 153 255
-30.875 4.307 1.943 0 93 255
-30.440 3.981 1.721 0 8 255
-31.168 4.246 2.155 0 0 255
-30.204 3.212 2.136 0 136 255
-31.560 4.150 2.322 0 42 255
-30.726 4.241 1.735 0 0 255
-30.727 4.262 1.731 0 0 255
-31.546 4.229 2.293 0 34 255
-30.564 4.280 1.637 0 0 255
-30.353 3.967 1.579 0 25 255
-31.137 4.228 2.088 0 17 255
-30.476 4.181 1.671 0 25 255
-30.245 3.246 2.124 0 68 255
-30.208 3.224 2.104 0 85 255
-30.310 3.846 1.619 0 0 255
-30.252 4.185 1.545 0 127 255
-30.230 4.234 1.519 0 212 255
-30.268 3.895 1.656 0 76 255
-30.357 4.141 1.624 0 8 255
-30.391 4.219 1.585 0 0 255
-30.403 4.329 1.615 0 255 212
-30.552 3.968 1.942 0 153 255
-31.720 4.731 2.319 0 0 255
-30.258 3.204 2.179 0 0 255
-30.523 3.947 1.991 0 144 255
-31.460 4.375 2.229 0 76 255
-31.446 4.388 2.235 0 8 255
-31.446 4.374 2.261 0 17 255
-30.256 4.140 1.541 0 51 255
-30.241 4.135 1.554 0 153 255
-30.202 4.182 1.542 0 0 255
-30.230 4.124 1.571 0 8 255
-30.093 3.299 2.274 0 0 255
-30.280 3.219 2.188 0 42 255
-31.577 4.291 2.314 0 42 255
-30.269 4.202 1.576 0 255 178
-30.312 4.248 1.565 0 255 242
-30.064 3.366 2.275 0 59 255
-31.731 4.527 2.552 0 8 255
-31.508 4.261 2.338 0 0 255
-31.500 4.318 2.312 0 8 255
-31.634 4.406 2.497 0 0 255
-29.968 3.302 2.249 0 42 255
-31.706 4.469 2.498 0 0 255
-30.479 4.050 1.982 0 178 255
-31.661 4.473 2.537 0 59 255
-31.714 4.495 2.540 0 8 255
-31.653 4.513 2.531 0 0 255
-30.399 3.988 1.576 0 8 255
-30.354 3.085 2.239 0 42 255
-31.751 4.731 2.596 0 0 255
-30.052 3.364 2.258 0 0 255
-30.044 3.413 2.229 0 153 255
-30.433 4.017 1.955 0 110 255
-30.455 3.963 2.005 0 8 255
-30.339 4.101 2.034 0 68 255
-31.148 3.838 2.461 0 51 255
-30.397 4.001 1.957 0 255 204
-30.020 3.294 2.327 0 0 255
-30.000 3.331 2.344 0 51 255
-30.413 4.113 1.578 0 0 255
-30.445 3.850 1.984 0 59 255
-29.985 3.341 2.355 0 51 255
-30.462 4.322 1.668 0 0 255
-30.077 3.893 1.676 0 59 255
-30.424 4.373 1.671 0 127 255
-30.421 3.909 1.957 0 255 212
-30.074 3.471 2.245 0 59 255
-31.697 3.840 2.436 0 0 255
-30.397 3.083 2.339 0 0 255
-30.031 4.046 1.595 0 76 255
-30.404 4.336 1.690 0 0 255
-30.802 4.079 2.359 0 0 255
-30.038 4.090 1.574 0 255 250
-30.422 4.003 1.582 0 119 255
-30.064 3.917 1.647 0 255 106
-30.124 3.964 1.644 0 0 255
-30.112 4.017 1.622 0 0 255
-30.415 4.019 1.623 0 8 255
-30.409 4.072 2.024 0 17 255
-30.410 4.110 2.004 0 0 255
-30.290 3.092 2.279 0 8 255
-30.517 4.247 1.999 0 0 255
-30.809 4.117 2.398 0 0 255
-30.474 4.200 2.037 0 0 255
-30.059 4.062 1.582 0 255 165
-30.093 4.070 1.600 0 8 255
-29.925 4.331 1.491 0 25 255
-29.969 4.251 1.501 0 0 255
-30.587 3.895 1.857 0 17 255
-30.730 4.304 1.913 0 0 255
-30.043 4.184 1.496 0 0 255
-29.946 3.898 1.869 0 0 255
-29.965 3.913 1.872 0 17 255
-29.933 3.944 1.896 0 76 255
-31.660 4.010 2.356 0 51 255
-31.825 4.490 2.153 0 0 255
-30.356 4.078 1.619 0 51 255
-29.949 4.279 1.505 0 0 255
-31.651 4.019 2.403 0 34 255
-29.853 4.041 1.814 0 59 255
-30.391 4.137 2.092 0 255 165
-29.868 3.992 1.850 0 0 255
-30.454 4.298 2.074 0 0 255
-31.651 4.070 2.383 0 8 255
-30.373 4.339 2.085 0 34 255
-29.742 4.019 1.813 0 17 255
-30.317 4.153 2.138 0 25 255
-31.584 4.067 2.384 0 8 255
-30.373 4.320 2.078 0 0 255
-29.759 4.102 1.807 0 17 255
-30.366 4.122 2.036 0 34 255
-30.379 4.169 2.050 0 178 255
-31.748 4.486 2.266 0 34 255
-28.940 2.961 1.298 0 0 255
-29.634 3.649 1.004 0 0 255
-30.269 4.064 1.531 0 0 255
-30.724 4.157 2.452 0 0 255
-28.948 2.957 1.321 0 8 255
-31.628 3.997 2.463 0 0 255
-29.635 3.630 0.985 0 0 255
-29.084 2.848 1.409 0 0 255
-30.721 4.129 2.505 0 0 255
-29.075 2.866 1.438 0 0 255
-29.614 3.869 1.476 0 0 255
-30.207 4.112 1.571 0 42 255
-30.295 4.350 2.135 0 0 255
-30.301 4.371 2.153 0 0 255
-30.718 4.188 2.547 0 8 255
-30.706 4.196 2.598 0 0 255
-30.681 4.198 2.596 0 0 255
-30.717 4.220 2.602 0 0 255
-30.687 4.220 2.576 0 127 255
-29.415 2.807 1.599 0 110 255
-30.710 4.245 2.593 0 0 255
-30.680 4.420 1.549 0 0 255
-29.453 3.052 1.671 0 8 255
-30.728 4.515 1.530 0 0 255
-30.723 4.498 1.558 0 0 255
-29.592 3.196 1.776 0 119 255
-30.306 4.002 1.639 0 0 255
-29.374 3.239 1.671 0 25 255
-29.445 3.203 1.681 0 0 255
-29.469 3.103 1.678 0 42 255
-30.679 4.421 1.564 0 8 255
-30.400 4.274 2.032 0 25 255
-30.257 4.034 1.635 0 136 255
-30.750 4.538 1.553 0 8 255
-30.717 4.578 1.524 0 0 255
-29.266 3.105 1.732 0 34 255
-31.719 3.918 2.583 0 0 255
-29.286 3.051 1.743 0 51 255
-29.280 3.188 1.693 0 8 255
-30.505 4.402 1.679 0 0 255
-29.270 3.157 1.725 0 68 255
-29.405 2.785 1.692 0 255 229
-29.133 3.031 1.787 0 0 255
-29.318 3.267 1.707 0 0 255
-31.654 3.966 2.537 0 8 255
-29.223 3.110 1.788 0 0 255
-29.219 3.218 1.722 0 255 221
-29.199 3.266 1.705 0 0 255
-29.111 3.091 1.735 0 195 255
-29.621 3.304 1.946 0 59 255
-29.067 2.965 1.796 0 0 255
-29.625 2.931 1.778 0 0 255
-31.604 3.974 2.550 0 8 255
-30.472 3.923 1.718 0 0 255
-29.062 3.079 1.747 0 0 255
-29.048 3.092 1.761 0 0 255
-29.613 3.408 1.922 0 34 255
-29.117 3.103 1.775 0 0 255
-29.607 3.405 1.866 0 17 255
-30.536 4.394 1.742 0 25 255
-30.363 3.923 1.660 0 76 255
-31.714 3.962 2.598 0 0 255
-29.384 2.738 1.865 0 0 255
-29.610 3.431 1.844 0 85 255
-30.110 4.365 2.225 0 0 255
-29.539 3.442 1.873 0 0 255
-31.701 3.978 2.509 0 8 255
-31.710 4.019 2.503 0 25 255
-30.489 4.469 1.719 0 0 255
-31.662 4.000 2.524 0 17 255
-30.483 4.489 1.718 0 8 255
-29.626 3.559 1.682 0 0 255
-29.215 2.770 1.619 0 0 255
-29.136 3.456 1.637 0 0 255
-29.556 3.541 1.991 0 0 255
-30.474 4.617 1.622 0 0 255
-29.566 3.351 1.993 0 255 165
-30.311 3.917 1.666 0 8 255
-29.547 3.462 2.046 0 0 255
-29.529 3.476 2.030 0 8 255
-29.530 3.443 2.076 0 68 255
-29.601 3.364 1.999 0 136 255
-31.623 4.079 2.557 0 51 255
-31.594 4.089 2.580 0 59 255
-29.310 3.409 1.805 0 0 255
-29.644 2.828 1.998 0 8 255
-29.385 3.548 1.985 0 34 255
-31.540 3.838 2.419 0 0 255
-29.339 3.427 1.863 0 59 255
-29.346 3.327 1.785 0 8 255
-29.323 3.510 1.903 0 25 255
-29.334 3.450 1.860 0 42 255
-30.621 4.412 2.061 0 0 255
-29.149 3.620 1.915 0 0 255
-29.264 3.316 1.751 0 255 238
-29.278 3.342 1.782 0 42 255
-29.288 3.555 1.902 0 25 255
-29.139 2.806 1.690 0 0 255
-29.334 3.576 1.997 0 229 255
-29.224 3.299 1.690 0 0 255
-30.643 4.458 2.141 0 0 255
-29.328 2.955 1.695 0 34 255
-29.319 2.964 1.694 0 85 255
-29.313 3.626 1.978 0 221 255
-29.291 3.580 2.021 0 0 255
-29.178 3.616 1.934 0 255 182
-29.166 3.625 1.943 0 255 187
-29.188 3.608 1.973 0 0 255
-29.463 3.743 1.936 0 0 255
-30.419 4.447 1.699 0 0 255
-29.358 3.532 1.949 0 255 187
-29.268 3.572 1.968 0 255 191
-31.565 4.086 2.369 0 0 255
-29.170 2.968 1.759 0 17 255
-29.145 3.382 1.689 0 255 136
-29.132 3.385 1.694 0 255 178
-29.268 3.717 2.045 0 42 255
-29.152 3.670 2.003 0 34 255
-31.487 4.091 2.416 0 0 255
-29.530 3.107 1.652 0 42 255
-31.551 4.021 2.445 0 8 255
-31.538 4.026 2.446 0 8 255
-28.821 3.553 1.775 0 0 255
-29.344 3.426 2.016 0 8 255
-30.596 4.397 2.124 0 0 255
-29.353 2.809 1.861 0 85 255
-30.485 4.409 2.121 0 0 255
-29.110 3.731 1.954 0 0 255
-30.468 4.551 1.709 0 0 255
-30.437 4.593 1.702 0 255 182
-29.259 3.479 2.051 0 0 255
-29.503 3.110 1.666 0 255 242
-30.594 4.476 2.157 0 0 255
-31.529 4.081 2.418 0 17 255
-29.061 3.666 1.880 0 34 255
-29.050 3.669 1.869 0 85 255
-29.138 3.737 2.019 0 0 255
-29.008 3.714 1.907 0 255 195
-29.312 2.858 1.912 0 42 255
-29.003 3.724 1.915 0 8 255
-29.090 3.664 1.899 0 0 255
-30.542 4.498 2.177 0 0 255
-30.474 4.811 1.715 0 0 255
-28.820 3.749 1.726 0 42 255
-28.840 3.737 1.861 0 127 255
-29.011 3.637 1.874 0 0 255
-30.572 4.462 2.199 0 0 255
-30.544 4.497 2.191 0 0 255
-31.557 3.940 2.530 0 0 255
-28.959 3.695 1.866 0 0 255
-30.435 4.800 1.664 0 17 255
-29.530 3.190 1.580 0 255 191
-28.806 3.646 1.746 0 0 255
-30.343 4.394 2.078 0 25 255
-30.365 4.426 2.074 0 34 255
-30.346 4.400 2.094 0 102 255
-30.345 4.451 2.091 0 0 255
-30.361 4.429 2.098 0 0 255
-28.979 3.640 2.031 0 255 238
-28.959 3.689 2.024 0 0 255
-28.791 3.719 1.740 0 34 255
-30.437 4.791 1.688 0 0 255
-31.482 3.950 2.572 0 17 255
-30.422 4.805 1.705 0 0 255
-28.832 3.696 1.944 0 51 255
-28.933 3.702 1.893 0 255 242
-28.830 3.772 1.885 0 0 255
-28.806 3.780 1.732 0 8 255
-30.422 4.791 1.750 0 0 255
-29.458 3.171 1.652 0 255 221
-28.632 3.788 1.979 0 17 255
-29.058 3.733 1.976 0 85 255
-30.397 4.830 1.688 0 0 255
-30.147 4.645 2.024 0 0 255
-29.380 2.737 2.106 0 8 255
-29.479 3.643 1.904 0 255 148
-31.568 4.047 2.589 0 0 255
-31.558 4.110 2.604 0 127 255
-29.071 3.806 1.948 0 59 255
-29.039 3.823 1.964 0 0 255
-28.829 3.479 1.853 0 0 255
-29.279 2.733 2.325 0 51 255
-29.380 2.818 2.128 0 153 255
-29.326 2.773 2.220 0 187 255
-29.350 2.852 2.179 0 195 255
-29.210 2.751 2.241 0 0 255
-28.821 3.503 1.839 0 0 255
-29.549 3.256 2.204 0 255 136
-29.440 3.370 2.115 0 0 255
-31.690 4.207 2.357 0 255 221
-29.268 2.989 2.133 0 0 255
-28.910 3.770 1.951 0 8 255
-29.539 3.268 2.226 0 136 255
-29.535 3.271 2.240 0 51 255
-29.409 3.383 2.094 0 0 255
-29.381 3.373 2.132 0 0 255
-29.062 3.490 2.064 0 17 255
-29.912 4.419 2.266 0 0 255
-29.396 3.477 2.157 0 17 255
-28.958 3.556 2.007 0 59 255
-30.465 4.414 2.031 0 8 255
-28.837 3.801 1.907 0 93 255
-29.822 4.441 2.277 0 0 255
-29.791 4.426 2.286 0 25 255
-29.540 3.435 2.283 0 25 255
-28.927 3.722 2.017 0 93 255
-29.384 3.341 2.162 0 17 255
-29.641 3.541 2.228 0 17 255
-29.639 3.551 2.265 0 110 255
-30.284 4.444 2.027 0 0 255
-31.684 4.254 2.365 0 8 255
-30.094 4.738 2.034 0 8 255
-29.587 3.447 2.113 0 0 255
-29.587 3.454 2.115 0 42 255
-29.588 3.467 2.122 0 0 255
-31.706 4.297 2.380 0 17 255
-29.464 3.470 2.284 0 76 255
-29.998 4.829 2.013 0 8 255
-30.307 4.465 2.036 0 34 255
-29.550 3.458 2.092 0 255 229
-28.812 3.572 1.799 0 8 255
-31.589 4.259 2.368 0 25 255
-31.588 4.258 2.387 0 59 255
-29.623 3.533 2.298 0 255 204
-29.620 3.539 2.335 0 25 255
-31.689 4.281 2.423 0 17 255
-31.691 4.259 2.454 0 42 255
-29.967 4.848 2.058 0 0 255
-29.162 3.415 2.111 0 8 255
-29.972 4.878 2.015 0 0 255
-30.241 4.582 1.977 0 8 255
-30.228 4.550 2.003 0 0 255
-29.925 4.883 2.053 0 0 255
-31.626 4.316 2.415 0 17 255
-29.383 3.583 2.122 0 0 255
-29.062 3.463 2.107 0 0 255
-31.695 4.344 2.426 0 68 255
-31.652 4.353 2.424 0 59 255
-31.684 4.347 2.454 0 0 255
-29.244 3.428 2.111 0 0 255
-29.033 3.499 2.082 0 17 255
-29.046 3.513 2.102 0 25 255
-29.421 3.642 2.121 0 8 255
-30.421 4.787 1.775 0 0 255
-29.815 4.419 2.317 0 51 255
-29.838 4.416 2.325 0 0 255
-29.411 3.561 2.140 0 34 255
-28.994 3.681 2.364 0 8 255
-31.609 4.120 2.571 0 8 255
-30.471 4.839 1.750 0 0 255
-30.418 4.874 1.803 0 0 255
-31.583 4.136 2.609 0 0 255
-29.304 3.616 2.085 0 17 255
-29.051 3.661 2.488 0 68 255
-29.534 3.270 2.465 0 76 255
-30.159 4.607 2.002 0 0 255
-30.178 4.646 1.997 0 8 255
-29.663 4.431 2.300 0 0 255
-29.023 3.673 2.386 0 8 255
-29.028 3.693 2.404 0 0 255
-29.038 3.393 2.228 0 34 255
-28.421 3.782 1.691 0 0 255
-29.666 4.429 2.361 0 0 255
-29.661 4.433 2.350 0 42 255
-29.028 3.680 2.124 0 8 255
-29.514 3.231 2.506 0 246 255
-28.694 3.792 1.783 0 17 255
-28.389 3.572 1.769 0 0 255
-28.381 3.604 1.744 0 0 255
-29.083 3.643 2.572 0 25 255
-29.081 3.645 2.576 0 42 255
-28.972 3.674 2.133 0 17 255
-28.375 3.657 1.702 0 0 255
-28.387 3.654 1.732 0 255 242
-29.538 3.177 2.633 0 0 255
-28.416 3.722 1.714 0 17 255
-28.513 3.787 1.761 0 0 255
-30.021 4.870 2.009 0 0 255
-31.576 4.297 2.354 0 25 255
-28.445 3.820 1.718 0 59 255
-28.404 3.815 1.760 0 255 229
-28.404 3.835 1.767 0 238 255
-29.537 3.222 2.587 0 8 255
-29.514 3.221 2.617 0 255 225
-28.291 3.753 2.085 0 59 255
-28.422 3.806 1.784 0 42 255
-28.965 3.726 2.082 0 161 255
-28.980 3.711 2.133 0 204 255
-28.276 3.723 2.100 0 8 255
-28.262 3.752 2.099 0 34 255
-28.246 3.720 2.124 0 0 255
-29.556 3.044 0.484 0 8 255
-28.536 3.794 1.864 0 0 255
-29.274 3.815 2.083 0 255 233
-28.415 3.721 2.060 0 0 255
-28.951 3.749 2.071 0 17 255
-28.456 3.772 2.034 0 8 255
-28.644 3.766 1.757 0 0 255
-28.665 3.763 1.812 0 0 255
-30.539 3.917 2.121 0 42 255
-30.539 3.949 2.119 0 25 255
-30.520 3.961 2.114 0 34 255
-29.207 3.834 2.086 0 34 255
-29.196 4.059 2.065 0 68 255
-29.134 3.996 2.142 0 25 255
-30.515 3.949 2.153 0 0 255
-28.974 3.695 2.234 0 0 255
-29.006 3.691 2.260 0 68 255
-29.131 3.995 2.151 0 0 255
-28.098 3.725 2.154 0 0 255
-29.200 3.905 2.126 0 0 255
-29.357 3.992 2.163 0 0 255
-29.121 4.091 2.118 0 8 255
-30.481 3.919 2.175 0 0 255
-29.409 4.125 2.216 0 34 255
-29.023 3.657 2.346 0 17 255
-28.118 3.700 2.175 0 0 255
-29.149 4.097 2.057 0 34 255
-30.651 3.995 2.109 0 0 255
-29.488 3.058 0.431 0 0 255
-30.748 4.021 2.150 0 76 255
-28.599 3.772 1.775 0 255 242
-29.177 4.040 2.074 0 68 255
-29.161 3.985 2.117 0 0 255
-28.828 3.280 2.500 0 8 255
-29.276 4.348 2.130 0 25 255
-29.207 3.831 2.145 0 0 255
-28.962 3.731 2.329 0 0 255
-29.309 4.258 2.152 0 136 255
-29.339 4.304 2.133 0 17 255
-29.309 4.317 2.142 0 59 255
-29.024 3.318 2.409 0 34 255
-29.162 4.379 2.113 0 102 255
-29.070 3.324 2.405 0 110 255
-30.492 3.990 2.078 0 255 170
-29.016 3.348 2.404 0 0 255
-29.195 4.267 2.038 0 0 255
-28.607 3.745 1.883 0 17 255
-29.160 4.228 2.062 0 0 255
-28.672 3.242 2.535 0 59 255
-28.640 3.258 2.554 0 59 255
-30.493 4.016 2.149 0 0 255
-27.855 3.738 2.183 0 8 255
-29.080 4.073 2.104 0 0 255
-27.863 3.719 2.201 0 0 255
-29.433 2.855 1.338 0 0 255
-29.618 3.313 2.131 0 34 255
-27.833 3.716 2.169 0 0 255
-29.153 4.270 2.050 0 0 255
-29.002 4.049 2.113 0 68 255
-30.514 4.040 2.212 0 8 255
-29.117 4.320 2.053 0 0 255
-30.490 4.041 2.213 0 68 255
-28.616 3.831 1.854 0 0 255
-30.507 4.061 2.222 0 0 255
-28.844 3.285 2.466 0 25 255
-29.010 4.253 2.127 0 17 255
-29.559 3.324 2.182 0 102 255
-29.514 2.902 1.347 0 0 255
-28.748 3.296 2.496 0 0 255
-30.554 4.086 2.290 0 0 255
-29.051 4.225 2.093 0 8 255
-29.572 3.379 2.184 0 25 255
-29.038 4.208 2.122 0 0 255
-30.513 4.103 2.285 0 8 255
-28.801 3.830 1.897 0 93 255
-28.805 3.812 1.935 0 25 255
-28.717 4.040 2.054 0 0 255
-28.932 4.368 2.163 0 8 255
-29.421 2.877 1.329 0 0 255
-29.420 4.420 2.193 0 25 255
-28.781 4.063 2.031 0 0 255
-28.793 4.047 2.066 0 0 255
-28.753 4.058 2.056 0 76 255
-30.339 3.864 2.139 0 0 255
-28.272 3.998 1.615 0 51 255
-28.681 3.829 1.888 0 8 255
-29.203 4.025 2.036 0 8 255
-29.332 2.821 1.368 0 76 255
-31.618 3.228 2.895 0 0 255
-30.452 3.932 2.094 0 68 255
-28.375 3.841 1.729 0 0 255
-28.356 3.879 1.725 0 0 255
-28.272 4.040 1.676 0 0 255
-29.480 4.499 2.215 0 68 255
-31.558 3.228 2.699 0 0 255
-29.572 3.355 2.470 0 51 255
-31.790 3.317 2.721 0 59 255
-29.157 4.081 2.032 0 59 255
-31.729 3.342 2.727 0 0 255
-28.151 3.962 1.529 0 17 255
-28.601 3.768 1.920 0 51 255
-28.579 3.763 1.927 0 136 255
-31.560 3.319 2.769 0 8 255
-31.568 3.288 2.708 0 0 255
-29.616 3.322 2.509 0 0 255
-29.587 4.190 1.778 0 0 255
-29.217 3.331 2.355 0 0 255
-30.380 3.963 2.170 0 0 255
-28.150 3.980 1.472 0 144 255
-29.137 3.344 2.355 0 8 255
-31.614 3.293 2.774 0 0 255
-29.626 3.146 1.425 0 34 255
-29.553 4.615 2.252 0 0 255
-31.619 3.296 2.820 0 0 255
-31.672 3.698 2.734 0 0 255
-29.150 3.361 2.352 0 8 255
-29.587 4.143 1.824 0 0 255
-31.705 3.682 2.762 0 34 255
-28.157 4.029 1.522 0 8 255
-31.423 3.780 2.729 0 0 255
-30.274 3.900 2.136 0 0 255
-31.388 3.816 2.743 0 17 255
-31.767 3.564 2.972 0 0 255
-30.291 3.943 2.120 0 25 255
-31.577 3.631 2.799 0 0 255
-29.607 3.196 1.468 0 51 255
-31.624 3.656 2.744 0 0 255
-31.454 3.818 2.663 0 0 255
-31.248 3.535 2.685 0 0 255
-31.734 3.752 2.761 0 0 255
-31.598 3.635 2.774 0 0 255
-30.227 3.880 2.213 0 76 255
-30.873 3.689 2.731 0 25 255
-31.023 3.682 2.870 0 0 255
-29.614 3.266 1.489 0 255 255
-29.590 3.234 1.508 0 76 255
-31.754 3.789 2.730 0 0 255
-28.261 4.080 1.598 0 0 255
-29.107 4.410 2.144 0 0 255
-29.081 2.864 1.339 0 8 255
-30.007 3.480 2.797 0 51 255
-30.008 3.469 2.817 0 25 255
-30.469 4.026 2.135 0 25 255
-29.008 2.917 1.303 0 0 255
-31.017 3.710 2.891 0 0 255
-28.983 2.961 1.275 0 0 255
-30.032 3.465 2.764 0 25 255
-29.999 3.471 2.767 0 59 255
-30.048 3.519 2.864 0 8 255
-28.978 2.977 1.283 0 0 255
-30.042 3.531 2.897 0 25 255
-28.531 3.925 1.811 0 0 255
-29.974 3.487 2.717 0 8 255
-28.538 3.911 1.826 0 34 255
-29.016 2.871 1.359 0 0 255
-29.004 2.921 1.378 0 0 255
-29.981 3.799 2.624 0 0 255
-29.160 4.219 1.953 0 0 255
-30.050 3.558 2.981 0 0 255
-30.329 4.054 2.132 0 17 255
-29.782 3.832 2.701 0 0 255
-31.699 3.720 2.769 0 8 255
-30.091 3.589 2.925 0 0 255
-31.711 3.735 2.759 0 0 255
-28.322 3.842 1.746 0 17 255
-30.069 3.588 2.979 0 0 255
-29.169 4.145 2.011 0 102 255
-29.543 4.649 2.332 0 0 255
-29.912 2.877 2.726 0 0 255
-29.137 4.218 1.983 0 0 255
-31.738 3.839 2.676 0 0 255
-29.147 4.252 1.973 0 85 255
-29.140 4.197 2.011 0 76 255
-30.471 4.025 2.225 0 0 255
-30.406 4.026 2.224 0 0 255
-29.236 4.273 1.963 0 238 255
-29.236 4.260 1.979 0 255 114
-29.252 4.288 1.972 0 255 127
-29.264 4.272 1.995 0 0 255
-28.311 4.042 1.751 0 0 255
-31.742 3.694 2.862 0 0 255
-30.423 4.066 2.258 0 68 255
-28.366 4.003 1.803 0 17 255
-31.718 3.623 2.879 0 0 255
-28.383 4.015 1.791 0 0 255
-30.028 3.190 2.801 0 0 255
-29.991 3.173 2.849 0 0 255
-28.324 3.986 1.804 0 0 255
-28.323 4.013 1.795 0 0 255
-28.482 4.042 1.914 0 0 255
-31.696 3.863 2.719 0 8 255
-31.674 3.576 2.845 0 0 255
-31.444 3.853 2.671 0 0 255
-29.935 3.473 2.659 0 17 255
-31.623 3.604 2.854 0 0 255
-31.624 3.622 2.852 0 0 255
-31.707 3.697 2.860 0 8 255
-31.578 4.138 2.626 0 0 255
-28.922 3.958 1.829 0 8 255
-31.602 3.634 2.831 0 51 255
-31.593 3.648 2.853 0 0 255
-31.531 4.194 2.644 0 25 255
-28.890 4.047 1.867 0 255 221
-31.719 3.208 2.711 0 0 255
-31.507 4.235 2.642 0 0 255
-31.613 3.626 2.886 0 0 255
-29.013 3.846 1.933 0 0 255
-31.837 3.277 2.794 0 187 255
-31.461 4.286 2.692 0 76 255
-31.609 3.165 2.734 0 0 255
-31.636 3.185 2.725 0 0 255
-31.454 4.385 2.629 0 59 255
-31.450 4.336 2.679 0 0 255
-31.448 4.324 2.686 0 0 255
-28.935 3.878 1.962 0 0 255
-31.527 4.263 2.696 0 42 255
-31.619 3.249 2.744 0 0 255
-28.952 3.916 1.935 0 25 255
-31.456 4.327 2.698 0 8 255
-31.475 4.341 2.718 0 0 255
-31.456 4.339 2.743 0 0 255
-31.705 3.757 2.805 0 42 255
-28.827 3.934 1.941 0 0 255
-28.854 3.875 1.987 0 0 255
-31.697 3.812 2.794 0 8 255
-31.829 3.229 2.848 0 0 255
-31.457 4.448 2.633 0 17 255
-31.822 3.254 2.837 0 0 255
-31.853 3.270 2.848 0 42 255
-28.883 3.991 1.927 0 0 255
-28.826 4.013 1.916 0 25 255
-28.882 4.056 1.900 0 255 233
-31.430 4.460 2.681 0 0 255
-31.410 4.445 2.689 0 0 255
-28.754 3.884 1.878 0 42 255
-31.601 3.244 2.833 0 0 255
-31.619 3.268 2.872 0 0 255
-31.389 4.487 2.727 0 0 255
-28.622 3.872 1.763 0 8 255
-28.612 3.839 1.784 0 8 255
-28.616 3.906 1.791 0 8 255
-28.601 3.897 1.816 0 255 195
-31.747 4.731 2.653 0 0 255
-28.786 3.889 1.910 0 161 255
-28.774 3.838 1.924 0 8 255
-29.950 3.987 2.700 0 0 255
-28.790 3.963 1.900 0 0 255
-28.749 3.875 2.014 0 59 255
-29.840 3.858 2.617 0 0 255
-29.806 3.886 2.631 0 0 255
-28.787 3.914 2.005 0 0 255
-29.784 3.912 2.651 0 0 255
-28.607 4.069 1.982 0 0 255
-29.453 4.021 2.163 0 42 255
-29.771 3.864 2.663 0 0 255
-29.763 3.925 2.709 0 17 255
-29.519 4.019 2.195 0 255 216
-29.742 4.013 2.689 0 0 255
-29.464 4.044 2.235 0 34 255
-29.716 3.977 2.758 0 8 255
-29.466 4.089 2.191 0 255 174
-29.512 3.157 2.728 0 51 255
-29.535 3.182 2.748 0 0 255
-29.528 3.229 2.721 0 0 255
-29.411 4.084 2.245 0 17 255
-29.509 3.077 2.890 0 17 255
-29.235 3.896 2.079 0 0 255
-29.499 3.120 2.873 0 0 255
-29.372 2.953 3.179 0 0 255
-29.480 3.103 2.925 0 42 255
-29.436 3.037 3.038 0 0 255
-29.173 3.551 2.693 0 0 255
-29.152 3.563 2.700 0 0 255
-29.369 2.864 3.206 0 0 255
-31.064 4.001 1.835 0 8 255
