-23.054 7.816 0.714 0 255 131
-23.541 7.784 0.278 0 25 255
-23.372 7.736 1.515 0 255 80
-23.545 7.786 1.047 0 255 68
-23.494 7.930 1.230 0 255 89
-23.214 7.975 1.322 0 255 161
-23.156 7.852 0.526 0 0 255
-23.397 7.996 1.197 0 255 4
-23.151 7.671 0.435 0 255 89
-23.041 7.883 1.176 0 0 255
-23.240 7.698 0.308 0 255 80
-23.259 7.995 0.932 0 255 68
-23.249 7.979 0.233 0 255 119
-23.183 7.669 0.661 0 255 170
-23.215 7.742 1.434 0 255 12
-23.515 7.599 0.899 0 0 255
-23.128 7.621 0.402 0 255 102
-23.378 7.986 1.087 0 255 93
-23.443 7.917 1.312 0 255 68
-23.584 7.725 1.100 0 255 51
-23.437 7.968 1.140 0 255 29
-23.376 7.995 1.145 0 255 29
-23.396 7.944 1.347 0 255 55
-23.324 7.843 0.598 51 255 0
-23.085 7.614 0.233 0 255 225
-23.547 7.882 1.145 0 255 119
-23.164 7.921 0.774 0 255 110
-23.361 7.994 1.101 0 255 89
-23.315 7.980 1.470 0 255 55
-23.503 7.915 1.250 0 255 68
-23.585 7.707 0.653 0 8 255
-23.125 7.629 0.362 0 255 97
-23.457 7.872 0.551 0 255 38
-23.157 7.915 0.781 0 255 136
-23.243 8.004 1.031 0 255 46
-23.521 7.755 0.838 0 255 63
-23.518 7.736 0.620 0 0 255
-23.035 7.920 0.856 0 255 93
-23.389 7.845 1.502 17 255 0
-23.210 7.974 0.821 0 255 59
-23.142 7.964 0.779 0 255 148
-23.445 7.970 1.181 46 255 0
-23.154 7.667 0.391 0 255 89
-23.510 7.753 0.511 0 255 131
-23.602 7.876 0.983 0 255 68
-23.442 7.970 1.234 0 255 55
-23.236 7.988 0.839 0 0 255
-23.574 7.919 1.250 0 255 12
-23.549 7.790 0.382 0 255 153
-23.035 7.761 0.858 0 255 97
-23.529 7.876 1.052 0 255 29
-23.139 7.975 1.033 0 255 68
-23.310 7.859 1.564 0 25 255
-23.436 7.944 0.774 0 255 42
-23.178 7.686 0.422 0 255 93
-23.488 7.919 1.109 0 255 76
-23.165 7.981 1.253 0 255 63
-23.200 7.994 1.189 0 255 34
-23.321 7.891 0.555 21 255 0
-23.420 7.964 1.010 0 255 29
-23.483 7.823 1.070 119 255 0
-23.489 7.669 0.845 0 255 114
-23.165 7.631 0.665 0 255 174
-23.239 7.607 0.675 0 255 140
-23.459 7.928 0.989 0 255 153
-23.228 8.007 1.162 0 255 29
-23.254 7.958 0.386 0 255 4
-23.186 7.984 1.242 0 255 102
-23.150 7.674 0.476 0 255 63
-23.170 7.668 0.704 0 255 212
-23.465 7.904 0.692 0 255 46
-23.154 7.990 1.141 0 255 187
-23.277 7.968 1.512 0 255 63
-23.377 8.044 1.254 0 255 12
-23.275 7.986 1.479 0 255 51
-23.215 7.996 1.058 0 255 59
-23.591 7.798 0.952 0 255 114
-23.172 7.849 0.312 0 204 255
-23.195 7.545 0.846 0 255 165
-23.320 8.036 1.293 0 255 17
-23.336 7.954 1.385 0 255 38
-23.031 7.820 1.007 0 0 255
-23.558 7.928 1.218 0 255 42
-23.417 7.988 1.154 0 255 42
-23.373 7.801 0.482 0 0 255
-23.502 7.811 0.739 0 255 72
-23.227 7.954 1.526 0 255 153
-23.388 7.687 1.422 255 250 0
-23.267 7.933 0.547 0 255 51
-23.164 7.883 1.379 0 255 55
-23.380 7.976 0.903 0 255 29
-22.930 7.800 1.078 0 255 55
-23.261 7.967 0.239 0 255 89
-23.166 7.986 0.869 0 255 106
-23.549 7.777 0.976 0 25 255
-23.476 7.930 1.040 0 255 114
-23.536 7.760 0.754 0 25 255
-23.411 8.020 1.262 0 255 76
-23.256 7.981 1.469 0 255 42
-23.487 7.787 1.522 0 255 89
-23.303 8.028 1.291 0 255 68
-23.213 7.572 0.845 0 42 255
-23.081 7.964 1.103 0 255 80
-23.463 7.963 1.179 0 255 51
-23.185 7.637 0.293 0 255 131
-23.348 7.995 0.848 0 255 68
-23.500 7.886 0.282 0 255 80
-23.151 7.912 0.790 0 255 144
-23.595 7.740 1.041 0 0 255
-23.315 7.960 1.536 0 255 80
-23.352 7.983 1.051 0 255 21
-23.284 8.012 1.301 0 255 97
-23.348 7.862 0.521 0 255 42
-22.971 7.834 1.176 0 255 72
-23.088 7.881 1.018 0 255 136
-23.531 7.800 0.618 0 255 114
-23.319 7.812 0.555 0 187 255
-23.645 7.865 1.149 0 255 55
-23.166 7.503 0.822 0 255 178
-23.288 7.927 0.661 0 255 4
-23.047 7.722 1.150 0 255 89
-23.619 7.650 1.083 55 255 0
-23.335 7.838 0.512 0 255 89
-23.356 7.966 1.493 0 255 80
-23.428 7.972 1.157 0 255 29
-23.531 7.787 0.396 0 255 0
-23.351 7.965 1.447 0 255 46
-23.432 7.967 0.787 0 255 38
-23.243 7.956 1.525 0 255 225
-23.264 7.963 1.334 0 255 178
-23.498 7.838 0.848 21 255 0
-23.267 8.009 1.290 0 255 51
-23.267 7.992 0.866 0 255 46
-23.130 7.828 0.387 0 255 170
-23.422 7.961 0.847 0 255 51
-23.202 7.991 1.023 0 255 76
-23.105 7.893 1.310 0 0 255
-23.068 7.948 1.279 0 255 93
-23.284 7.994 0.778 0 255 12
-23.303 8.006 1.337 0 255 148
-23.077 7.924 1.247 0 93 255
-23.489 7.742 0.959 0 0 255
-23.536 7.857 1.236 0 255 110
-23.166 7.688 1.487 51 255 0
-23.131 7.975 0.920 0 0 255
-23.145 7.758 0.522 0 255 144
-23.200 7.991 0.861 0 255 55
-23.458 7.963 1.142 0 255 68
-23.415 7.989 1.168 0 255 29
-23.022 7.856 1.085 0 0 255
-23.194 7.616 0.580 0 255 212
-23.384 7.895 0.496 0 255 0
-23.488 7.890 0.804 0 255 89
-23.084 7.828 1.297 0 255 140
-23.507 7.825 0.992 0 255 140
-23.502 7.925 1.183 0 255 80
-23.370 7.925 1.474 0 255 148
-23.038 7.898 0.887 0 255 106
-23.293 8.034 1.237 0 255 63
-23.502 7.885 0.327 0 255 59
-23.406 8.006 1.324 0 255 4
-23.194 7.983 0.834 0 255 102
-23.112 7.592 0.798 0 25 255
-23.599 7.807 0.859 12 255 0
-23.359 8.038 1.305 0 255 21
-23.196 7.866 0.257 0 229 255
-23.171 7.970 1.289 0 255 123
-23.246 7.971 1.433 0 255 165
-23.508 7.821 0.860 0 255 216
-23.352 7.922 1.548 0 255 123
-23.295 7.958 0.233 25 255 0
-23.199 7.729 1.532 0 255 199
-23.491 7.849 0.414 0 255 4
-23.546 7.908 1.179 0 255 38
-23.326 7.957 1.435 0 255 17
-23.144 7.981 0.943 0 255 144
-23.563 7.764 1.174 0 0 255
-23.337 7.963 0.280 0 255 110
-23.544 7.810 1.278 0 0 255
-23.461 7.942 1.389 0 255 216
-23.196 7.810 0.295 0 255 233
-23.110 7.988 1.150 0 255 157
-23.417 7.636 0.875 0 255 76
-23.146 7.946 1.285 0 255 153
-23.300 7.996 0.858 0 255 34
-23.370 7.722 1.484 0 34 255
-23.022 7.883 1.270 0 255 97
-23.036 7.808 0.789 0 255 85
-23.323 7.962 1.439 0 255 72
-23.498 7.967 0.788 0 255 42
-23.068 7.863 1.027 0 255 148
-23.082 7.903 1.255 0 51 255
-23.126 7.839 0.668 0 8 255
-23.564 7.723 0.664 0 0 255
-23.047 7.917 0.883 0 255 119
-23.419 7.858 1.332 0 178 255
-23.186 7.824 0.348 0 8 255
-23.234 7.938 0.662 0 255 17
-23.547 7.833 0.489 0 0 255
-23.211 8.004 1.159 0 255 29
-23.189 7.975 0.985 0 255 93
-23.252 7.914 0.470 0 255 89
-23.036 7.784 0.823 0 255 140
-23.315 7.944 0.367 0 255 97
-23.149 7.930 1.510 0 255 59
-23.173 7.626 0.893 0 255 148
-23.126 7.650 0.899 0 255 144
-23.474 7.938 1.021 0 255 80
-23.436 7.874 0.568 0 255 42
-23.503 7.950 0.753 0 255 80
-23.363 7.914 1.507 0 255 76
-23.303 7.928 0.556 0 255 12
-23.447 7.924 0.955 0 255 97
-23.497 7.830 0.519 0 255 4
-23.336 7.949 0.305 0 255 34
-23.531 7.851 0.629 0 255 157
-23.267 8.004 1.067 0 255 34
-23.131 7.763 1.499 0 255 182
-23.289 7.965 1.521 0 0 255
-23.271 7.983 1.478 0 255 63
-23.324 7.840 0.464 0 255 123
-23.425 7.958 0.990 106 255 0
-23.567 7.695 0.787 25 255 0
-23.141 7.843 1.535 0 255 123
-23.388 7.875 0.594 0 255 55
-23.227 7.993 0.971 0 93 255
-23.254 7.940 1.548 0 255 119
-23.303 7.999 1.172 0 8 255
-23.333 7.948 0.278 0 255 140
-23.200 7.990 0.971 0 255 72
-23.265 8.012 1.194 0 255 38
-23.312 7.931 0.458 4 255 0
-23.340 7.869 0.398 0 255 80
-23.420 7.744 0.277 0 255 204
-23.144 7.984 1.185 0 255 51
-23.259 7.999 1.017 0 255 46
-23.531 7.859 0.739 0 255 157
-23.231 8.002 1.088 0 255 46
-23.541 7.928 0.951 0 255 68
-23.176 7.639 0.738 0 255 119
-23.500 7.775 0.824 0 255 97
-23.132 7.709 1.184 255 252 0
-23.468 7.881 0.965 38 255 0
-23.318 7.986 0.931 0 255 29
-23.478 7.880 0.379 0 255 12
-23.299 7.996 1.031 0 255 46
-23.227 7.995 1.001 0 51 255
-23.385 7.838 1.388 0 0 255
-22.978 7.741 1.098 0 255 119
-23.300 7.893 1.587 0 255 157
-23.491 7.827 1.029 4 255 0
-23.257 7.994 0.976 0 255 51
-23.417 7.887 0.520 0 255 123
-23.470 7.925 1.002 0 255 85
-23.254 7.989 0.827 0 255 51
-23.442 7.875 0.557 0 255 80
-23.137 7.638 0.225 0 255 106
-23.528 7.882 1.138 0 255 85
-23.318 8.000 1.046 0 255 38
-23.519 7.794 0.763 0 136 255
-23.563 7.916 0.818 4 255 0
-23.257 7.980 1.460 0 42 255
-23.403 7.905 0.618 8 255 0
-23.075 7.882 1.318 0 255 140
-23.114 7.944 0.975 0 255 187
-23.567 7.788 1.182 0 0 255
-23.201 7.990 1.242 0 255 38
-23.341 7.906 0.412 0 255 157
-23.284 7.768 1.609 102 255 0
-23.034 7.934 1.231 0 255 76
-23.307 7.981 0.798 0 255 29
-23.218 7.969 1.466 0 255 127
-23.534 7.885 1.131 0 255 4
-23.662 7.782 1.097 0 255 161
-23.411 7.981 1.450 0 255 68
-23.359 7.892 0.455 0 255 68
-23.154 7.974 1.027 0 255 51
-23.373 7.920 1.480 0 255 72
-23.473 7.922 0.734 0 255 42
-23.252 7.934 0.575 0 255 8
-23.597 7.749 1.124 0 0 255
-23.376 7.994 1.356 0 0 255
-23.324 7.892 0.422 51 255 0
-23.511 7.847 0.909 0 255 106
-23.117 7.764 0.547 0 255 119
-23.261 7.933 0.558 0 255 51
-23.220 7.997 1.431 0 17 255
-23.208 8.002 1.135 0 255 46
-23.350 7.978 1.488 0 255 85
-23.172 7.978 1.031 0 255 72
-23.189 7.888 0.221 0 255 136
-23.346 7.867 0.317 0 68 255
-23.591 7.745 0.875 0 255 76
-23.341 7.979 0.820 0 255 38
-23.098 7.935 0.766 0 255 140
-23.097 7.853 1.314 34 255 0
-23.546 7.826 1.080 0 255 102
-23.353 7.885 0.512 0 8 255
-23.057 7.686 0.986 0 0 255
-23.046 7.814 0.760 0 255 148
-23.160 7.681 0.590 0 255 76
-23.168 7.982 1.062 0 255 51
-23.556 7.837 1.117 0 255 123
-23.130 7.933 0.835 0 255 161
-23.160 7.679 0.389 0 255 106
-23.411 8.026 1.277 0 255 17
-23.452 7.942 0.895 0 255 34
-23.242 8.005 1.071 0 255 42
-23.151 7.926 1.455 0 255 29
-23.560 7.722 0.701 0 25 255
-23.136 7.970 1.237 0 255 89
-23.466 7.912 1.107 38 255 0
-23.239 7.998 1.229 0 255 63
-23.494 7.961 0.908 0 255 63
-23.248 7.980 1.442 0 136 255
-23.028 7.681 1.091 0 255 123
-23.385 8.014 1.196 0 255 12
-23.446 7.648 0.907 0 8 255
-23.152 7.620 0.856 0 255 157
-23.387 7.994 1.254 68 255 0
-23.498 8.028 1.260 0 255 46
-23.465 7.939 0.936 0 255 225
-23.236 7.959 0.471 0 0 255
-23.337 7.930 1.546 0 255 131
-23.322 7.733 1.539 0 93 255
-23.516 7.993 1.229 0 255 42
-23.490 7.880 1.129 0 255 12
-23.510 7.899 1.109 0 255 93
-23.180 7.583 0.884 0 229 255
-23.145 7.975 0.960 0 255 119
-23.452 7.958 1.237 0 255 34
-23.375 7.973 0.855 0 255 68
-23.368 7.958 1.499 0 255 68
-23.389 7.959 0.990 0 255 51
-23.508 7.781 0.678 0 255 21
-23.463 7.937 1.449 0 255 17
-23.244 8.011 1.230 0 255 55
-23.520 7.769 0.730 0 34 255
-23.146 7.944 1.271 0 255 102
-23.338 8.000 1.077 0 255 46
-23.416 7.752 1.471 0 255 221
-23.488 7.887 0.991 0 255 25
-23.325 7.920 0.401 0 255 127
-23.500 7.913 1.119 0 255 17
-23.401 7.979 1.104 12 255 0
-23.113 7.950 0.976 0 255 153
-23.265 7.959 1.407 0 255 110
-23.138 7.880 0.377 0 255 131
-23.474 7.926 0.753 0 255 21
-23.470 7.869 0.453 4 255 0
-23.242 7.982 0.745 0 255 119
-23.450 7.971 1.185 0 255 12
-23.497 7.982 1.155 0 255 46
-23.348 8.029 1.309 0 255 42
-23.476 7.880 0.381 0 255 12
-23.241 7.995 0.946 0 255 59
-23.211 7.942 0.460 0 153 255
-23.451 7.968 1.266 0 255 63
-23.275 7.978 1.505 0 255 97
-23.543 7.892 1.183 0 255 46
-23.165 7.924 0.406 0 255 153
-23.255 7.989 1.343 0 255 119
-23.423 7.981 1.202 0 255 21
-23.185 7.534 0.886 0 8 255
-23.053 7.926 1.086 0 255 97
-23.190 7.999 1.458 0 0 255
-23.516 7.871 0.320 0 255 4
-23.210 8.005 1.115 0 255 38
-23.152 7.529 0.789 0 0 255
-23.266 8.009 1.393 0 0 255
-23.238 7.955 0.212 0 255 97
-23.357 8.043 1.239 0 255 76
-23.222 7.936 0.466 0 255 144
-23.050 7.945 1.028 0 255 102
-23.082 7.553 0.318 0 255 85
-23.379 8.006 1.200 0 255 21
-23.360 8.019 1.319 0 255 85
-23.128 7.969 1.223 0 255 106
-23.427 7.894 1.356 0 204 255
-23.541 7.837 0.756 0 255 233
-22.994 7.922 1.130 0 255 55
-23.038 7.872 0.918 0 255 76
-23.104 7.964 0.902 0 255 63
-23.321 8.002 1.079 0 255 17
-23.343 7.842 0.345 0 0 255
-23.216 7.989 1.236 0 255 89
-23.488 7.929 1.200 0 255 97
-23.280 8.011 1.171 0 255 12
-23.130 7.541 0.762 0 0 255
-22.959 7.747 1.044 0 255 216
-23.208 7.996 1.016 0 255 76
-23.228 7.993 0.947 0 255 25
-23.501 7.867 0.450 4 255 0
-23.548 7.621 0.745 0 8 255
-23.554 7.802 0.223 0 255 136
-23.455 7.872 0.570 0 255 38
-23.474 7.847 1.528 0 255 80
-23.320 7.926 0.457 0 255 110
-23.153 7.935 0.900 0 255 123
-23.156 7.741 1.265 255 250 0
-23.076 7.526 0.318 0 255 153
-23.243 7.995 0.940 0 255 89
-23.414 7.872 1.373 0 0 255
-23.269 8.014 1.274 0 255 63
-23.428 7.993 1.209 0 255 17
-23.486 7.881 0.842 0 255 38
-23.142 7.875 0.662 0 238 255
-23.160 7.985 1.090 0 255 59
-23.360 7.909 1.373 0 255 131
-23.261 8.007 1.364 0 144 255
-23.529 7.958 1.212 0 255 29
-23.443 7.928 0.869 0 255 29
-23.195 7.916 1.432 0 119 255
-23.641 7.726 1.096 0 255 72
-23.373 8.034 1.294 4 255 0
-23.551 7.857 1.239 0 255 25
-23.639 7.841 1.282 0 255 63
-23.443 7.969 1.251 4 255 0
-23.264 7.961 1.518 0 255 93
-23.321 7.850 1.548 0 8 255
-23.149 7.900 1.546 0 255 46
-23.399 7.760 1.420 0 0 255
-23.507 7.852 1.544 0 255 72
-23.098 7.873 0.982 0 85 255
-23.252 7.968 0.701 0 255 97
-23.338 7.956 0.629 0 255 38
-23.114 7.968 0.822 0 255 221
-23.410 8.017 1.279 0 255 4
-23.348 7.995 1.059 0 255 51
-23.390 8.026 1.236 0 255 51
-23.247 8.005 1.226 0 255 93
-23.496 7.763 0.981 0 25 255
-23.400 7.819 0.411 0 255 174
-23.043 7.820 0.793 0 255 136
-23.425 7.756 1.497 0 0 255
-23.092 7.976 1.041 0 255 144
-23.498 7.920 1.254 0 255 59
-23.343 7.821 0.381 0 8 255
-23.288 7.996 1.048 0 255 42
-23.178 7.874 0.379 0 0 255
-23.335 8.002 1.140 0 255 89
-23.282 7.985 0.753 0 255 76
-23.154 7.874 0.641 0 255 106
-23.273 7.998 1.019 0 255 42
-23.377 7.955 1.347 0 255 46
-23.282 7.707 1.563 233 255 0
-23.450 7.960 1.091 0 255 17
-23.411 7.970 1.058 0 255 72
-23.176 7.989 1.076 0 255 127
-23.362 7.875 0.645 0 255 131
-23.498 7.848 0.823 8 255 0
-23.127 7.938 1.075 0 255 127
-23.292 7.998 1.033 0 255 42
-23.491 7.771 1.555 0 255 80
-23.454 7.879 0.307 0 255 85
-23.494 7.925 1.269 0 255 114
-22.931 7.786 1.022 0 85 255
-23.470 7.908 0.733 0 255 68
-23.415 7.948 0.791 4 255 0
-23.294 7.997 0.990 0 255 46
-23.205 7.951 1.414 0 255 204
-23.143 7.658 0.519 0 255 63
-23.275 7.958 0.393 0 255 12
-23.330 7.895 0.563 0 255 157
-23.578 7.848 1.147 0 255 85
-23.476 7.890 0.947 0 255 123
-23.403 8.025 1.269 0 255 63
-23.400 7.985 1.329 0 255 34
-23.351 7.834 1.504 0 255 123
-23.192 7.604 0.541 0 255 174
-23.522 7.831 0.520 0 255 131
-22.927 7.805 1.050 0 255 76
-23.416 8.037 1.165 0 255 127
-23.414 7.955 1.332 0 255 106
-23.368 7.784 1.489 0 255 106
-23.549 7.825 0.654 0 0 255
-23.094 7.952 1.241 0 144 255
-23.184 7.994 1.161 0 255 38
-23.324 7.910 0.563 0 255 17
-23.246 7.974 1.512 0 255 80
-23.271 8.026 1.217 0 170 255
-23.489 7.873 1.020 0 255 55
-23.021 7.778 1.170 34 255 0
-23.547 7.776 1.132 0 255 21
-23.233 7.986 1.473 0 255 114
-23.319 7.991 1.014 0 255 12
-23.233 8.006 1.157 0 255 85
-23.100 7.553 0.767 0 0 255
-23.245 7.991 0.984 0 255 80
-23.324 8.037 1.249 0 255 72
-23.326 7.963 0.676 0 255 29
-23.512 7.738 0.635 0 0 255
-22.959 7.874 1.118 0 255 17
-23.326 7.988 0.995 0 255 51
-23.117 7.726 0.692 0 255 161
-23.224 7.938 0.357 0 255 114
-23.438 7.988 1.200 0 255 38
-23.582 7.772 1.079 0 255 127
-23.392 7.876 0.319 0 0 255
-23.294 7.922 0.613 0 255 0
-23.225 7.978 1.320 0 255 127
-23.270 7.958 0.406 0 255 72
-23.412 7.868 0.290 0 0 255
-23.421 7.822 0.311 0 255 238
-23.573 7.767 1.014 0 255 63
-23.281 8.004 1.101 0 255 25
-23.207 7.779 1.347 42 255 0
-23.265 7.994 0.969 0 255 63
-23.268 7.978 1.501 0 255 72
-23.363 7.972 0.995 0 255 34
-23.171 7.701 0.507 0 255 89
-23.502 7.764 1.379 0 0 255
-23.502 7.709 0.847 0 255 38
-23.462 7.921 0.745 0 255 97
-23.274 8.024 0.932 0 85 255
-23.508 7.730 0.251 0 0 255
-23.320 7.989 0.931 0 255 34
-23.106 7.942 0.869 0 93 255
-23.334 7.974 1.453 0 255 55
-23.350 7.830 1.557 93 255 0
-23.086 7.651 1.115 0 255 119
-23.503 7.879 0.779 0 255 46
-23.364 7.999 1.166 0 255 34
-23.215 7.683 0.322 0 255 72
-23.326 7.833 0.282 0 0 255
-23.322 7.855 0.644 34 255 0
-23.522 7.906 1.179 0 255 51
-23.135 7.970 0.813 0 255 161
-23.410 7.957 0.928 0 255 25
-22.967 7.900 1.085 0 255 38
-23.275 7.970 1.518 0 68 255
-23.371 7.960 1.532 0 255 29
-23.155 7.965 0.707 0 51 255
-23.067 7.626 1.085 0 255 170
-23.261 7.960 0.271 0 85 255
-23.450 7.945 0.908 0 255 59
-23.165 7.984 1.080 0 255 89
-23.279 7.965 1.535 0 255 106
-23.190 7.665 0.240 0 255 238
-23.268 7.998 0.927 0 255 68
-23.376 7.925 1.517 0 255 80
-23.525 7.829 0.416 0 255 59
-23.457 7.920 0.926 0 221 255
-23.477 7.904 0.862 0 255 102
-23.272 7.943 0.607 0 255 38
-23.106 7.779 0.581 0 255 106
-23.505 7.920 1.111 0 255 93
-23.331 7.827 0.205 0 0 255
-23.509 7.719 0.584 0 17 255
-23.277 7.998 1.003 0 255 38
-23.347 7.984 1.069 0 255 4
-23.280 7.935 0.527 0 255 55
