-7.367 0.140 3.233 0 0 255
-7.443 0.303 2.700 0 255 153
-6.905 0.111 2.821 0 255 195
-7.349 0.172 2.126 0 0 255
-7.398 0.069 1.042 0 0 255
-7.420 0.168 3.260 0 0 255
-8.018 0.114 2.827 0 0 255
-6.984 0.103 3.289 0 0 255
-7.848 0.226 3.003 0 17 255
-7.321 0.299 2.552 0 255 225
-7.391 0.196 2.526 0 255 242
-6.912 0.104 3.039 0 8 255
-6.701 0.259 2.889 0 0 255
-6.706 -0.010 2.973 0 8 255
-6.743 -0.017 2.866 0 255 195
-8.019 0.093 3.074 0 0 255
-8.147 -0.002 2.914 0 25 255
-8.007 0.254 2.834 0 255 238
-7.986 0.213 3.296 0 8 255
-8.189 0.111 2.909 0 51 255
-8.090 0.342 2.924 0 51 255
-7.872 0.285 3.015 0 34 255
-7.942 0.373 2.997 0 8 255
-8.158 0.100 2.872 0 255 161
-6.936 0.053 3.277 0 0 255
-7.321 0.321 2.859 0 255 246
-6.817 -0.197 2.921 0 0 255
-7.402 0.180 0.354 0 8 255
-6.696 0.083 2.961 0 8 255
-7.348 0.132 1.665 0 110 255
-7.393 0.184 2.495 0 8 255
-6.954 0.140 2.959 0 17 255
-7.424 0.328 2.811 0 255 161
-7.377 0.065 1.089 0 0 255
-7.341 0.124 1.536 0 0 255
-7.357 0.125 1.288 0 17 255
-7.291 0.088 0.683 0 0 255
-7.878 0.175 3.144 0 8 255
-6.907 0.128 2.840 0 255 178
-7.068 0.095 3.257 0 0 255
-7.349 0.136 2.490 0 42 255
-7.362 0.122 1.262 0 59 255
-7.409 0.171 2.956 0 0 255
-7.330 0.315 2.896 0 255 225
-7.389 0.170 2.618 0 8 255
-7.414 0.151 0.583 0 0 255
-7.414 0.172 1.423 0 0 255
-7.347 0.304 2.579 0 255 199
-7.398 0.169 3.272 0 0 255
-7.423 0.118 1.033 0 0 255
-7.373 0.179 2.188 0 0 255
-7.605 0.222 3.287 0 0 255
-7.305 0.333 2.553 0 153 255
-7.855 0.215 3.323 0 0 255
-6.945 0.087 3.265 0 8 255
-7.379 0.317 2.690 0 255 246
-7.911 0.329 2.988 0 25 255
-7.019 0.060 3.244 0 0 255
-7.380 0.178 2.425 0 0 255
-7.429 0.321 2.696 0 255 225
-7.336 0.062 0.770 0 0 255
-7.143 0.124 3.303 0 0 255
-6.805 0.124 3.078 0 68 255
-7.836 0.279 2.907 0 68 255
-8.015 0.352 2.938 0 144 255
-7.323 0.157 1.780 0 68 255
-6.819 0.173 2.866 34 255 0
-6.679 -0.033 2.901 0 255 161
-6.782 0.180 2.883 0 229 255
-7.567 0.180 3.298 0 0 255
-6.849 0.078 2.793 0 161 255
-7.336 0.316 2.517 0 238 255
-7.912 0.323 2.841 0 255 255
-7.846 0.214 3.305 0 0 255
-6.818 0.075 3.280 0 0 255
-7.831 0.300 2.932 0 221 255
-8.068 0.244 2.894 0 255 229
-7.336 0.151 1.802 0 0 255
-8.015 0.300 2.897 0 255 106
-7.924 0.264 3.120 0 68 255
-8.050 0.199 2.844 0 255 195
-7.323 0.299 2.801 0 255 178
-7.347 0.139 2.264 0 42 255
-6.754 0.120 2.848 0 255 174
-8.039 0.231 3.166 0 0 255
-6.813 0.078 3.272 0 0 255
-6.783 0.083 2.818 0 255 140
-7.717 0.185 3.289 0 0 255
-7.297 0.187 0.333 0 0 255
-6.846 0.200 2.902 0 255 131
-6.808 -0.122 2.953 0 0 255
-7.307 0.133 0.685 0 34 255
-7.352 0.126 2.206 0 0 255
-7.345 0.173 2.045 0 0 255
-6.763 0.143 2.858 0 255 127
-6.833 0.070 3.265 0 25 255
-7.751 0.170 3.316 0 0 255
-7.355 0.073 0.940 0 0 255
-6.778 0.073 3.081 0 17 255
-7.341 0.060 1.561 0 0 255
-7.346 0.121 1.447 0 59 255
-7.393 0.316 2.821 0 255 233
-7.426 0.153 3.335 0 8 255
-7.925 0.276 3.136 0 0 255
-7.418 0.329 2.788 0 255 157
-7.966 0.311 2.892 0 255 148
-7.266 0.312 2.779 0 255 153
-8.025 0.229 3.124 0 42 255
-7.934 0.216 3.278 0 25 255
-7.736 0.207 3.280 0 17 255
-7.809 0.210 3.286 0 8 255
-6.893 0.101 3.112 0 34 255
-7.354 0.145 2.174 0 0 255
-7.383 0.306 2.650 0 255 225
-7.966 0.238 3.168 0 25 255
-8.062 0.042 2.919 0 255 208
-7.279 0.059 3.284 0 0 255
-7.413 0.064 0.801 0 0 255
-6.937 0.100 3.303 0 0 255
-7.820 0.210 3.285 0 17 255
-7.315 0.305 2.635 0 255 127
-7.306 0.139 0.948 0 68 255
-7.384 0.198 1.092 0 0 255
-7.311 0.290 2.775 0 255 114
-7.957 0.071 2.855 0 246 255
-7.398 0.171 2.325 0 0 255
-6.760 0.083 2.840 0 255 187
-6.855 0.161 2.848 0 255 187
-7.400 0.098 2.888 0 0 255
-7.330 0.191 1.177 0 17 255
-7.357 0.319 2.615 0 255 204
-7.314 0.102 1.182 0 0 255
-7.398 0.101 0.543 0 0 255
-7.414 0.169 2.314 0 8 255
-6.798 0.180 2.869 0 255 153
-7.408 0.132 1.764 0 0 255
-6.802 0.124 3.121 0 0 255
-7.401 0.148 1.084 0 0 255
-8.676 0.410 0.204 0 0 255
-7.957 0.269 3.132 0 17 255
-6.835 0.066 3.239 0 8 255
-6.867 -0.036 3.079 0 8 255
-6.963 0.070 3.315 0 0 255
-7.399 0.061 0.833 0 0 255
-6.661 0.137 2.908 0 212 255
-7.822 0.108 2.919 0 255 221
-6.957 -0.109 2.932 0 255 182
-7.364 0.166 3.031 0 0 255
-7.924 0.235 3.173 0 0 255
-7.963 0.209 3.245 0 8 255
-7.004 0.110 3.301 0 0 255
-7.334 0.299 2.532 0 255 216
-6.867 0.205 2.961 0 0 255
-7.386 0.155 3.315 0 0 255
-6.845 0.068 3.195 0 59 255
-7.904 0.258 3.094 0 51 255
-6.923 0.160 3.000 0 8 255
-7.418 0.169 3.015 0 0 255
-7.437 0.063 1.358 0 0 255
-7.355 0.151 1.272 0 59 255
-7.340 0.181 1.533 0 0 255
-7.333 0.130 3.281 0 8 255
-8.060 0.174 3.050 0 0 255
-7.787 0.184 2.901 0 255 229
-6.937 0.063 3.097 0 0 255
-7.543 0.137 3.345 0 0 255
-6.844 0.073 3.229 0 8 255
-7.407 0.170 3.069 0 0 255
-6.753 -0.017 3.028 0 25 255
-7.420 0.118 2.499 0 0 255
-7.340 0.137 1.599 0 25 255
-7.419 0.167 2.333 0 0 255
-6.720 0.044 2.878 0 255 233
-7.436 0.322 2.798 0 255 225
-7.960 0.247 2.823 0 255 195
-6.818 0.147 2.840 0 255 140
-7.319 0.293 2.506 0 25 255
-7.384 0.176 2.379 0 8 255
-7.374 0.129 3.014 0 0 255
-7.394 0.317 2.697 0 255 216
-7.411 0.168 3.075 0 0 255
-7.373 0.161 3.021 0 0 255
-7.455 0.321 2.904 0 255 144
-6.977 0.108 3.305 0 0 255
-6.733 0.143 2.993 0 0 255
-7.150 0.122 3.270 0 0 255
-7.938 0.214 3.297 0 0 255
-7.364 0.152 2.381 0 8 255
-7.437 0.339 2.668 0 255 161
-7.277 0.160 0.675 0 0 255
-7.292 0.236 0.413 0 17 255
-7.043 0.088 2.900 0 255 119
-7.350 0.181 2.264 0 0 255
-7.411 0.182 2.230 0 0 255
-7.681 0.184 3.333 0 0 255
-6.881 0.110 3.070 0 0 255
-7.414 0.137 2.498 0 0 255
-7.314 0.330 2.885 0 255 157
-6.779 0.232 2.914 0 8 255
-7.282 0.152 0.965 0 0 255
-7.607 0.193 3.300 0 0 255
-7.341 0.138 1.954 0 0 255
-7.335 0.244 2.501 0 0 255
-6.927 0.266 2.906 0 255 161
-7.991 0.190 3.297 0 8 255
-7.441 0.334 2.772 0 255 170
-7.303 0.310 2.719 0 255 136
-6.697 0.063 2.965 0 8 255
-6.953 -0.015 2.902 0 144 255
-7.421 0.261 2.495 0 0 255
-7.425 0.231 2.692 0 17 255
-7.364 0.318 2.519 0 136 255
-7.415 0.199 0.429 0 0 255
-7.378 0.084 1.032 0 0 255
-6.837 0.073 2.768 0 34 255
-7.348 0.164 2.414 0 0 255
-6.724 0.118 2.893 0 255 229
-7.494 0.169 3.275 0 8 255
-8.027 0.261 3.091 0 8 255
-7.645 0.187 3.280 0 0 255
-6.851 0.223 2.907 0 212 255
-6.926 -0.111 2.891 0 255 136
-7.311 0.130 0.991 0 0 255
-7.988 0.342 2.954 0 25 255
-7.340 0.159 1.570 0 17 255
-7.347 0.085 2.232 0 0 255
-7.324 0.305 2.895 0 221 255
-7.857 0.303 3.009 0 0 255
-8.031 0.250 2.846 0 255 178
-6.955 0.109 2.905 0 255 225
-7.360 0.158 2.349 0 0 255
-8.062 0.112 2.831 0 0 255
-7.361 0.072 2.290 0 8 255
-7.895 0.048 2.949 0 17 255
-7.351 0.158 2.288 0 0 255
-6.844 0.200 2.965 0 8 255
-6.828 0.122 2.818 0 255 199
-7.344 0.173 2.118 0 0 255
-7.366 0.134 3.173 0 0 255
-7.341 0.316 2.575 0 255 187
-7.419 0.106 1.981 0 0 255
-7.756 0.209 3.300 0 0 255
-7.314 0.138 0.812 0 51 255
-7.375 0.318 2.760 0 229 255
-7.439 0.138 3.303 0 68 255
-7.342 0.114 0.333 0 0 255
-7.329 0.173 1.118 0 0 255
-7.921 0.371 2.929 0 212 255
-7.338 0.299 2.691 0 255 119
-7.302 0.190 0.535 0 0 255
-7.406 0.100 2.275 0 0 255
-7.389 0.132 1.409 0 0 255
-6.723 0.085 2.866 0 255 238
-7.405 0.134 1.269 0 0 255
-7.759 0.183 3.352 0 0 255
-6.703 0.100 2.956 0 8 255
-7.901 0.244 2.831 0 204 255
-6.886 0.145 2.859 0 255 178
-8.001 0.156 3.136 0 0 255
-7.349 0.307 2.767 0 255 195
-7.961 0.233 3.307 0 0 255
-7.360 0.091 1.396 0 17 255
-6.784 0.077 3.277 0 0 255
-8.018 0.338 2.929 0 17 255
-7.801 0.190 3.319 0 0 255
-6.771 0.032 2.804 0 255 212
-7.405 0.342 2.551 0 255 233
-7.316 0.226 2.912 0 136 255
-7.365 0.175 3.254 0 0 255
-6.865 0.130 2.835 0 161 255
-7.397 0.077 1.119 0 0 255
-6.876 0.170 3.009 0 17 255
-6.776 -0.118 2.970 0 8 255
-7.293 0.199 0.373 0 17 255
-7.426 0.165 3.287 0 25 255
-7.413 0.175 3.191 0 0 255
-8.008 0.247 3.082 0 17 255
-6.814 0.053 2.796 0 238 255
-6.773 0.105 2.818 0 255 208
-7.437 0.212 2.723 0 34 255
-7.148 0.100 3.227 0 0 255
-7.772 0.056 2.863 0 0 255
-7.287 0.331 2.648 0 255 165
-8.067 0.278 3.011 0 25 255
-7.426 0.178 2.020 0 0 255
-8.109 0.289 2.920 0 195 255
-7.447 0.292 2.769 0 255 119
-6.845 -0.054 3.119 0 0 255
-7.668 0.195 3.343 0 0 255
-7.391 0.133 2.842 0 25 255
-7.821 0.024 2.849 0 0 255
-7.825 0.278 2.968 0 8 255
-6.939 0.034 3.251 0 0 255
-7.309 0.180 1.703 0 0 255
-6.986 -0.141 2.938 0 255 153
-8.043 0.322 2.967 0 42 255
-7.436 0.183 2.824 0 0 255
-7.911 0.212 3.293 0 8 255
-7.313 0.309 2.825 0 255 131
-7.446 0.343 2.726 0 255 170
-8.021 0.259 3.073 0 0 255
-7.428 0.331 2.567 0 255 148
-7.406 0.176 3.114 0 0 255
-6.715 0.155 2.904 0 25 255
-7.900 0.032 2.945 0 25 255
-6.821 0.089 3.285 0 0 255
-7.381 0.162 0.875 0 0 255
-6.671 0.186 2.889 0 25 255
-6.872 0.185 2.986 0 0 255
-6.828 0.041 2.798 0 178 255
-7.311 0.315 2.770 0 34 255
-7.373 0.217 0.363 0 17 255
-6.888 0.107 3.089 0 34 255
-7.338 0.122 3.250 0 0 255
-7.399 0.168 3.023 0 0 255
-7.859 0.099 3.010 0 17 255
-6.750 0.137 2.873 0 255 178
-6.887 0.076 3.132 0 25 255
-7.611 0.154 3.277 0 0 255
-6.639 -0.020 2.863 0 0 255
-7.395 0.172 2.957 0 0 255
-6.809 0.217 2.910 0 51 255
-7.354 0.128 2.370 0 8 255
-7.339 0.166 1.566 0 0 255
-6.694 0.129 2.932 0 0 255
-7.377 0.234 2.934 0 0 255
-8.184 0.278 2.918 0 0 255
-7.426 0.148 2.432 0 0 255
-7.447 0.345 2.663 0 25 255
-7.948 0.188 2.763 0 0 255
-7.502 0.159 3.267 0 8 255
-6.736 0.054 2.827 0 229 255
-7.346 0.148 1.241 0 0 255
-7.308 0.335 2.910 0 255 140
-7.387 0.174 3.139 0 0 255
-7.336 0.064 0.980 0 0 255
-7.982 0.237 2.823 0 255 191
-7.416 0.332 2.629 0 255 157
-6.724 0.165 2.917 0 17 255
-7.880 0.275 2.861 0 178 255
-7.431 0.358 2.571 0 255 136
-7.198 0.126 3.273 0 0 255
-7.375 0.322 2.844 0 255 250
-7.410 0.212 0.985 0 0 255
-7.918 0.309 2.896 0 255 170
-6.819 0.123 3.132 0 0 255
-7.547 0.178 3.274 0 8 255
-7.282 0.119 0.886 0 0 255
-7.408 0.368 2.598 0 255 165
-7.477 0.323 2.648 0 0 255
-7.374 0.167 2.474 0 110 255
-6.732 -0.015 3.026 0 8 255
-7.335 0.321 2.652 0 238 255
-7.428 0.176 3.054 0 0 255
-6.792 -0.086 2.900 0 255 233
-7.412 0.186 3.354 0 17 255
-6.692 0.118 2.929 0 0 255
-7.105 0.078 3.264 0 0 255
-7.899 0.334 2.982 0 17 255
-7.399 0.150 2.382 0 0 255
-7.375 0.174 2.246 0 8 255
-7.365 0.101 2.741 0 17 255
-7.278 0.091 0.336 0 0 255
-7.322 0.313 2.522 0 255 161
-7.308 0.097 0.336 0 0 255
-7.322 0.070 0.413 0 17 255
-7.376 0.082 3.149 0 0 255
-8.020 0.317 2.906 0 255 199
-6.840 0.071 3.243 0 25 255
-7.382 0.184 1.620 0 0 255
-7.393 0.192 2.966 0 0 255
-6.792 0.075 3.252 0 0 255
-7.357 0.140 2.332 0 42 255
-6.743 0.115 2.840 0 255 182
-7.334 0.302 2.524 0 25 255
-7.730 0.205 2.890 0 255 204
-7.344 0.317 2.617 0 255 233
-7.382 0.109 1.838 0 0 255
-7.359 0.185 2.765 0 0 255
-6.903 0.140 2.859 0 255 246
-7.368 0.179 3.065 0 0 255
-7.805 0.194 3.022 0 17 255
-6.762 -0.128 2.944 0 0 255
-7.962 0.339 2.906 0 255 131
-7.899 0.217 2.806 0 255 225
-7.300 0.179 0.964 0 0 255
-7.372 0.283 2.502 0 51 255
-7.981 0.313 2.898 0 255 140
-7.041 0.054 3.239 0 0 255
-7.845 0.252 3.020 0 34 255
-7.305 0.116 1.010 0 0 255
-6.865 0.207 2.958 0 8 255
-7.344 0.193 0.789 0 0 255
-7.439 0.071 0.380 0 0 255
-7.356 0.239 0.727 0 0 255
-8.040 0.256 2.862 0 255 165
-7.388 0.167 3.272 0 0 255
-6.840 0.089 3.199 0 8 255
-6.837 0.150 2.839 0 255 182
-7.763 0.236 2.899 0 59 255
-8.073 0.240 2.904 0 255 174
-7.284 0.121 3.259 0 0 255
-7.402 0.253 0.981 0 0 255
-7.425 0.172 2.613 0 0 255
-7.853 0.219 3.301 0 0 255
-7.426 0.165 3.025 0 0 255
-6.858 0.115 2.824 0 255 221
-7.380 0.181 1.882 0 0 255
-7.367 0.303 2.720 0 255 233
-7.366 0.300 2.721 0 255 216
-7.398 0.108 3.356 0 0 255
-6.952 -0.102 2.892 0 255 157
-7.431 0.150 3.221 0 0 255
-7.432 0.116 1.865 0 0 255
-7.429 0.123 2.248 0 0 255
-7.755 0.139 2.870 0 229 255
-7.993 0.211 2.810 0 255 246
-7.281 0.106 0.262 0 0 255
-7.994 0.266 3.070 0 17 255
-7.943 0.327 2.908 0 229 255
-7.321 0.325 2.633 0 255 144
-6.952 0.109 3.006 0 17 255
-7.163 0.122 3.278 0 0 255
-7.425 0.330 2.921 0 0 255
-7.332 0.319 2.523 0 255 148
-7.366 0.177 2.497 0 25 255
-7.380 0.175 3.078 0 0 255
-7.405 0.176 2.363 0 8 255
-6.746 0.166 2.969 0 8 255
-7.385 0.174 2.289 0 0 255
-7.777 0.205 3.306 0 0 255
-7.468 0.086 0.733 0 0 255
-6.758 0.154 2.887 0 255 187
-8.185 0.155 2.913 0 144 255
-7.408 0.169 2.377 0 0 255
-7.311 0.315 2.736 0 255 195
-7.396 0.174 2.203 0 0 255
-7.842 0.242 2.956 0 8 255
-7.268 0.316 2.499 0 17 255
-7.994 0.267 3.059 0 8 255
-7.324 0.182 1.383 0 0 255
-7.406 0.174 3.153 0 0 255
-7.356 0.154 3.304 0 25 255
-7.368 0.326 2.924 0 25 255
-7.516 0.144 3.271 0 0 255
-7.418 0.107 2.025 0 0 255
-7.411 0.100 1.657 0 0 255
-6.824 0.123 2.832 0 255 182
-7.418 0.076 0.926 0 0 255
-7.849 0.349 2.911 0 102 255
-6.864 0.188 2.896 0 255 250
-6.922 0.012 3.126 0 0 255
-6.970 0.100 3.284 0 0 255
-6.693 0.060 2.836 0 68 255
-7.890 0.057 3.007 0 17 255
-7.386 0.190 1.760 0 0 255
-7.395 0.208 0.831 0 0 255
-7.324 0.243 2.890 0 255 127
-7.367 0.301 2.523 0 221 255
-7.422 0.167 2.519 0 0 255
-7.358 0.167 2.212 0 0 255
-7.370 0.286 2.514 0 42 255
-7.376 0.166 3.112 0 0 255
-7.321 0.328 2.734 0 255 250
-7.029 0.088 3.293 0 0 255
-7.320 0.320 2.704 0 255 119
-7.423 0.172 3.234 0 0 255
-7.799 0.210 3.280 0 8 255
-7.344 0.072 0.552 0 0 255
-6.745 0.131 2.865 0 204 255
-8.041 0.247 2.816 0 0 255
-6.945 0.095 3.030 0 8 255
-7.388 0.172 3.145 0 0 255
-8.072 -0.005 2.897 0 8 255
-7.763 0.199 3.315 0 8 255
-7.746 0.140 3.280 0 0 255
-7.380 0.303 2.739 0 255 250
-7.291 0.082 0.999 0 0 255
-7.984 0.357 2.950 0 0 255
-7.366 0.144 3.105 0 0 255
-7.766 0.168 2.830 0 255 250
-6.759 0.121 2.840 0 255 161
-7.373 0.176 2.497 0 255 246
-7.352 0.109 1.787 0 0 255
-7.903 0.235 3.100 0 17 255
-7.980 0.209 3.281 0 17 255
-7.365 0.307 2.678 0 255 208
-7.935 0.205 3.342 0 0 255
-7.415 0.336 2.925 0 25 255
-7.296 0.335 2.628 0 0 255
-6.884 -0.066 2.824 0 238 255
-7.288 0.082 0.463 0 0 255
-7.367 0.168 2.160 0 0 255
-7.362 0.156 2.999 0 0 255
-7.433 0.148 0.880 0 0 255
-7.418 0.337 2.607 0 255 199
-7.061 0.051 3.269 0 0 255
-6.699 0.061 2.966 0 8 255
-7.405 0.129 1.563 0 0 255
-7.426 0.124 0.281 0 51 255
-7.386 0.207 1.124 0 0 255
-7.353 0.208 2.592 0 0 255
-6.949 0.145 2.900 0 255 191
-7.097 0.126 3.309 0 0 255
-7.443 0.340 2.530 0 255 182
-7.321 0.312 2.516 0 229 255
-7.356 0.305 2.787 0 255 233
-7.910 0.305 2.866 0 255 161
-7.865 0.205 2.885 0 255 170
-7.812 0.175 2.903 0 221 255
-7.400 0.177 2.893 0 110 255
-6.903 0.143 3.034 0 0 255
-7.409 0.072 2.098 0 0 255
-6.924 0.192 2.933 0 17 255
-7.615 0.103 3.285 0 0 255
-7.372 0.316 2.661 0 255 250
-6.889 0.086 2.814 0 255 225
-7.319 0.151 0.883 0 17 255
-7.332 0.176 2.153 0 42 255
-7.353 0.218 0.827 0 0 255
-7.330 0.209 2.806 0 255 140
-6.779 0.172 3.023 0 0 255
-7.751 0.184 2.904 0 255 187
-6.764 0.069 3.093 0 17 255
-7.815 0.052 2.926 0 255 127
-7.352 0.111 2.348 0 0 255
-6.846 0.054 3.263 0 25 255
-7.425 0.130 2.433 0 0 255
-7.315 0.212 0.272 0 8 255
-7.447 0.338 2.522 0 255 204
-7.345 0.127 2.044 0 42 255
-7.388 0.189 0.412 0 0 255
-7.389 0.171 0.756 0 0 255
-7.478 0.153 3.289 0 0 255
-7.305 0.150 1.041 0 0 255
-6.808 0.124 3.093 0 68 255
-7.402 0.322 2.562 0 255 242
-7.149 0.117 3.273 0 0 255
-7.083 0.088 3.259 0 0 255
-7.373 0.308 2.584 0 246 255
-7.334 0.308 2.789 0 255 136
-7.982 0.284 2.845 0 255 157
-7.347 0.078 2.917 0 0 255
-7.524 0.154 3.267 0 0 255
-6.818 0.071 3.341 0 0 255
-7.088 0.121 3.306 0 0 255
-7.380 0.165 2.894 0 0 255
-7.391 0.185 2.368 0 0 255
-7.305 0.327 2.891 0 136 255
-7.989 0.271 3.132 0 25 255
-8.006 0.317 2.882 0 255 144
-6.750 0.002 2.863 0 255 225
-7.966 0.343 2.947 0 25 255
-7.359 0.138 2.496 0 8 255
-7.872 0.051 2.924 0 25 255
-7.403 0.178 0.755 0 0 255
-7.380 0.196 2.850 0 93 255
-7.406 0.189 2.388 0 0 255
-7.995 0.159 3.338 0 0 255
-8.033 0.292 2.877 0 255 144
-6.786 0.228 2.880 0 212 255
-8.030 0.166 3.110 0 59 255
-8.075 0.245 2.894 0 255 229
-7.402 0.201 2.814 0 0 255
-7.295 0.185 0.280 0 0 255
-7.965 0.272 3.129 0 8 255
-6.886 0.084 2.802 0 238 255
-7.355 0.150 3.244 0 51 255
-7.378 0.064 1.041 0 0 255
-6.825 -0.147 2.907 0 255 131
-7.346 0.143 1.997 0 0 255
-7.338 0.104 1.302 0 102 255
-7.421 0.269 2.783 0 255 161
-7.336 0.302 2.514 0 17 255
-6.827 0.067 3.238 0 25 255
-7.878 0.061 2.969 0 8 255
-7.331 0.313 2.655 0 255 123
-7.509 0.169 3.295 0 0 255
-6.584 0.132 2.878 0 0 255
-7.303 0.130 3.279 0 0 255
-6.896 0.078 3.083 0 110 255
-6.901 0.021 3.109 0 34 255
-7.569 0.163 3.285 0 17 255
-7.902 0.208 3.082 0 8 255
-6.879 0.128 3.104 0 8 255
-6.801 0.107 2.801 0 255 131
-6.695 0.113 2.953 0 8 255
-6.783 0.061 3.123 0 17 255
-7.345 0.080 0.898 0 110 255
-8.065 0.309 2.917 0 255 246
-6.828 -0.165 2.917 0 8 255
-7.914 0.319 2.907 0 255 165
-7.876 0.203 2.829 0 93 255
-7.428 0.171 3.362 0 0 255
-7.332 0.108 2.267 0 0 255
-6.806 0.117 3.305 0 0 255
-6.825 0.073 3.256 0 0 255
-6.779 -0.037 3.020 0 8 255
-7.179 0.257 2.931 0 59 255
-8.091 0.178 3.088 0 8 255
-6.757 0.016 2.793 0 0 255
-7.446 0.121 2.417 0 0 255
-8.189 0.204 2.892 0 255 195
-7.387 0.171 2.823 0 8 255
-7.300 0.065 0.441 0 0 255
-7.339 0.215 0.254 0 42 255
-6.798 0.133 2.828 0 255 140
-7.421 0.329 2.783 0 255 170
-7.407 0.166 2.364 0 8 255
-7.470 0.358 2.554 0 8 255
-7.358 0.215 2.628 0 85 255
-6.838 0.102 2.798 0 255 187
-7.423 0.212 2.539 0 17 255
-7.957 0.363 2.926 0 59 255
-7.754 0.144 3.320 0 0 255
-7.351 0.318 2.635 0 255 233
-7.858 0.079 2.888 0 170 255
-7.305 0.310 2.844 0 255 119
-7.364 0.206 0.409 0 0 255
-7.307 0.196 1.072 0 0 255
-7.429 0.158 3.270 0 17 255
-7.287 0.221 0.714 0 8 255
-7.428 0.329 2.870 0 255 212
-7.326 0.099 0.913 0 0 255
-6.874 0.209 2.909 0 255 153
-6.968 0.156 2.910 0 212 255
-7.422 0.337 2.521 0 255 182
-7.446 0.278 2.775 0 255 140
-7.412 0.115 0.503 0 0 255
-7.417 0.126 2.003 0 0 255
-7.357 0.197 1.536 0 0 255
-7.423 0.146 3.326 0 8 255
-7.406 0.275 2.507 0 76 255
-6.874 0.086 2.802 0 238 255
-7.365 0.105 2.760 0 25 255
-7.923 0.153 3.119 0 8 255
-7.403 0.208 0.525 0 0 255
-7.309 0.041 0.688 0 0 255
-6.760 -0.060 3.032 0 0 255
-7.346 0.167 2.322 0 0 255
-6.705 0.016 2.895 0 255 170
-7.428 0.333 2.671 0 255 161
-7.683 0.141 3.271 0 0 255
-7.432 0.087 3.307 0 0 255
-6.957 0.119 3.317 0 0 255
-7.422 0.057 2.381 0 0 255
-7.394 0.325 2.899 0 0 255
-7.357 0.115 2.585 0 8 255
-7.414 0.164 3.137 0 0 255
-7.353 0.168 2.294 0 0 255
-7.434 0.138 3.232 0 0 255
-7.805 0.185 3.316 0 0 255
-6.788 0.205 2.924 0 8 255
-7.437 0.321 2.822 0 255 131
-7.304 0.228 0.429 0 0 255
-6.848 0.195 2.899 0 255 148
-7.352 0.218 2.508 0 255 144
-8.000 0.170 2.801 0 68 255
-8.057 0.280 2.893 0 255 140
-7.330 0.211 0.497 0 0 255
-6.831 0.215 2.896 0 255 221
-6.785 0.030 2.812 0 255 212
-7.363 0.271 2.957 0 0 255
-7.240 0.143 3.283 0 0 255
-7.972 0.218 3.180 0 25 255
-7.300 0.376 2.521 0 255 110
-7.306 0.306 2.801 0 34 255
-7.226 0.108 3.260 0 0 255
-7.308 0.066 0.787 0 51 255
-7.439 0.336 2.911 0 255 225
-7.340 0.118 2.876 0 0 255
-7.004 0.104 2.943 0 8 255
-7.426 0.117 2.382 0 0 255
-6.823 0.045 3.191 0 0 255
-7.389 0.313 2.599 0 246 255
-7.357 0.216 1.151 0 0 255
-7.411 0.322 2.685 0 255 242
-6.779 0.106 3.033 0 8 255
-7.406 0.169 2.447 0 0 255
-6.942 0.069 3.242 0 0 255
-6.901 0.110 3.210 0 8 255
-6.864 0.090 3.276 0 42 255
-7.997 0.335 2.992 0 8 255
-6.820 0.080 3.259 0 8 255
-7.323 0.326 2.805 0 255 187
-7.400 0.169 2.317 0 8 255
-7.422 0.311 2.839 0 255 212
-7.372 0.106 1.294 0 0 255
-7.404 0.313 2.809 0 246 255
-7.982 0.419 2.915 0 246 255
-7.360 0.165 2.195 0 0 255
-7.317 0.326 2.634 0 255 114
-6.731 -0.065 2.898 0 255 165
-7.356 0.094 2.787 0 25 255
-7.456 0.335 2.759 0 255 153
-8.006 0.368 2.845 0 25 255
-7.863 0.310 2.956 0 25 255
-7.413 0.326 2.512 0 161 255
-8.087 0.031 2.908 0 178 255
-7.445 0.316 2.810 0 255 131
-7.428 0.118 3.113 0 0 255
-7.864 0.301 2.911 0 255 212
-7.619 0.145 3.256 0 0 255
-6.795 0.182 2.890 0 255 161
-7.425 0.167 3.223 0 0 255
-7.496 0.156 3.260 0 17 255
-7.385 0.190 2.438 0 0 255
-7.370 0.163 3.024 0 0 255
-6.826 0.064 3.244 0 102 255
-7.306 0.311 2.623 0 144 255
-7.477 0.174 3.283 0 0 255
-7.933 0.288 2.864 0 255 165
-7.336 0.085 1.387 0 85 255
-7.391 0.173 2.459 0 34 255
-7.853 0.337 2.942 0 161 255
-6.898 0.023 3.338 0 0 255
-7.419 0.169 3.143 0 0 255
-7.447 0.269 2.787 0 255 157
-6.803 0.124 3.111 0 0 255
-7.331 0.186 2.718 0 255 153
-6.981 0.099 3.302 0 0 255
-7.369 0.189 2.463 0 0 255
-7.285 0.123 0.856 0 0 255
-7.383 0.233 0.825 0 0 255
-8.025 0.077 2.838 0 93 255
-7.350 0.300 2.880 0 204 255
-7.342 0.314 2.865 0 255 208
-7.846 0.292 3.088 0 0 255
-7.218 0.130 3.292 0 0 255
-7.387 0.084 1.607 0 0 255
-8.086 0.235 2.952 0 17 255
-7.313 0.229 0.402 0 0 255
-7.445 0.173 3.318 0 0 255
-6.788 0.119 3.037 0 8 255
-7.956 0.148 3.307 0 0 255
-7.962 0.256 3.079 0 42 255
-7.973 0.199 2.805 0 68 255
-7.315 0.274 2.501 0 0 255
-7.347 0.224 2.619 0 255 229
-8.166 0.176 2.917 0 255 136
-7.399 0.313 2.765 0 255 225
-6.789 -0.132 2.893 0 255 208
-7.888 0.217 3.314 0 0 255
-7.314 0.300 2.843 0 255 140
-7.316 0.304 2.617 0 255 123
-7.343 0.220 0.757 0 0 255
-6.849 0.188 2.905 0 255 199
-6.733 0.114 2.844 0 255 195
-6.821 0.149 2.854 0 255 174
-6.906 0.109 2.842 0 255 178
-6.772 0.251 2.893 0 42 255
-7.889 0.301 2.912 0 255 170
-8.055 0.135 3.029 0 0 255
-7.425 0.336 2.649 0 255 182
-7.438 0.106 2.498 0 25 255
-8.003 0.353 2.896 0 102 255
-6.971 0.047 3.003 0 8 255
-7.060 0.102 3.274 0 0 255
-6.851 0.126 3.103 0 8 255
-7.432 0.103 2.590 0 0 255
-6.691 0.141 2.905 0 17 255
-6.717 -0.086 2.943 0 0 255
-8.057 0.232 2.843 0 255 187
-7.286 0.077 0.705 0 0 255
-7.339 0.057 1.491 0 255 242
-7.441 0.346 2.789 0 187 255
-7.420 0.117 2.716 0 0 255
-7.431 0.320 2.605 0 255 174
-7.319 0.250 2.769 0 59 255
-7.927 0.298 2.856 0 255 178
-7.435 0.104 3.107 0 0 255
-7.307 0.127 0.619 0 0 255
-7.296 0.182 2.927 0 0 255
-7.422 0.166 3.171 0 0 255
-6.761 0.067 3.144 0 0 255
-7.309 0.147 3.286 0 0 255
-7.361 0.170 2.136 0 0 255
-7.416 0.117 2.194 0 0 255
-7.395 0.214 1.236 0 0 255
-7.434 0.343 2.704 0 255 148
-7.395 0.102 2.324 0 0 255
-7.405 0.117 1.490 0 0 255
-7.705 0.189 3.264 0 0 255
-7.936 0.349 2.943 0 25 255
-7.343 0.079 1.093 0 42 255
-7.088 0.027 3.288 0 0 255
-7.248 0.123 3.266 0 0 255
-8.093 0.257 2.909 0 255 174
-6.797 0.111 3.133 0 0 255
-7.427 0.335 2.822 0 255 148
-7.420 0.385 2.896 0 204 255
-7.425 0.147 0.724 0 0 255
-7.396 0.182 2.401 0 0 255
-6.724 0.180 2.914 0 8 255
-7.347 0.325 2.904 0 17 255
-6.762 0.250 2.921 0 34 255
-7.031 0.131 2.910 0 127 255
-7.384 0.169 3.322 0 0 255
-6.844 -0.100 2.910 0 246 255
-6.904 0.121 2.834 0 255 216
-7.329 0.223 2.563 0 255 157
-7.421 0.164 2.992 0 0 255
-6.777 0.034 2.809 0 255 221
-7.396 0.056 0.311 0 0 255
-7.571 0.211 3.305 0 0 255
-7.377 0.163 2.310 0 0 255
-7.908 0.265 3.037 0 8 255
-6.940 0.176 2.909 0 255 182
-8.024 0.132 3.321 0 0 255
-6.964 0.108 3.251 0 8 255
-7.335 0.165 1.807 0 0 255
-7.795 0.126 2.885 0 255 216
-7.318 0.327 2.872 0 255 140
-6.851 0.178 2.897 0 255 161
-7.431 0.333 2.628 0 255 199
-7.412 0.345 2.585 0 255 216
-7.419 0.211 0.906 0 0 255
-7.369 0.149 2.624 0 17 255
-6.777 0.054 3.080 0 59 255
-7.599 0.172 3.291 0 8 255
-6.803 -0.095 3.012 0 17 255
-7.368 0.305 2.499 0 34 255
-7.337 0.146 1.432 0 0 255
-6.815 0.074 3.291 0 0 255
-7.407 0.172 3.084 0 0 255
-7.366 0.060 2.378 0 0 255
-8.055 0.313 2.913 0 255 170
-8.074 0.259 2.914 0 255 199
-6.750 0.143 2.887 0 255 170
-7.426 0.063 1.426 0 0 255
-7.431 0.195 2.991 0 0 255
-6.805 0.200 2.910 0 161 255
-7.370 0.165 2.149 0 0 255
-8.017 0.315 2.908 0 204 255
-7.384 0.158 1.596 0 0 255
-8.010 0.066 2.846 0 0 255
-7.363 0.315 2.646 0 255 250
-7.304 0.195 0.706 0 0 255
-7.373 0.061 1.356 0 0 255
-7.961 0.201 3.262 0 0 255
-6.737 0.124 2.875 0 255 63
-7.398 0.071 0.998 0 0 255
-6.660 -0.088 2.902 0 255 170
-7.405 0.142 0.716 0 0 255
-7.294 0.212 0.440 0 25 255
-6.935 0.149 2.918 0 255 161
-6.865 0.118 3.087 0 51 255
-8.013 0.073 3.002 0 8 255
-7.808 0.189 3.266 0 8 255
-6.941 0.182 2.981 0 0 255
-6.933 0.099 3.306 0 0 255
-7.440 0.305 2.577 0 255 140
-6.827 0.205 2.926 0 102 255
-7.705 0.192 3.280 0 17 255
-7.321 0.237 2.617 0 255 114
-7.311 0.336 2.821 0 255 161
-7.357 0.158 3.123 0 0 255
-8.085 0.145 2.904 0 144 255
-7.947 0.278 2.844 0 255 187
-6.681 0.071 2.906 0 255 170
-7.324 0.325 2.891 0 255 140
-7.395 0.155 1.250 0 0 255
-6.717 0.097 2.885 0 255 161
-7.433 0.124 0.937 0 0 255
-7.295 0.089 0.426 0 0 255
-7.448 0.158 2.318 0 8 255
-7.423 0.316 2.846 0 238 255
-7.883 0.325 2.909 0 255 216
-7.423 0.097 1.728 0 0 255
-7.390 0.150 1.846 0 0 255
-6.940 0.153 2.916 0 8 255
-7.417 0.187 2.446 0 0 255
-6.785 0.161 2.864 0 255 97
-7.440 0.330 2.901 0 255 140
-7.279 0.170 0.567 0 0 255
-6.818 0.180 2.865 0 255 199
-7.388 0.074 1.701 0 0 255
-7.375 0.170 2.230 0 0 255
-7.348 0.157 2.041 0 0 255
-7.412 0.327 2.684 0 255 178
-7.969 0.208 3.222 0 17 255
-7.407 0.124 2.484 0 0 255
-6.949 0.074 3.297 0 0 255
-7.296 0.156 3.315 0 0 255
-7.976 0.324 2.892 0 255 123
-7.842 0.107 2.904 0 255 246
-6.639 0.052 2.894 0 153 255
-6.825 0.129 3.047 0 17 255
-7.431 0.081 3.343 0 0 255
-8.042 0.133 2.864 0 85 255
-7.953 0.247 2.814 0 255 170
-7.347 0.192 3.217 0 0 255
-7.405 0.175 2.420 0 8 255
-7.314 0.294 2.500 0 136 255
-8.103 -0.013 2.864 0 0 255
-7.382 0.310 2.548 0 255 246
-7.344 0.053 0.664 0 0 255
-6.924 0.199 2.925 0 17 255
-7.296 0.123 2.981 0 0 255
-7.889 0.264 3.060 0 76 255
-7.621 0.182 3.296 0 8 255
-7.369 0.086 3.128 0 0 255
-7.366 0.116 2.533 0 0 255
-7.291 0.233 0.959 0 17 255
-7.375 0.165 3.184 0 0 255
-7.405 0.183 3.176 0 0 255
-6.867 0.225 2.878 0 161 255
-7.956 0.269 3.103 0 127 255
-7.373 0.266 1.140 0 8 255
-7.399 0.095 1.953 0 0 255
-7.333 0.205 2.625 0 255 233
-6.855 0.196 2.915 0 255 233
-7.050 0.118 2.928 0 0 255
-7.364 0.246 0.818 0 0 255
-7.400 0.322 2.587 0 255 174
-7.350 0.157 2.037 0 34 255
-7.914 0.340 2.928 0 255 178
-7.390 0.176 2.241 0 0 255
-8.060 0.156 2.961 0 0 255
-7.391 0.227 0.691 0 0 255
-7.382 0.314 2.578 0 255 250
-8.069 0.254 3.013 0 17 255
-7.365 0.129 2.661 0 0 255
-6.819 0.071 2.811 0 85 255
-7.366 0.311 2.599 0 255 216
-7.701 0.189 3.260 0 0 255
-6.916 0.097 3.067 0 0 255
-7.442 0.242 2.506 0 0 255
-7.396 0.134 1.292 0 0 255
-6.852 0.051 3.225 0 8 255
-7.287 0.240 2.687 0 85 255
-7.309 0.300 2.692 0 255 161
-6.920 0.107 3.284 0 0 255
-6.793 0.148 2.873 0 255 161
-7.645 0.192 3.277 0 0 255
-7.401 0.177 2.558 0 0 255
-7.449 0.282 2.858 0 255 144
-8.015 0.337 2.967 0 25 255
-7.417 0.161 2.774 0 0 255
-7.439 0.163 2.996 0 0 255
-7.422 0.343 2.633 0 255 174
-7.229 0.127 3.277 0 0 255
-7.405 0.186 2.691 0 0 255
-7.366 0.307 2.571 0 255 255
-7.415 0.112 0.480 0 0 255
-6.744 -0.038 2.992 0 17 255
-7.354 0.085 0.406 0 0 255
-7.350 0.149 3.256 0 25 255
-7.354 0.176 1.854 0 0 255
-7.402 0.174 3.149 0 0 255
-6.753 -0.015 2.865 0 255 204
-7.357 0.180 2.236 0 0 255
-7.434 0.346 2.546 0 255 225
-7.401 0.164 1.620 0 0 255
-7.386 0.062 2.258 0 0 255
-6.972 0.120 2.903 0 255 216
-7.402 0.168 2.351 0 0 255
-6.774 0.063 3.102 0 59 255
-7.356 0.181 2.368 0 0 255
-7.366 0.151 3.197 0 0 255
-7.329 0.174 1.209 0 25 255
-7.422 0.334 2.864 0 255 170
-8.070 0.002 2.930 0 255 182
-7.384 0.208 2.905 0 17 255
-7.315 0.309 2.888 0 255 131
-8.040 0.325 2.978 0 8 255
-7.884 0.166 3.343 0 0 255
-7.373 0.306 2.638 0 229 255
-7.232 0.260 2.930 0 34 255
-6.809 0.184 2.846 0 255 170
-7.377 0.238 0.459 0 0 255
-6.977 0.126 2.907 0 255 174
-7.880 0.318 2.988 0 17 255
-7.933 0.307 3.048 0 0 255
-7.372 0.197 0.236 0 8 255
-6.885 0.018 3.176 0 8 255
-7.376 0.170 2.900 0 34 255
-7.424 0.030 0.456 0 0 255
-8.116 0.189 2.923 0 255 170
-7.316 0.321 2.853 0 255 140
-7.428 0.312 2.650 0 255 148
-7.517 0.152 3.278 0 8 255
-7.004 0.098 3.280 0 0 255
-7.069 0.137 2.881 0 0 255
-6.661 -0.020 2.892 0 255 161
-7.885 0.206 2.816 0 255 191
-6.922 0.076 3.016 0 8 255
-7.298 0.206 0.751 0 0 255
-7.434 0.227 0.362 0 0 255
-7.341 0.092 1.223 0 136 255
-7.407 0.179 2.990 0 0 255
-7.315 0.134 0.983 0 25 255
-7.337 0.198 0.986 0 0 255
-7.472 0.346 2.708 0 51 255
-7.932 0.121 3.064 0 0 255
-7.395 0.213 0.398 0 8 255
-6.847 0.195 2.914 0 255 165
-6.700 0.106 2.943 0 8 255
-7.960 0.204 2.807 0 34 255
-6.894 0.182 2.896 0 255 182
-7.961 0.383 2.888 0 195 255
-6.880 0.072 3.254 0 0 255
-7.341 0.306 2.604 0 255 153
-7.448 0.229 2.667 0 25 255
-7.432 0.316 2.644 0 255 119
-7.031 0.108 3.271 0 0 255
-7.371 0.078 3.203 0 0 255
-8.053 0.157 2.890 0 153 255
-7.604 0.189 3.306 0 0 255
-7.288 0.220 0.566 0 8 255
-7.982 0.173 3.285 0 0 255
-6.726 0.068 3.015 0 17 255
-7.661 0.190 3.270 0 8 255
-7.362 0.178 1.841 0 0 255
-7.370 0.310 2.800 0 195 255
-7.882 0.248 2.844 0 255 208
-6.878 0.170 3.008 0 0 255
-6.805 0.039 2.803 0 255 233
-7.355 0.120 1.021 0 8 255
-7.985 0.209 3.288 0 8 255
-7.353 0.196 0.499 0 0 255
-7.337 0.172 1.938 0 0 255
-7.973 0.241 2.822 0 255 208
-6.824 0.115 3.059 0 8 255
-7.971 0.255 2.826 0 255 191
-7.049 0.044 3.243 0 0 255
-7.423 0.162 2.696 0 0 255
-7.318 0.299 2.669 0 255 195
-7.339 0.167 2.150 0 0 255
-7.448 0.311 2.778 0 255 242
-7.373 0.078 1.500 0 0 255
-6.700 0.037 2.976 0 8 255
-7.393 0.170 1.271 0 0 255
-7.421 0.127 3.058 0 0 255
-7.722 0.190 3.294 0 0 255
-7.369 0.314 2.580 0 212 255
-7.420 0.170 3.253 0 0 255
-7.357 0.114 0.538 0 0 255
-7.406 0.160 1.710 0 0 255
-7.963 0.268 3.118 0 25 255
-7.434 0.080 2.683 0 0 255
-7.347 0.098 1.598 0 34 255
-7.371 0.169 1.980 0 0 255
-7.381 0.165 3.211 0 0 255
-8.080 0.266 3.042 0 8 255
-6.849 0.133 2.829 0 255 195
-7.457 0.359 2.538 0 0 255
-8.010 0.302 2.869 0 255 233
-7.893 0.204 3.041 0 25 255
-7.393 0.168 1.258 0 0 255
-7.416 0.181 2.254 0 0 255
-7.417 0.328 2.851 0 255 165
-7.796 0.278 2.911 0 187 255
-7.422 0.306 2.659 0 255 123
-6.821 0.180 2.877 0 255 233
-8.096 0.200 2.906 0 246 255
-7.333 0.163 1.852 0 0 255
-7.375 0.188 2.365 0 8 255
-7.413 0.169 3.043 0 0 255
-7.307 0.310 2.550 0 255 127
-7.406 0.150 1.346 0 0 255
-6.797 0.125 3.115 0 8 255
-7.356 0.083 1.067 0 0 255
-7.398 0.154 1.115 0 0 255
-7.368 0.171 2.295 0 0 255
-7.095 -0.017 2.883 0 17 255
-7.393 0.041 0.633 0 0 255
-6.684 -0.090 2.918 0 42 255
-8.092 0.139 2.949 0 8 255
-7.308 0.156 0.922 0 8 255
-6.743 0.135 3.041 0 25 255
-7.918 0.015 2.934 0 25 255
-7.836 0.353 2.892 0 51 255
-6.864 0.079 3.267 0 8 255
-7.450 0.339 2.832 0 255 157
-7.355 0.157 3.297 0 8 255
-7.371 0.290 2.493 0 34 255
-7.890 0.344 2.944 0 25 255
-8.076 0.291 2.889 0 144 255
-8.042 0.259 2.876 0 255 161
-6.959 0.145 3.012 0 0 255
-7.295 0.322 2.563 0 255 225
-7.379 0.071 2.422 0 0 255
-7.341 0.142 1.221 0 76 255
-6.767 0.107 3.054 0 8 255
-7.328 0.314 2.882 0 255 144
-7.350 0.077 1.428 0 68 255
-7.472 0.174 2.688 0 85 255
-7.384 0.181 1.363 0 0 255
-7.437 0.326 2.582 0 255 157
-7.391 0.170 3.329 0 59 255
-6.831 0.083 3.261 0 51 255
-7.406 0.195 2.110 0 0 255
-6.830 -0.178 2.883 0 0 255
-7.400 0.179 2.473 0 68 255
-7.365 0.223 2.328 0 0 255
-7.914 0.036 2.971 0 17 255
-7.400 0.194 3.268 0 0 255
-7.330 0.163 0.899 0 59 255
-7.330 0.176 0.510 0 0 255
-7.285 0.359 2.565 0 0 255
-7.366 0.173 2.974 0 0 255
-6.607 0.085 2.891 0 8 255
-7.294 0.323 2.550 0 76 255
-7.316 0.073 3.296 0 0 255
-7.347 0.207 0.734 0 0 255
-7.361 0.148 2.896 0 0 255
-7.715 0.152 2.927 0 0 255
-6.837 0.129 3.136 0 0 255
-7.417 0.371 2.733 0 255 204
-7.765 0.195 3.303 0 8 255
-7.889 0.290 2.866 0 255 157
-7.433 0.163 3.277 0 17 255
-7.930 0.292 3.103 0 76 255
-7.410 0.330 2.662 0 255 174
-6.801 0.121 3.102 0 8 255
-6.812 0.160 3.067 0 51 255
-7.328 0.135 3.288 0 17 255
-7.673 0.191 3.320 0 8 255
-7.424 0.158 2.843 0 0 255
-6.830 0.070 3.266 0 68 255
-7.352 0.126 3.264 0 0 255
-6.674 0.097 2.886 0 51 255
-8.096 0.175 2.968 0 8 255
-6.854 0.205 2.962 0 8 255
-7.356 0.315 2.764 0 255 221
-6.958 0.106 3.242 0 8 255
-7.386 0.176 3.201 0 0 255
-7.371 0.167 2.994 0 0 255
-8.020 0.194 2.813 0 255 221
-7.317 0.043 0.989 0 0 255
-6.698 0.032 2.898 0 255 187
-6.807 0.099 2.820 0 229 255
-6.782 0.059 2.798 0 102 255
-7.348 0.176 2.401 0 0 255
-7.435 0.295 2.529 0 255 148
-7.348 0.174 0.943 0 0 255
-8.135 0.150 2.947 0 8 255
-7.312 0.167 0.736 0 34 255
-7.347 0.215 0.228 0 42 255
-7.333 0.169 1.101 0 0 255
-7.339 0.187 0.438 0 0 255
-7.980 0.255 3.086 0 102 255
-7.352 0.158 3.295 0 8 255
-7.431 0.109 3.156 0 0 255
-6.820 0.049 3.279 0 0 255
-6.917 0.172 2.985 0 8 255
-7.410 0.142 1.687 0 0 255
-7.425 0.159 2.621 0 0 255
-6.761 0.092 2.842 0 255 195
-7.325 0.196 0.289 0 0 255
-6.690 0.091 2.974 0 8 255
-7.438 0.089 2.271 0 0 255
-8.030 0.257 2.847 0 255 170
-7.977 0.103 2.830 0 0 255
-7.783 0.054 2.903 0 178 255
-8.109 0.197 2.960 0 8 255
-6.708 -0.101 2.892 0 255 157
-7.481 0.061 2.986 0 0 255
-7.980 0.265 3.144 0 8 255
-7.335 0.128 1.972 0 51 255
-7.378 0.204 0.438 0 0 255
-7.348 0.149 2.341 0 0 255
-6.861 0.197 2.906 0 255 191
-8.093 0.271 2.920 0 255 238
-7.921 0.296 2.859 0 255 208
-8.005 0.342 2.926 0 51 255
-7.332 0.320 2.685 0 255 174
-6.926 0.062 3.036 0 8 255
-7.948 0.272 3.105 0 161 255
-8.071 0.262 2.970 0 25 255
-7.458 0.168 3.278 0 0 255
-6.961 0.068 2.897 0 255 229
-6.882 0.109 3.099 0 17 255
-7.356 0.098 1.373 0 93 255
-7.415 0.142 1.603 0 0 255
-8.111 0.196 2.929 0 42 255
-6.704 0.027 2.906 0 255 178
-7.444 0.332 2.775 0 255 199
-6.875 0.126 3.086 0 17 255
-7.380 0.304 2.869 0 187 255
-6.802 0.163 2.887 0 119 255
-7.395 0.181 2.231 0 0 255
-7.420 0.195 1.940 0 0 255
-6.724 0.061 2.868 0 255 187
-6.797 0.068 2.807 0 255 195
-7.416 0.210 2.760 0 0 255
-6.707 0.098 2.976 0 8 255
-7.293 0.179 0.859 0 17 255
-7.409 0.223 2.453 0 0 255
-6.700 0.060 2.892 0 161 255
-7.357 0.168 2.377 0 0 255
-7.357 0.058 2.585 0 17 255
-7.893 0.262 2.804 0 0 255
-7.353 0.108 1.656 0 0 255
-6.902 -0.147 2.899 0 255 250
-7.320 0.324 2.544 0 255 123
-7.306 0.291 2.612 0 255 140
-7.297 0.309 2.584 0 255 119
-7.364 0.094 2.771 0 0 255
-7.328 0.307 2.878 0 255 195
-7.039 0.059 2.897 0 255 140
-8.061 -0.023 2.914 0 0 255
-7.411 0.181 2.258 0 0 255
-7.384 0.169 1.293 0 0 255
-7.373 0.174 2.745 0 0 255
-8.185 0.132 2.869 0 0 255
-8.058 0.276 2.907 0 255 148
-7.313 0.313 2.820 0 255 123
-7.370 0.166 2.568 0 25 255
-7.403 0.164 3.232 0 0 255
-7.351 0.193 3.328 0 0 255
-7.356 0.120 2.247 0 0 255
-7.415 0.163 1.527 0 0 255
-7.352 0.146 2.353 0 8 255
-7.750 0.193 3.306 0 8 255
-7.306 0.221 0.882 0 8 255
-7.503 0.355 2.664 0 0 255
-7.407 0.194 2.562 0 170 255
-6.827 0.126 3.133 0 8 255
-7.304 0.322 2.848 0 255 127
-7.445 0.343 2.572 0 255 161
-6.798 -0.049 3.024 0 25 255
-7.421 0.191 1.756 0 25 255
-7.434 0.158 3.354 0 17 255
-6.863 0.173 2.884 0 255 187
-7.876 0.319 2.948 0 246 255
-7.316 0.290 2.742 0 255 225
-7.307 0.141 0.950 0 0 255
-7.342 0.092 1.307 0 93 255
-7.308 0.336 2.555 0 255 148
-7.314 0.322 2.807 0 42 255
-6.810 0.299 2.883 0 0 255
-7.986 0.300 2.866 0 255 165
-6.790 0.061 3.186 0 0 255
-7.791 0.191 3.271 0 8 255
-6.879 0.039 2.793 0 51 255
-7.026 0.116 3.295 0 0 255
-6.803 0.085 3.327 0 0 255
-7.340 0.137 1.222 0 0 255
-7.346 0.174 2.188 0 0 255
-7.314 0.107 0.363 0 17 255
-7.321 0.372 2.616 0 255 127
-7.388 0.164 3.106 0 0 255
-6.835 0.072 2.806 0 25 255
-7.371 0.177 3.084 0 0 255
-7.355 0.142 2.083 0 8 255
-8.064 0.244 2.869 0 255 182
-7.397 0.188 1.775 0 0 255
-6.783 0.200 2.916 0 17 255
-6.875 0.077 3.297 0 0 255
-6.783 0.048 2.794 0 17 255
-8.048 0.083 2.919 0 34 255
-7.876 0.181 2.814 0 0 255
-8.002 0.395 2.922 0 0 255
-7.334 0.175 1.234 0 8 255
-7.334 0.096 0.654 0 0 255
-7.387 0.081 2.180 0 17 255
-7.390 0.187 2.522 0 17 255
-7.321 0.317 2.702 0 255 212
-7.743 0.191 2.967 0 42 255
-6.832 0.169 2.864 0 255 170
-7.844 0.120 3.340 0 0 255
-7.392 0.065 2.257 0 0 255
-7.277 0.133 3.272 0 0 255
-6.780 0.083 2.817 0 255 178
-7.354 0.215 2.056 0 0 255
-7.364 0.316 2.663 0 255 246
-7.929 0.038 3.009 0 0 255
-7.780 0.207 3.273 0 8 255
-7.433 0.310 2.520 0 255 165
-7.349 0.060 1.822 0 42 255
-6.939 0.028 3.284 0 0 255
-6.848 0.046 3.229 0 0 255
-7.927 0.156 3.106 0 0 255
-7.355 0.319 2.687 0 255 250
-6.830 0.107 2.798 0 255 221
-7.340 0.159 3.296 0 8 255
-7.412 0.182 2.175 0 0 255
-7.689 0.169 3.263 0 8 255
-7.403 0.165 3.144 0 0 255
-7.426 0.313 2.543 0 238 255
-6.828 0.064 3.238 0 0 255
-7.355 0.160 1.146 0 93 255
-6.904 0.243 2.915 0 255 191
-7.073 0.108 3.279 0 8 255
-7.188 0.119 3.272 0 0 255
-7.889 0.140 2.800 0 0 255
-7.443 0.322 2.691 0 255 136
