-27.883 7.806 2.797 0 0 255
-27.414 7.467 2.839 0 255 174
-27.942 7.540 2.018 0 8 255
-27.951 7.667 0.987 0 0 255
-27.497 7.303 2.795 0 0 255
-27.523 7.439 3.025 0 8 255
-27.869 7.654 0.783 0 0 255
-27.399 7.394 3.233 0 85 255
-27.926 7.618 3.009 0 0 255
-27.941 7.663 0.572 0 0 255
-27.922 7.580 2.876 0 0 255
-27.901 7.615 0.290 0 8 255
-28.401 7.798 3.308 0 0 255
-28.641 7.753 2.959 0 0 255
-28.378 7.851 2.980 0 0 255
-27.351 7.241 2.910 0 127 255
-27.799 7.763 2.789 0 0 255
-27.925 7.550 2.210 0 0 255
-27.935 7.626 3.018 0 0 255
-28.415 7.768 2.824 0 255 187
-28.013 7.652 1.554 0 0 255
-27.924 7.586 2.396 0 0 255
-27.988 7.728 2.595 0 255 114
-28.345 7.731 2.922 0 195 255
-28.558 7.799 3.266 0 0 255
-27.426 7.493 3.002 0 0 255
-28.059 7.585 0.574 0 0 255
-27.879 7.584 0.980 0 0 255
-27.375 7.395 2.809 0 255 250
-28.218 7.725 3.339 0 0 255
-28.366 7.692 2.913 0 221 255
-27.955 7.542 2.504 0 8 255
-27.218 7.408 2.866 0 0 255
-28.032 7.620 2.400 0 0 255
-27.905 7.606 3.034 0 0 255
-27.482 7.453 3.240 0 0 255
-28.558 7.756 3.054 0 0 255
-28.664 7.744 2.884 0 255 153
-28.501 7.855 3.252 0 0 255
-28.383 7.611 2.889 0 255 140
-27.369 7.430 3.124 0 0 255
-27.941 7.648 2.540 0 93 255
-27.601 7.261 2.883 0 212 255
-27.882 7.626 0.415 0 0 255
-27.861 7.582 3.273 0 0 255
-27.923 7.620 0.378 0 0 255
-28.335 7.696 2.917 0 0 255
-27.897 7.662 0.626 0 0 255
-27.929 7.507 0.910 0 8 255
-27.931 7.650 0.298 0 0 255
-27.977 7.675 0.571 0 0 255
-27.978 7.628 1.618 0 34 255
-27.448 7.464 3.175 0 0 255
-27.865 7.756 2.649 0 255 140
-28.516 7.885 2.820 0 255 165
-28.073 7.697 3.255 0 17 255
-27.307 7.261 2.887 0 255 204
-28.000 7.610 2.737 0 0 255
-27.942 7.639 0.818 0 0 255
-28.422 7.940 2.908 0 0 255
-28.137 7.670 3.260 0 0 255
-27.901 7.622 1.879 0 0 255
-27.536 7.400 3.044 0 8 255
-27.598 7.482 3.316 0 0 255
-28.616 7.806 2.818 0 187 255
-27.592 7.317 2.853 0 204 255
-27.977 7.637 2.228 0 0 255
-27.986 7.610 3.226 0 0 255
-28.477 7.580 2.863 0 42 255
-28.096 7.670 3.277 0 0 255
-28.459 7.849 3.190 0 0 255
-27.670 7.512 3.307 0 0 255
-28.035 7.557 0.483 0 8 255
-27.786 7.766 2.632 0 0 255
-28.020 7.595 1.029 0 0 255
-28.427 7.791 2.794 0 59 255
-27.943 7.639 0.671 0 0 255
-27.989 7.614 3.098 0 0 255
-27.360 7.342 2.800 0 127 255
-27.669 7.453 3.233 0 0 255
-28.590 7.895 3.008 0 0 255
-27.892 7.515 0.545 0 8 255
-28.488 7.905 3.023 0 0 255
-27.969 7.643 3.310 0 0 255
-27.899 7.629 0.954 0 17 255
-27.946 7.523 1.993 0 0 255
-27.895 7.635 0.386 0 0 255
-27.901 7.589 0.949 0 0 255
-27.920 7.634 2.848 0 17 255
-27.409 7.455 2.851 0 204 255
-27.687 7.504 3.298 0 0 255
-27.522 7.471 2.875 0 255 204
-27.967 7.660 2.645 0 25 255
-27.907 7.577 1.790 0 0 255
-27.462 7.420 3.183 0 0 255
-28.559 7.933 2.923 0 0 255
-27.482 7.497 2.873 0 255 191
-27.205 7.428 2.857 0 0 255
-27.537 7.403 2.780 0 255 255
-28.626 7.613 2.884 0 8 255
-28.008 7.602 3.130 0 8 255
-28.539 7.876 2.808 0 255 178
-27.548 7.424 3.239 0 0 255
-27.558 7.478 2.897 0 255 255
-28.344 7.845 2.932 0 0 255
-27.922 7.801 2.916 0 93 255
-27.980 7.622 1.488 0 0 255
-27.984 7.634 1.432 0 0 255
-27.992 7.629 3.049 0 0 255
-28.369 7.985 2.887 0 255 255
-28.019 7.623 3.024 0 0 255
-27.939 7.609 1.037 0 51 255
-27.849 7.548 3.255 0 0 255
-27.945 7.749 2.610 0 255 123
-28.704 7.863 2.886 0 51 255
-27.909 7.760 2.735 0 255 204
-27.947 7.817 2.715 0 255 114
-28.255 7.680 3.283 0 0 255
-28.552 7.762 2.785 0 0 255
-27.988 7.634 1.962 0 0 255
-27.986 7.648 1.546 0 34 255
-27.330 7.504 2.881 0 93 255
-27.947 7.801 2.653 0 255 191
-27.834 7.563 3.266 0 8 255
-28.540 8.013 2.896 0 204 255
-28.499 7.872 3.099 0 0 255
-27.590 7.483 2.848 0 17 255
-27.986 7.616 2.871 0 0 255
-28.411 7.934 2.931 0 0 255
-28.003 7.574 1.425 0 0 255
-28.025 7.585 2.256 0 25 255
-27.921 7.555 2.322 0 0 255
-27.987 7.637 3.085 0 0 255
-28.624 7.880 2.954 0 0 255
-28.008 7.525 0.233 0 0 255
-28.571 7.773 2.849 0 212 255
-27.905 7.620 2.635 0 0 255
-28.000 7.731 2.852 0 17 255
-27.929 7.613 2.166 0 0 255
-27.940 7.612 0.302 0 8 255
-27.903 7.586 1.087 0 0 255
-28.365 7.858 2.996 0 0 255
-28.009 7.577 2.141 0 0 255
-27.572 7.473 2.924 0 0 255
-28.727 7.786 2.904 0 8 255
-27.416 7.408 3.176 0 0 255
-27.957 7.651 0.872 0 0 255
-27.811 7.516 3.256 0 0 255
-27.977 7.748 2.758 0 255 131
-27.371 7.428 3.004 0 0 255
-27.999 7.674 0.742 0 17 255
-27.497 7.425 3.269 0 0 255
-27.734 7.536 3.286 0 0 255
-27.967 7.668 2.030 0 0 255
-27.426 7.334 2.795 0 255 242
-28.030 7.572 1.711 0 0 255
-27.943 7.628 0.709 0 0 255
-28.415 7.916 2.912 0 255 148
-28.011 7.567 1.195 0 8 255
-27.893 7.552 0.477 0 0 255
-27.930 7.792 2.681 0 255 153
-27.998 7.636 2.472 0 0 255
-28.638 7.725 2.916 0 212 255
-27.999 7.600 1.942 0 51 255
-27.985 7.626 2.254 0 0 255
-27.943 7.503 2.388 0 0 255
-27.923 7.657 2.627 0 0 255
-27.941 7.625 1.350 0 0 255
-27.963 7.635 2.452 0 0 255
-27.335 7.535 2.887 0 0 255
-28.503 7.916 2.844 0 255 170
-27.826 7.516 3.267 0 0 255
-27.854 7.751 2.841 0 255 123
-27.986 7.636 1.272 0 0 255
-27.518 7.354 2.756 0 0 255
-28.277 7.800 2.893 0 255 178
-27.977 7.677 2.814 0 0 255
-28.017 7.567 0.237 0 0 255
-27.918 7.640 0.327 0 0 255
-27.791 7.742 2.559 0 0 255
-28.024 7.606 0.894 0 0 255
-27.937 7.539 2.895 0 0 255
-27.561 7.448 2.979 0 0 255
-27.985 7.652 2.209 0 0 255
-27.850 7.759 2.557 0 255 161
-27.948 7.556 2.778 0 0 255
-27.960 7.660 0.726 0 0 255
-27.900 7.623 2.334 0 0 255
-27.453 7.218 2.827 0 0 255
-28.184 7.656 3.261 0 0 255
-27.872 7.611 0.957 0 0 255
-27.982 7.761 2.868 0 255 123
-27.932 7.635 0.497 0 0 255
-27.435 7.395 3.134 0 0 255
-28.561 7.814 3.112 0 0 255
-27.917 7.629 3.030 0 0 255
-27.985 7.650 1.743 0 0 255
-28.442 7.900 3.125 0 0 255
-28.475 7.729 2.799 0 76 255
-27.914 7.706 2.508 0 0 255
-28.004 7.606 1.563 0 8 255
-27.610 7.401 2.916 0 255 199
-27.990 7.645 3.283 0 8 255
-27.966 7.786 2.572 0 255 182
-27.888 7.591 0.867 0 0 255
-27.480 7.377 2.793 0 255 216
-27.802 7.762 2.559 0 0 255
-27.947 7.583 2.097 0 0 255
-28.018 7.573 0.826 0 0 255
-27.871 7.570 0.295 0 0 255
-28.039 7.579 0.253 0 0 255
-27.542 7.482 3.005 0 8 255
-27.311 7.371 2.878 0 68 255
-27.982 7.549 1.644 0 0 255
-27.968 7.720 2.600 0 17 255
-27.960 7.628 3.281 0 0 255
-28.001 7.611 2.248 0 0 255
-27.311 7.427 2.913 0 0 255
-28.009 7.559 2.867 0 0 255
-27.964 7.632 2.456 0 0 255
-27.426 7.452 3.085 0 8 255
-27.973 7.724 2.922 0 0 255
-28.606 7.802 3.023 0 0 255
-27.921 7.534 2.433 0 0 255
-28.586 7.883 2.869 0 255 199
-27.915 7.617 1.766 0 0 255
-28.005 7.620 1.048 0 0 255
-27.979 7.771 2.590 0 255 110
-27.974 7.622 1.379 0 0 255
-27.919 7.778 2.870 0 153 255
-28.002 7.605 1.767 0 0 255
-27.967 7.656 1.902 0 0 255
-28.042 7.566 0.840 0 0 255
-27.279 7.266 2.896 0 85 255
-27.604 7.453 3.301 0 0 255
-27.959 7.542 2.184 0 8 255
-27.885 7.748 2.544 0 204 255
-28.018 7.590 0.878 0 42 255
-27.363 7.371 3.096 0 8 255
-28.481 7.830 3.217 0 0 255
-27.373 7.426 3.094 0 0 255
-27.923 7.508 0.942 0 0 255
-28.700 7.740 2.914 0 0 255
-27.417 7.407 3.294 0 8 255
-28.380 7.880 2.894 0 127 255
-27.500 7.506 2.960 0 0 255
-27.555 7.351 3.002 0 0 255
-28.006 7.667 2.519 0 17 255
-28.500 7.941 2.888 0 195 255
-27.830 7.695 2.861 0 255 157
-27.975 7.569 2.100 0 0 255
-27.394 7.535 2.872 0 17 255
-28.016 7.649 2.951 0 0 255
-28.333 7.695 2.878 0 255 123
-28.036 7.582 0.370 0 0 255
-27.977 7.770 2.568 0 255 119
-27.822 7.752 2.700 0 255 178
-27.900 7.607 3.262 0 34 255
-27.999 7.592 2.533 0 0 255
-28.125 7.687 3.284 0 8 255
-28.552 7.799 3.233 0 0 255
-27.958 7.650 0.213 0 8 255
-27.973 7.625 1.757 0 0 255
-27.921 7.641 0.583 0 0 255
-27.970 7.629 3.083 0 0 255
-28.636 7.616 2.863 0 255 144
-27.950 7.629 1.405 0 0 255
-28.443 7.915 2.999 0 0 255
-27.943 7.528 0.538 0 0 255
-27.263 7.299 2.885 0 0 255
-27.912 7.619 1.164 0 0 255
-28.004 7.590 2.475 0 0 255
-28.534 7.854 3.039 0 0 255
-27.996 7.658 3.343 0 0 255
-27.931 7.679 2.442 0 17 255
-28.536 7.876 3.043 0 0 255
-27.598 7.197 2.887 0 76 255
-27.871 7.653 2.666 0 255 140
-27.862 7.753 2.606 0 255 114
-27.955 7.803 2.667 0 255 191
-27.860 7.749 2.620 0 255 161
-28.017 7.564 1.563 0 8 255
-27.398 7.230 2.844 0 0 255
-27.217 7.315 2.865 0 255 161
-27.608 7.347 2.887 0 127 255
-27.984 7.660 2.838 0 0 255
-27.335 7.301 2.851 0 0 255
-27.943 7.626 0.205 0 0 255
-27.980 7.595 2.028 0 0 255
-28.464 7.960 2.929 0 0 255
-28.417 7.746 2.743 0 255 246
-28.544 7.851 3.107 0 0 255
-27.947 7.604 2.086 0 0 255
-28.104 7.675 3.283 0 0 255
-28.366 7.655 2.891 0 255 148
-28.033 7.602 1.556 0 0 255
-28.495 7.735 3.048 0 0 255
-28.013 7.665 3.261 0 51 255
-28.012 7.548 0.601 0 8 255
-27.981 7.560 1.969 0 0 255
-28.586 7.787 2.814 0 51 255
-27.493 7.563 2.894 0 144 255
-28.007 7.613 3.182 0 0 255
-27.946 7.641 2.899 0 0 255
-27.962 7.642 2.815 0 0 255
-28.012 7.605 2.332 0 0 255
-28.621 7.733 2.935 0 0 255
-28.030 7.671 2.510 0 0 255
-27.869 7.674 2.611 0 0 255
-27.955 7.639 2.038 0 0 255
-27.394 7.498 2.984 0 0 255
-28.056 7.588 0.483 0 0 255
-27.988 7.644 0.266 0 0 255
-28.505 7.817 3.198 0 0 255
-28.046 7.576 1.008 0 0 255
-27.918 7.607 3.081 0 0 255
-27.757 7.510 3.236 0 0 255
-27.950 7.532 2.328 0 0 255
-28.029 7.576 0.416 0 0 255
-27.855 7.664 2.726 0 8 255
-28.440 7.711 2.803 0 59 255
-27.987 7.659 3.027 0 0 255
-27.290 7.390 2.905 0 0 255
-28.514 7.862 2.807 0 255 170
-27.992 7.555 2.179 0 0 255
-28.529 7.872 3.219 0 0 255
-27.985 7.680 0.646 0 0 255
-28.000 7.604 2.829 0 8 255
-28.007 7.572 1.168 0 8 255
-28.595 7.597 2.875 0 0 255
-27.982 7.642 0.983 0 8 255
-28.412 7.840 2.822 0 255 229
-27.825 7.766 2.892 0 255 127
-27.963 7.648 2.575 0 0 255
-27.816 7.699 2.708 0 34 255
-27.879 7.618 2.133 0 0 255
-27.943 7.556 1.184 0 17 255
-28.044 7.610 0.815 0 8 255
-27.816 7.771 2.881 0 255 242
-27.940 7.547 2.505 0 0 255
-28.011 7.585 0.857 0 0 255
-27.382 7.142 2.877 0 144 255
-28.519 7.822 3.244 0 34 255
-27.918 7.636 2.684 0 0 255
-27.845 7.719 2.589 0 255 153
-28.398 7.915 2.974 0 0 255
-27.992 7.625 1.216 0 0 255
-28.266 7.856 2.876 0 255 191
-27.789 7.779 2.510 0 0 255
-28.652 7.727 2.858 0 229 255
-27.986 7.790 2.510 0 255 174
-27.766 7.546 3.305 0 0 255
-27.999 7.620 0.777 0 0 255
-27.974 7.690 0.838 0 0 255
-28.016 7.584 2.853 0 0 255
-28.096 7.678 3.327 0 0 255
-28.433 7.850 3.062 0 0 255
-28.402 7.801 3.118 0 0 255
-27.927 7.528 1.094 0 0 255
-28.390 7.813 3.004 0 0 255
-27.978 7.650 0.865 0 0 255
-28.422 7.951 2.928 0 0 255
-27.976 7.605 2.383 0 0 255
-27.928 7.564 1.979 0 0 255
-28.020 7.572 2.282 0 0 255
-27.565 7.437 2.931 0 0 255
-28.536 7.833 2.777 0 221 255
-28.008 7.599 2.142 0 17 255
-28.415 7.944 2.940 0 0 255
-27.529 7.436 3.310 0 0 255
-27.984 7.774 2.882 0 59 255
-27.976 7.584 2.828 0 25 255
-27.999 7.608 0.347 0 0 255
-27.915 7.560 2.116 0 0 255
-28.599 7.822 3.027 0 0 255
-28.333 7.801 3.272 0 0 255
-27.577 7.298 2.843 0 255 250
-28.378 7.789 2.853 0 153 255
-27.999 7.617 2.064 0 0 255
-27.927 7.578 2.545 0 0 255
-27.888 7.754 2.665 0 255 199
-27.900 7.793 2.901 0 0 255
-27.369 7.389 3.066 0 0 255
-27.603 7.401 2.941 0 0 255
-28.559 7.790 3.097 0 8 255
-27.992 7.755 2.544 0 255 102
-27.831 7.694 2.592 0 255 127
-27.963 7.516 0.438 0 0 255
-28.022 7.575 0.995 0 0 255
-28.198 7.713 3.245 0 0 255
-27.973 7.795 2.666 0 255 148
-28.401 7.818 2.834 0 255 233
-27.919 7.593 2.754 0 0 255
-27.991 7.754 2.788 0 255 161
-27.250 7.431 2.848 0 8 255
-28.443 7.853 3.101 0 0 255
-27.427 7.182 2.879 0 255 242
-27.900 7.561 1.646 0 0 255
-27.531 7.332 2.828 0 68 255
-28.019 7.576 1.747 0 17 255
-27.897 7.593 1.192 0 25 255
-27.835 7.713 2.719 0 255 131
-28.356 7.759 2.909 0 255 246
-28.016 7.603 0.466 0 0 255
-28.470 7.925 2.909 0 255 165
-28.363 7.819 3.011 0 0 255
-28.410 7.933 2.865 0 102 255
-27.999 7.623 1.414 0 8 255
-27.430 7.462 3.033 0 0 255
-28.030 7.597 1.526 0 0 255
-27.819 7.674 2.860 0 0 255
-27.931 7.536 2.722 0 0 255
-27.989 7.654 1.235 0 17 255
-28.540 7.902 2.882 0 255 161
-28.590 7.808 3.012 0 0 255
-27.916 7.556 1.536 0 0 255
-27.985 7.648 2.801 0 0 255
-27.495 7.432 3.066 0 0 255
-27.984 7.762 2.538 0 255 127
-27.857 7.615 0.473 0 0 255
-27.256 7.407 2.890 0 25 255
-27.921 7.634 0.226 0 8 255
-27.323 7.429 2.992 0 0 255
-27.910 7.607 1.447 0 0 255
-27.955 7.661 2.655 0 0 255
-27.949 7.667 1.085 0 0 255
-27.506 7.430 3.039 0 0 255
-27.571 7.427 2.907 0 170 255
-27.975 7.728 2.480 0 0 255
-27.973 7.553 1.902 0 0 255
-28.078 7.657 3.301 0 0 255
-27.885 7.642 0.988 0 0 255
-27.989 7.652 2.617 0 0 255
-28.015 7.578 1.817 0 0 255
-28.333 7.709 2.879 0 255 136
-27.493 7.381 3.056 0 8 255
-28.406 7.814 2.807 0 102 255
-27.286 7.456 2.892 0 119 255
-28.022 7.645 0.983 0 17 255
-28.400 7.883 2.834 0 255 221
-28.009 7.626 3.119 0 0 255
-27.925 7.549 2.991 0 0 255
-27.820 7.696 2.623 0 51 255
-28.468 7.805 3.214 0 0 255
-27.520 7.497 2.950 0 0 255
-27.554 7.478 2.943 0 0 255
-28.012 7.591 3.016 0 0 255
-28.620 7.790 3.000 0 0 255
-27.574 7.488 3.256 0 0 255
-27.921 7.758 2.861 0 187 255
-27.937 7.805 2.856 0 255 165
-27.583 7.491 2.929 0 0 255
-27.952 7.665 0.542 0 0 255
-27.853 7.687 2.513 0 255 127
-27.331 7.452 2.827 0 85 255
-27.994 7.647 0.230 0 0 255
-27.899 7.614 1.193 0 0 255
-27.946 7.802 2.778 0 255 191
-27.975 7.639 3.217 0 0 255
-28.550 7.838 3.142 0 0 255
-28.531 7.798 3.071 0 0 255
-28.504 7.828 3.308 0 0 255
-27.953 7.592 1.567 0 0 255
-27.926 7.634 2.973 0 0 255
-28.462 7.895 3.036 0 0 255
-28.697 7.739 2.890 0 255 191
-27.964 7.625 1.971 0 0 255
-28.434 7.899 2.847 0 255 174
-27.849 7.762 2.573 0 255 157
-28.006 7.578 1.109 0 25 255
-27.982 7.788 2.533 0 255 131
-27.515 7.412 3.057 0 0 255
-27.799 7.738 2.794 0 0 255
-27.587 7.366 2.899 0 144 255
-28.018 7.586 1.530 0 17 255
-27.682 7.330 2.888 0 0 255
-28.028 7.598 0.214 0 25 255
-27.937 7.535 1.204 0 0 255
-27.658 7.320 2.885 0 255 161
-27.968 7.542 2.865 0 0 255
-27.942 7.552 3.032 0 0 255
-28.025 7.588 2.850 0 0 255
-27.833 7.548 3.277 0 0 255
-27.985 7.645 1.341 0 8 255
-28.024 7.607 0.441 0 0 255
-27.964 7.639 3.224 0 0 255
-28.615 7.798 3.002 0 0 255
-27.486 7.346 3.144 0 0 255
-27.912 7.594 1.885 0 0 255
-28.019 7.574 0.861 0 0 255
-27.973 7.602 2.095 0 0 255
-27.980 7.636 2.450 0 8 255
-27.456 7.487 2.844 0 255 178
-27.951 7.590 2.696 0 136 255
-28.019 7.572 2.153 0 0 255
-27.669 7.295 2.898 0 0 255
-27.481 7.513 2.945 0 0 255
-27.597 7.387 2.880 0 229 255
-27.990 7.578 2.078 0 0 255
-27.934 7.793 2.611 0 255 161
-28.048 7.516 0.857 0 0 255
-27.476 7.519 2.905 0 255 255
-28.055 7.608 0.272 0 0 255
-27.948 7.679 2.721 0 8 255
-28.022 7.625 0.573 0 0 255
-27.954 7.703 2.748 0 255 144
-28.290 7.930 2.867 0 8 255
-28.496 7.686 2.801 0 51 255
-27.992 7.610 2.458 0 25 255
-27.950 7.641 2.095 0 0 255
-27.971 7.642 2.866 0 0 255
-27.949 7.796 2.825 0 255 119
-28.583 7.794 3.013 0 0 255
-27.382 7.305 2.755 0 0 255
-28.050 7.607 0.593 0 0 255
-27.620 7.453 3.233 0 0 255
-27.971 7.630 1.981 0 0 255
-28.056 7.578 0.542 0 0 255
-28.272 7.690 2.885 0 8 255
-27.942 7.798 2.534 0 255 216
-28.005 7.597 2.790 0 0 255
-27.342 7.449 2.976 0 0 255
-27.560 7.454 2.900 0 255 204
-27.958 7.804 2.788 0 255 153
-27.922 7.606 2.057 0 0 255
-27.975 7.481 0.894 0 0 255
-27.964 7.793 2.772 0 255 106
-27.920 7.624 1.181 0 0 255
-27.952 7.711 2.772 0 255 187
-28.503 7.942 2.892 0 255 140
-28.054 7.600 0.333 0 0 255
-27.958 7.797 2.590 0 255 110
-27.523 7.291 2.782 0 25 255
-27.843 7.762 2.537 0 255 153
-27.663 7.498 3.272 0 0 255
-27.863 7.756 2.858 0 255 136
-27.555 7.387 2.839 0 161 255
-27.963 7.633 0.442 0 0 255
