-26.829 8.778 1.648 0 255 72
-27.211 8.991 1.339 0 255 34
-26.756 8.739 1.464 255 240 0
-26.767 8.743 1.562 0 255 119
-26.321 8.486 1.364 0 0 255
-27.644 9.201 1.470 0 0 255
-27.149 8.962 1.051 0 255 46
-26.884 8.810 1.770 0 255 110
-27.460 9.115 1.731 0 255 191
-26.895 8.820 0.911 0 0 255
-27.474 9.127 1.825 0 0 255
-27.143 8.957 1.209 0 255 63
-26.672 8.700 1.167 0 255 153
-26.851 8.792 1.593 0 255 136
-26.800 8.765 1.123 0 255 68
-26.946 8.849 1.107 0 255 68
-27.358 9.070 1.445 0 255 119
-27.447 9.101 1.343 0 0 255
-26.238 8.428 1.541 0 0 255
-27.023 8.890 1.457 0 255 97
-26.418 8.563 0.972 0 0 255
-27.133 8.982 0.936 0 0 255
-26.892 8.812 1.755 102 255 0
-26.595 8.648 1.630 0 255 119
-26.774 8.749 1.498 255 211 0
-27.662 9.258 0.996 0 0 255
-26.463 8.574 1.774 12 255 0
-26.894 8.821 1.003 0 255 89
-27.638 9.245 0.952 0 0 255
-27.053 8.907 1.125 0 255 72
-26.261 8.491 1.410 0 255 178
-27.673 9.244 1.822 0 0 255
-26.237 8.476 1.815 0 0 255
-26.514 8.614 1.149 0 255 97
-26.226 8.490 1.595 0 8 255
-27.615 9.225 0.995 0 25 255
-26.791 8.761 1.078 0 255 72
-27.109 8.937 1.247 0 255 63
-27.180 8.979 1.272 0 255 63
-26.977 8.863 1.574 0 255 144
-27.225 9.028 1.769 0 255 165
-26.570 8.686 1.392 0 255 8
-27.564 9.138 1.068 0 0 255
-27.697 9.255 0.319 0 0 255
-26.855 8.795 1.444 0 255 55
-27.711 9.215 1.967 0 0 255
-27.711 9.193 1.750 0 0 255
-26.817 8.770 1.576 0 255 59
-26.826 8.780 1.432 0 255 72
-27.648 9.211 1.452 0 0 255
-26.611 8.658 1.564 170 255 0
-26.874 8.815 1.015 0 255 80
-27.108 8.932 1.362 255 156 0
-27.611 9.274 0.220 0 0 255
-27.259 9.017 1.352 0 255 12
-27.072 8.916 1.783 0 255 204
-26.338 8.489 1.194 0 0 255
-27.071 8.914 1.375 0 255 38
-27.143 8.960 1.513 0 255 199
-27.177 8.974 1.305 0 255 46
-26.701 8.713 1.337 0 255 148
-26.344 8.517 1.768 0 0 255
-27.481 9.134 1.637 0 0 255
-27.642 9.237 0.379 0 0 255
-27.630 9.202 1.562 0 0 255
-27.039 8.895 1.591 255 230 0
-27.493 9.144 1.505 0 0 255
-26.671 8.741 1.224 0 0 255
-26.213 8.480 0.499 0 0 255
-26.594 8.653 1.514 178 255 0
-26.765 8.751 1.133 0 255 140
-27.482 9.133 1.516 0 0 255
-26.501 8.597 1.674 0 255 80
-26.703 8.716 1.259 0 255 233
-26.658 8.693 1.132 255 221 0
-27.435 9.107 1.695 51 255 0
-27.144 8.956 1.499 0 255 131
-27.613 9.213 1.796 0 0 255
-27.455 9.140 0.991 0 0 255
-26.859 8.796 1.633 0 255 59
-26.341 8.525 1.575 0 0 255
-26.452 8.572 1.627 0 34 255
-27.700 9.250 1.629 0 0 255
-27.046 8.904 1.397 0 68 255
-26.752 8.745 1.823 0 170 255
-27.205 8.987 1.391 0 255 21
-27.367 9.081 1.360 0 255 68
-27.454 9.111 1.672 0 255 123
-27.206 8.981 1.586 0 255 59
-27.080 8.923 1.696 199 255 0
-27.306 9.038 1.745 0 255 102
-27.277 9.030 1.332 0 255 127
-26.818 8.757 1.409 0 255 17
-26.758 8.749 0.970 0 255 97
-27.010 8.882 1.283 0 255 72
-26.626 8.668 1.768 25 255 0
-27.236 9.079 1.434 0 102 255
-27.663 9.250 1.922 0 0 255
-27.651 9.239 1.885 0 0 255
-26.440 8.568 1.305 0 255 12
-27.695 9.263 0.442 0 0 255
-27.500 9.141 1.805 0 0 255
-26.396 8.567 0.923 0 0 255
-26.435 8.564 1.813 0 0 255
-27.394 9.083 1.567 0 255 38
-27.657 9.247 1.172 0 17 255
-27.227 8.996 1.730 216 255 0
-26.814 8.769 1.513 0 255 63
-26.460 8.584 1.193 0 246 255
-26.507 8.608 1.221 255 190 0
-26.644 8.681 1.573 191 255 0
-27.357 9.074 1.382 0 255 42
-27.171 8.966 1.728 0 255 123
-27.407 9.099 0.966 0 255 106
-26.762 8.744 1.374 255 204 0
-26.451 8.574 1.812 0 0 255
-26.523 8.612 1.840 0 0 255
-27.241 9.006 1.617 0 255 119
-27.146 8.957 1.497 0 59 255
-26.587 8.650 1.063 0 255 161
-27.479 9.190 1.250 0 0 255
-27.086 8.932 1.210 255 209 0
-26.457 8.575 1.552 38 255 0
-27.740 9.188 1.155 0 8 255
-26.817 8.774 1.630 0 255 140
-26.837 8.783 1.605 0 59 255
-26.417 8.555 1.525 0 51 255
-27.115 8.933 1.813 59 255 0
-27.688 9.257 1.687 0 25 255
-27.350 9.059 1.679 140 255 0
-26.379 8.523 1.726 0 0 255
-26.412 8.552 1.772 0 0 255
-27.503 9.155 1.008 0 0 255
-27.454 9.110 1.637 0 255 25
-27.424 9.102 1.559 0 255 136
-26.696 8.712 1.153 0 255 97
-27.489 9.147 1.392 0 0 255
-27.274 9.028 1.217 0 255 34
-26.886 8.813 1.333 255 178 0
-27.090 8.921 1.819 0 255 123
-27.020 8.890 1.237 255 180 0
-27.436 9.112 1.402 0 255 51
-27.645 9.233 1.787 0 0 255
-27.637 9.223 1.840 0 0 255
-26.952 8.850 1.273 255 218 0
-26.456 8.575 1.464 46 255 0
-26.892 8.812 1.789 114 255 0
-27.316 9.055 1.269 102 255 0
-26.587 8.646 1.660 0 255 153
-27.077 8.944 1.382 0 255 123
-26.818 8.775 1.409 0 255 106
-26.363 8.548 1.141 0 255 4
-27.175 8.971 1.662 0 255 85
-27.707 9.216 1.923 0 0 255
-26.687 8.707 1.384 0 255 97
-26.506 8.607 1.165 0 68 255
-26.665 8.694 1.738 0 255 89
-26.525 8.607 1.580 0 255 17
-26.958 8.856 1.320 0 76 255
-26.819 8.772 1.534 170 255 0
-26.244 8.470 1.082 0 8 255
-27.282 9.025 1.458 204 255 0
-27.637 9.278 0.769 0 0 255
-26.610 8.656 1.749 0 255 157
-26.204 8.461 1.523 0 0 255
-27.415 9.106 1.150 0 255 38
-26.200 8.422 1.759 0 8 255
-27.703 9.252 1.412 0 255 170
-27.474 9.152 1.869 0 0 255
-27.651 9.254 1.224 0 0 255
-27.481 9.123 1.577 0 8 255
-27.693 9.265 0.843 0 0 255
-27.051 8.771 1.823 0 85 255
-26.980 8.870 1.803 0 212 255
-27.098 8.923 1.734 170 255 0
-26.293 8.484 1.014 0 0 255
-26.462 8.574 1.686 72 255 0
-27.212 8.999 0.987 0 255 63
-27.704 9.185 0.880 0 0 255
-27.118 8.939 1.390 0 255 63
-27.169 8.973 0.995 0 255 34
-27.128 8.938 1.832 0 0 255
-27.524 9.138 1.197 0 0 255
-26.286 8.483 1.339 0 255 148
-26.645 8.680 1.613 0 255 80
-27.648 9.253 1.068 0 25 255
-26.937 8.842 1.238 255 192 0
-27.325 9.046 1.807 0 255 204
-27.152 8.955 1.424 0 255 34
-27.693 9.270 0.841 0 255 187
-26.888 8.837 1.620 0 255 225
-26.390 8.521 1.753 0 8 255
-27.074 8.914 1.506 0 255 51
-27.311 9.044 1.244 182 255 0
-27.343 9.044 1.053 0 42 255
-26.600 8.653 1.701 68 255 0
-26.669 8.694 1.525 0 255 80
-27.401 9.105 1.425 0 255 131
-26.757 8.781 1.595 0 68 255
-26.728 8.721 1.680 178 255 0
-27.637 9.240 1.278 0 93 255
-27.122 8.938 1.270 255 141 0
-27.685 9.254 1.174 0 0 255
-26.221 8.472 1.904 0 0 255
-26.458 8.572 1.299 0 68 255
-27.706 9.256 0.669 0 0 255
-26.596 8.653 1.428 0 255 157
-26.381 8.525 1.744 0 0 255
-26.285 8.480 1.428 0 0 255
-27.176 8.969 1.472 0 255 63
-26.896 8.809 1.829 0 0 255
-27.272 9.024 1.832 0 0 255
-27.713 9.220 1.281 0 0 255
-27.466 9.123 1.524 0 0 255
-27.280 9.033 1.236 0 255 114
-27.697 9.247 1.479 0 119 255
-26.724 8.723 1.439 255 214 0
-26.625 8.677 1.063 255 226 0
-26.226 8.442 0.466 0 0 255
-26.191 8.444 1.818 0 0 255
-26.402 8.553 1.674 0 0 255
-26.409 8.535 1.740 0 0 255
-27.497 9.138 1.340 0 0 255
-27.262 9.017 0.976 59 255 0
-27.675 9.275 0.385 0 0 255
-27.607 9.190 1.026 0 0 255
-26.277 8.480 1.849 0 51 255
-26.189 8.356 0.752 0 212 255
-26.632 8.674 1.726 42 255 0
-26.276 8.475 1.846 0 8 255
-27.615 9.225 0.919 0 0 255
-27.191 8.977 1.679 0 255 123
-27.387 9.091 1.056 0 255 127
-27.335 9.054 1.772 106 255 0
-26.582 8.640 1.427 89 255 0
-27.606 9.194 1.105 0 0 255
-27.599 9.161 1.204 0 0 255
-27.407 9.099 1.666 0 255 127
-27.643 9.240 1.190 0 0 255
-26.241 8.476 1.546 0 0 255
-26.679 8.699 1.768 0 255 157
-26.512 8.605 1.692 0 255 153
-27.245 9.007 1.635 157 255 0
-26.360 8.509 1.502 0 0 255
-27.032 8.933 1.696 0 102 255
-27.153 8.961 1.271 0 255 136
-26.988 8.869 1.383 0 255 144
-26.199 8.439 1.008 0 0 255
-26.535 8.618 1.654 0 255 187
-27.529 9.154 1.796 0 0 255
-27.353 9.067 1.268 199 255 0
-26.937 8.849 1.220 0 255 119
-26.614 8.669 1.516 0 255 72
-26.909 8.833 1.124 255 202 0
-26.200 8.499 1.577 0 255 144
-27.571 9.158 1.749 0 0 255
-27.302 9.034 1.641 0 255 93
-27.046 8.933 1.194 0 255 212
-26.926 8.790 1.260 0 34 255
-27.060 8.931 1.325 0 255 119
-26.296 8.397 1.290 0 0 255
-27.709 9.251 0.933 0 0 255
-27.383 9.087 1.079 0 255 38
-27.109 8.942 1.017 0 255 59
-26.764 8.741 1.706 174 255 0
-26.843 8.784 1.659 0 255 144
-26.257 8.487 1.263 0 127 255
-26.797 8.765 0.913 0 0 255
-27.634 9.293 0.263 0 0 255
-27.671 9.258 1.289 0 0 255
-27.318 9.056 1.139 72 255 0
-26.879 8.807 1.792 123 255 0
-26.286 8.472 1.053 0 0 255
-27.205 8.992 1.353 0 255 42
-27.740 9.164 0.593 0 76 255
-26.534 8.619 1.505 144 255 0
-27.623 9.198 1.202 0 0 255
-26.292 8.480 1.750 0 0 255
-26.554 8.634 1.046 255 247 0
-26.729 8.721 1.608 0 255 110
-27.116 8.945 1.056 0 255 80
-26.256 8.486 0.467 0 0 255
-27.323 9.045 1.684 242 255 0
-27.616 9.194 1.172 0 0 255
-26.983 8.873 1.156 0 255 72
-26.670 8.694 1.467 0 255 157
-27.606 9.191 0.828 0 0 255
-26.175 8.435 0.448 0 0 255
-27.298 9.030 1.749 0 255 127
-27.692 9.254 1.250 0 8 255
-26.853 8.797 1.314 0 255 153
-27.629 9.227 1.024 0 0 255
-26.205 8.387 0.383 0 0 255
-27.038 8.903 0.946 0 17 255
-27.508 9.138 1.639 0 0 255
-27.618 9.203 1.638 0 0 255
-27.404 9.094 1.663 0 255 114
-27.500 9.134 1.409 0 0 255
-26.287 8.468 1.880 0 178 255
-27.530 9.132 1.433 0 0 255
-26.745 8.739 1.305 0 255 97
-27.269 9.025 1.405 0 255 76
-27.269 9.026 1.097 144 255 0
-26.282 8.414 1.957 0 0 255
-26.306 8.478 1.730 0 0 255
-26.294 8.466 1.001 0 0 255
-27.338 9.057 1.672 0 255 106
-26.866 8.799 1.535 255 192 0
-27.475 9.137 1.345 0 0 255
-26.189 8.428 1.678 0 8 255
-26.995 8.861 0.898 0 0 255
-26.790 8.755 1.694 0 255 63
-26.310 8.486 1.128 0 0 255
-26.797 8.768 1.149 0 255 76
-27.629 9.206 1.764 0 0 255
-26.902 8.819 1.446 255 149 0
-26.829 8.773 1.757 0 255 85
-26.496 8.595 1.709 110 255 0
-27.276 9.028 1.283 0 255 0
-27.025 8.886 1.364 0 255 51
-26.321 8.489 1.600 0 0 255
-26.978 8.861 1.765 0 255 123
-26.233 8.487 1.411 0 0 255
-27.684 9.250 1.658 0 0 255
-27.113 8.935 1.381 0 255 106
-26.471 8.585 1.240 0 255 208
-26.924 8.835 1.796 0 144 255
-27.138 8.950 1.419 255 185 0
-26.457 8.575 1.505 0 144 255
-26.647 8.689 1.051 255 216 0
-27.712 9.234 1.274 0 0 255
-27.673 9.250 1.648 0 0 255
-27.381 9.097 1.023 42 255 0
-26.466 8.578 1.408 72 255 0
-26.628 8.667 1.585 0 255 153
-27.038 8.900 1.154 0 255 68
-26.649 8.718 1.522 0 255 68
-27.421 9.103 1.568 0 255 127
-27.659 9.262 1.307 0 25 255
-27.465 9.135 1.164 0 0 255
-27.674 9.254 0.889 0 0 255
-27.123 8.939 1.689 0 255 127
-26.561 8.637 1.823 0 0 255
-27.049 8.900 1.547 255 211 0
-27.381 9.076 1.751 119 255 0
-27.657 9.235 1.792 0 0 255
-27.611 9.183 1.126 0 0 255
-27.731 9.247 0.407 0 0 255
-26.527 8.612 1.644 140 255 0
-27.150 8.956 1.417 255 190 0
-26.848 8.792 1.071 0 255 55
-26.484 8.598 0.937 0 8 255
-27.684 9.257 1.373 0 255 123
-27.411 9.100 1.350 0 255 127
-26.253 8.492 1.408 0 0 255
-26.684 8.705 1.331 255 209 0
-26.354 8.514 1.447 0 34 255
-27.094 8.883 1.659 0 255 242
-27.130 8.948 1.372 0 255 106
-26.921 8.829 1.739 0 255 140
-26.247 8.487 1.049 0 0 255
-27.132 8.946 1.670 0 255 199
-27.723 9.235 1.187 0 0 255
-27.053 8.900 1.651 0 255 55
-26.706 8.716 1.330 0 255 63
-26.425 8.565 1.076 0 0 255
-26.505 8.604 1.811 0 0 255
-26.605 8.661 0.994 123 255 0
-26.873 8.801 1.676 0 255 144
-27.163 8.963 1.488 0 255 106
-26.191 8.448 1.672 0 0 255
-27.181 8.986 0.986 119 255 0
-27.596 9.168 1.185 0 0 255
-26.265 8.476 1.702 0 8 255
-27.354 9.066 1.351 0 255 25
-26.958 8.850 1.777 0 255 148
-26.239 8.479 0.986 0 0 255
-27.648 9.272 0.579 0 0 255
-26.297 8.479 1.727 0 0 255
-26.269 8.487 1.255 0 0 255
-26.615 8.661 1.719 0 255 89
-27.691 9.217 1.447 0 0 255
-27.335 9.119 1.789 0 42 255
-27.179 8.981 0.998 0 255 46
-27.314 9.045 1.746 0 59 255
-26.480 8.589 1.454 106 255 0
-26.952 8.846 1.186 255 161 0
-26.477 8.579 1.656 0 255 25
-27.050 8.901 1.594 255 221 0
-26.448 8.576 1.178 51 255 0
-26.407 8.538 1.739 0 0 255
-26.735 8.729 1.433 255 218 0
-26.227 8.480 1.732 0 0 255
-26.820 8.777 1.409 0 255 89
-26.906 8.828 0.955 0 255 131
-26.754 8.742 1.113 0 255 148
-26.232 8.482 1.900 0 0 255
-27.429 9.109 1.611 68 255 0
-27.440 9.109 1.611 0 255 127
-27.386 9.082 1.201 221 255 0
-26.235 8.478 0.996 0 0 255
-27.503 9.088 1.382 0 127 255
-27.710 9.203 1.504 0 0 255
-26.493 8.594 1.664 0 255 114
-26.251 8.491 0.543 0 8 255
-26.753 8.746 0.914 0 0 255
-26.542 8.625 1.269 0 255 76
-26.803 8.772 1.021 255 228 0
-27.618 9.184 1.738 0 0 255
-27.045 8.905 1.395 255 242 0
-27.671 9.239 0.654 0 0 255
-26.876 8.807 1.313 255 216 0
-27.247 9.017 1.347 0 255 123
-26.225 8.476 0.880 0 0 255
-26.274 8.460 0.770 0 17 255
-27.141 8.950 1.469 0 255 34
-27.297 9.037 1.800 0 255 102
-26.700 8.708 1.406 0 255 76
-26.282 8.393 1.477 0 0 255
-26.428 8.571 1.039 0 255 34
-26.263 8.483 1.211 0 0 255
-27.178 8.974 1.202 0 255 140
-26.205 8.457 1.440 0 0 255
-26.780 8.757 1.453 0 255 97
-27.405 9.100 1.248 0 255 127
-26.757 8.729 1.143 255 245 0
-27.487 9.150 1.167 0 0 255
-26.458 8.614 1.548 0 255 225
-26.994 8.877 0.923 0 0 255
-27.324 9.057 1.323 0 255 59
-27.691 9.262 1.566 0 8 255
-26.445 8.583 1.180 0 212 255
-27.637 9.216 1.926 0 0 255
-26.380 8.517 1.583 0 0 255
-26.220 8.474 1.390 0 0 255
-26.213 8.457 1.896 0 0 255
-27.136 8.954 1.550 0 255 204
-26.726 8.721 1.627 0 255 204
-26.201 8.483 1.609 0 0 255
-27.670 9.263 0.696 0 0 255
-27.158 8.975 1.567 0 255 119
-26.228 8.444 1.115 0 0 255
-26.285 8.429 1.941 0 0 255
-26.607 8.661 1.524 0 255 148
-27.692 9.261 1.286 0 17 255
-26.440 8.530 1.067 0 255 85
-26.591 8.656 1.253 255 221 0
-27.652 9.244 0.387 0 0 255
-26.247 8.356 1.534 0 102 255
-26.418 8.558 1.479 0 110 255
-26.804 8.770 1.810 0 255 72
-26.570 8.638 1.617 165 255 0
-27.429 9.127 1.002 0 255 136
-26.331 8.490 1.626 0 0 255
-27.045 8.903 1.289 0 255 46
-26.937 8.841 1.364 0 255 76
-27.320 9.047 1.647 165 255 0
-27.185 8.981 1.109 0 255 42
-27.422 9.082 1.128 0 42 255
-26.676 8.693 1.645 0 255 140
-26.851 8.795 1.166 0 255 68
-27.590 9.206 0.878 0 0 255
-26.629 8.666 1.667 0 255 80
-26.862 8.832 1.193 0 0 255
-26.697 8.710 1.422 0 255 76
-27.013 8.882 1.321 255 163 0
-26.776 8.757 1.071 0 255 80
-27.640 9.230 1.949 0 0 255
-27.167 8.973 1.283 0 255 63
-27.041 8.898 1.695 0 255 127
-26.365 8.521 1.745 0 0 255
-27.631 9.215 1.254 0 0 255
-27.405 9.096 1.557 0 255 76
-27.165 8.972 1.009 0 255 42
-26.293 8.482 1.117 0 0 255
-26.433 8.563 1.266 0 255 21
-27.380 9.085 1.299 0 255 25
-26.520 8.607 1.660 0 255 140
-27.448 9.089 1.027 0 170 255
-26.547 8.626 1.484 0 255 182
-27.100 8.929 1.335 0 255 55
-27.382 9.092 1.836 0 255 178
-26.788 8.760 1.646 0 255 144
-27.026 8.894 1.175 0 255 140
-26.607 8.654 1.363 153 255 0
-27.734 9.245 1.402 0 0 255
-27.597 9.209 0.838 0 0 255
-26.600 8.651 1.768 25 255 0
-26.269 8.488 1.371 0 0 255
-26.453 8.583 1.183 0 102 255
-27.596 9.189 1.785 0 0 255
-27.117 8.937 1.573 0 255 42
-27.198 8.987 1.548 0 255 136
-26.277 8.495 0.439 0 42 255
-27.394 9.093 1.291 0 255 51
-26.276 8.480 1.891 0 8 255
-26.557 8.633 1.437 0 255 89
-26.305 8.472 1.283 0 0 255
-27.429 9.110 1.330 0 255 102
-27.172 8.968 1.747 0 255 25
-26.651 8.683 1.606 0 255 157
-26.212 8.443 1.866 0 0 255
-26.748 8.739 1.061 0 255 153
-27.612 9.187 1.856 0 0 255
-26.326 8.490 1.811 0 0 255
-27.640 9.228 1.457 0 0 255
-27.728 9.268 0.210 0 0 255
-26.809 8.771 1.523 255 221 0
-27.707 9.245 1.692 0 0 255
-26.798 8.765 1.675 0 255 119
-27.173 8.969 1.325 0 255 55
-27.712 9.237 1.039 0 0 255
-27.441 9.117 1.344 0 255 106
-27.495 9.112 1.422 0 0 255
-26.888 8.861 0.975 0 255 229
-27.087 8.921 1.719 0 255 106
-27.188 8.978 1.632 0 255 123
-27.655 9.250 1.226 0 0 255
-27.717 9.271 0.503 0 255 153
-27.484 9.153 1.186 0 0 255
-26.865 8.803 1.338 0 255 148
-26.533 8.612 1.673 0 255 127
-26.864 8.801 1.362 255 192 0
-27.176 8.979 1.252 0 255 140
-26.946 8.844 1.638 0 255 93
-26.760 8.745 1.231 0 255 106
-27.660 9.249 1.558 0 0 255
-26.738 8.736 1.301 255 165 0
-26.441 8.591 1.178 0 0 255
-27.688 9.274 1.488 0 0 255
-27.467 9.122 1.816 0 229 255
-27.376 9.087 1.244 72 255 0
-27.029 8.896 1.200 0 255 144
-26.836 8.781 1.724 0 255 63
-27.351 9.068 1.515 0 144 255
-27.372 9.080 1.292 0 255 161
-26.966 8.854 1.408 0 255 42
-26.850 8.795 1.499 0 255 80
-27.325 9.054 1.605 140 255 0
-27.421 9.101 1.312 0 255 25
-27.413 9.105 1.122 0 255 127
-26.439 8.578 1.275 0 110 255
-27.701 9.184 0.947 0 0 255
-27.351 9.073 1.695 0 255 76
-27.612 9.190 1.644 0 0 255
-27.131 8.942 1.614 255 245 0
-26.388 8.532 1.410 0 0 255
-27.601 9.231 0.507 0 0 255
-27.530 9.149 1.141 0 0 255
-27.713 9.240 1.639 0 0 255
-27.557 9.163 1.130 0 8 255
-27.166 8.968 1.481 0 255 136
-26.603 8.661 1.247 255 221 0
-27.153 8.959 1.357 0 255 68
-27.646 9.335 0.207 0 0 255
-26.957 8.851 1.748 216 255 0
-27.364 9.078 1.576 0 255 93
-26.565 8.639 1.442 216 255 0
-26.802 8.760 1.413 0 255 106
-27.133 8.946 1.432 255 228 0
-26.273 8.449 1.762 0 0 255
-27.706 9.249 1.795 0 0 255
-26.183 8.436 1.177 0 0 255
-27.497 9.134 1.574 0 0 255
-27.506 9.132 1.785 0 0 255
-27.289 9.032 1.531 0 255 123
-26.264 8.489 1.157 0 17 255
-26.207 8.442 1.486 0 17 255
-27.617 9.273 1.598 0 0 255
-26.276 8.434 1.180 0 0 255
-26.964 8.847 1.502 255 194 0
-27.263 9.016 1.689 255 250 0
-26.461 8.579 1.616 0 255 119
-27.628 9.193 0.241 0 0 255
-26.820 8.778 1.340 246 255 0
-27.270 9.029 0.972 0 255 102
-26.435 8.567 1.604 0 0 255
-26.203 8.450 1.858 0 0 255
-26.537 8.625 1.142 0 255 89
-26.795 8.760 1.529 0 255 250
-27.713 9.161 0.282 0 0 255
-27.124 8.936 1.509 0 255 46
-26.962 8.860 1.027 0 255 153
-26.659 8.688 1.560 0 255 76
-26.456 8.577 1.814 0 8 255
-27.463 9.119 1.730 0 255 161
-26.813 8.770 1.790 0 255 221
-27.678 9.171 0.358 0 0 255
-27.336 9.094 0.984 0 195 255
-26.935 8.843 1.494 0 255 140
-26.826 8.771 1.763 170 255 0
-27.674 9.292 0.251 0 0 255
-27.465 9.142 1.142 0 0 255
-27.734 9.256 0.387 0 0 255
-27.121 8.955 1.143 199 255 0
-27.521 9.140 1.640 0 0 255
-26.220 8.475 1.909 0 0 255
-27.162 8.965 1.367 0 255 131
-27.505 9.136 1.375 0 0 255
-26.769 8.744 1.460 255 228 0
-26.447 8.575 1.646 12 255 0
-26.277 8.457 0.288 0 0 255
-26.500 8.596 1.729 4 255 0
-26.697 8.715 1.799 0 178 255
-27.556 9.197 1.371 0 0 255
-27.368 9.073 1.549 127 255 0
-27.689 9.229 0.412 0 0 255
-27.228 9.003 1.824 0 255 216
-27.440 9.112 1.492 0 255 127
-27.615 9.267 0.742 0 0 255
-27.448 9.134 1.081 0 255 170
-27.519 9.132 1.542 0 0 255
-26.493 8.602 1.822 0 8 255
-27.033 8.894 1.445 255 175 0
-26.909 8.830 1.045 0 255 63
-26.880 8.824 1.860 0 0 255
-27.708 9.170 1.305 0 0 255
-26.560 8.635 1.158 0 255 106
-27.369 9.074 1.384 144 255 0
-27.273 9.006 0.938 0 17 255
-26.305 8.463 1.626 0 0 255
-26.666 8.687 1.715 0 255 93
-27.483 9.126 1.450 0 0 255
-27.413 9.102 1.286 144 255 0
-27.474 9.119 1.454 0 0 255
-27.522 9.157 1.763 0 0 255
-26.552 8.636 1.090 0 255 89
-27.186 8.983 1.041 0 255 148
-27.317 9.046 1.767 0 255 127
-26.959 8.856 1.300 0 255 72
-26.274 8.482 1.520 0 119 255
-26.912 8.826 1.422 0 255 55
-27.149 8.952 1.490 0 255 140
-27.165 8.966 1.778 0 255 93
-27.099 8.936 1.204 255 209 0
-26.719 8.720 1.508 0 255 85
-27.062 8.905 1.597 0 255 136
-27.462 9.134 1.338 0 0 255
-27.468 9.129 1.671 0 0 255
-26.463 8.580 1.159 178 255 0
-26.929 8.841 1.050 0 255 89
-27.050 8.918 0.964 0 255 72
-26.221 8.439 0.823 0 0 255
-27.089 8.952 1.725 0 0 255
-26.560 8.619 1.624 0 255 29
-27.023 8.890 1.190 0 255 93
-27.704 9.262 1.741 0 8 255
-26.672 8.690 1.581 182 255 0
-27.171 8.970 1.616 0 255 123
-27.673 9.256 1.677 0 8 255
-26.804 8.771 1.031 0 255 72
-27.613 9.221 0.379 0 0 255
-26.880 8.814 1.036 0 255 148
-26.709 8.717 1.396 0 255 68
-26.730 8.723 1.556 233 255 0
-26.283 8.484 1.088 0 42 255
-27.028 8.889 1.754 0 255 114
-27.383 9.087 0.986 0 255 51
-26.720 8.720 1.516 144 255 0
-27.313 9.043 1.762 0 255 123
-26.784 8.753 1.413 255 235 0
-26.900 8.818 1.470 0 255 46
-27.254 9.021 1.137 0 136 255
-27.143 8.949 1.611 255 247 0
-26.492 8.600 1.041 0 255 114
-27.645 9.257 1.262 0 0 255
-27.080 8.922 1.431 0 255 97
-26.992 8.870 1.709 0 255 55
-27.712 9.141 0.480 0 0 255
-27.708 9.247 1.223 0 255 238
-27.196 8.981 1.515 0 255 59
-27.721 9.205 1.304 0 0 255
-26.213 8.435 0.843 0 0 255
-26.280 8.478 1.124 0 0 255
-26.436 8.596 1.460 0 8 255
-27.611 9.198 0.355 0 0 255
-27.701 9.250 0.426 0 0 255
-26.713 8.721 0.940 0 255 157
-26.470 8.584 1.814 0 0 255
-27.029 8.893 1.113 255 214 0
-26.567 8.636 1.389 102 255 0
-27.109 8.938 1.080 242 255 0
-26.417 8.554 1.663 0 0 255
-26.201 8.395 1.617 0 0 255
-26.225 8.457 0.526 0 0 255
-26.494 8.601 1.084 0 59 255
-27.034 8.899 1.840 0 0 255
-27.739 9.215 0.498 0 144 255
-27.659 9.258 0.577 0 0 255
-27.201 8.990 1.365 199 255 0
-26.442 8.573 1.426 4 255 0
-27.705 9.248 1.002 0 0 255
-26.854 8.795 1.798 106 255 0
-27.448 9.112 1.677 0 255 140
-26.520 8.622 0.951 0 0 255
-26.445 8.560 1.252 0 8 255
-27.699 9.249 0.917 0 0 255
-26.577 8.641 1.415 153 255 0
-26.655 8.718 1.720 0 255 110
-26.479 8.590 1.084 0 255 76
-26.906 8.822 1.644 0 255 140
-26.298 8.458 1.429 0 0 255
-26.236 8.466 1.691 0 0 255
-26.661 8.688 1.531 0 255 63
-26.854 8.794 1.791 165 255 0
-27.053 8.911 1.259 0 255 46
-27.449 9.122 0.973 0 255 89
-26.261 8.487 1.426 0 59 255
-27.715 9.208 0.597 0 42 255
-27.518 9.139 1.784 0 0 255
-27.634 9.303 0.245 0 0 255
-27.643 9.238 0.952 0 0 255
-27.582 9.163 1.664 0 0 255
-26.610 8.661 1.582 0 255 85
-26.533 8.617 1.638 119 255 0
-26.457 8.585 1.242 182 255 0
-27.387 9.077 1.649 0 255 38
-27.687 9.255 1.336 0 42 255
-27.323 9.048 1.765 0 255 76
-26.293 8.480 1.034 0 8 255
-27.198 8.980 1.511 0 255 127
-27.315 9.046 1.433 0 255 25
-26.665 8.687 1.766 46 255 0
-27.672 9.254 1.597 0 0 255
-27.103 8.934 1.454 0 102 255
-26.349 8.496 1.679 0 0 255
-27.091 8.932 1.055 0 255 63
-26.621 8.664 1.726 123 255 0
-27.099 8.933 0.946 0 255 144
-26.965 8.853 1.771 144 255 0
-27.295 9.051 1.458 0 255 123
-27.081 8.929 1.205 191 255 0
-26.282 8.483 0.700 0 0 255
-27.018 8.886 1.810 0 144 255
-26.777 8.757 1.153 0 255 153
-27.435 9.111 1.698 0 255 97
-27.567 9.154 1.538 0 0 255
-27.242 9.011 1.078 0 255 29
-26.977 8.865 1.566 0 255 55
-26.241 8.481 1.591 0 0 255
-27.415 9.100 1.780 0 255 144
-27.558 9.165 1.109 0 0 255
-26.301 8.474 1.022 0 0 255
-26.893 8.843 1.100 0 0 255
-26.791 8.800 1.676 0 255 17
-26.421 8.560 1.526 0 0 255
-26.395 8.591 0.901 0 119 255
-26.540 8.621 1.545 153 255 0
-27.167 9.009 1.441 0 255 170
-26.823 8.777 1.559 255 218 0
-26.323 8.436 1.521 0 153 255
-26.982 8.870 0.970 80 255 0
-27.101 8.931 1.444 0 255 42
-27.512 9.137 1.396 0 0 255
-26.995 8.926 1.309 0 161 255
-26.229 8.475 1.427 0 0 255
-27.487 9.135 0.953 0 0 255
-26.200 8.454 0.452 0 0 255
-27.167 8.964 1.539 0 255 68
-27.725 9.228 1.305 0 0 255
-27.714 9.275 0.949 0 42 255
-27.088 8.917 1.859 0 0 255
-26.848 8.800 0.967 0 255 97
-27.677 9.281 1.836 0 0 255
-26.328 8.506 1.771 0 0 255
-26.220 8.466 0.247 0 0 255
-27.086 8.919 1.580 0 255 76
-27.275 9.028 1.109 0 255 17
-27.316 9.050 1.322 204 255 0
-27.025 8.918 1.382 0 255 161
-27.204 8.950 0.955 0 255 255
-26.548 8.629 1.191 238 255 0
-27.429 9.113 0.952 0 68 255
-26.386 8.524 1.032 0 0 255
-27.325 9.061 0.967 0 255 110
-26.684 8.670 1.541 0 255 59
-27.028 8.888 1.762 0 255 63
-26.375 8.530 1.779 0 0 255
-27.365 9.074 1.627 0 255 93
-27.056 8.901 1.635 0 255 55
-27.040 8.857 1.137 0 255 204
-26.805 8.798 0.988 0 255 123
-27.495 9.138 1.846 0 0 255
-27.109 8.932 1.586 0 255 72
-26.492 8.596 1.444 68 255 0
-26.457 8.585 1.437 0 255 255
-26.470 8.573 1.651 34 255 0
-27.695 9.263 0.948 0 42 255
-26.933 8.837 1.742 0 255 144
-27.180 8.977 1.331 187 255 0
-26.887 8.818 1.004 0 255 97
-27.198 8.992 0.996 0 255 72
-26.545 8.627 1.172 0 255 110
-26.322 8.495 1.776 0 0 255
-27.095 8.928 1.768 0 255 97
-27.314 9.053 1.168 0 255 46
-27.081 8.920 1.292 255 194 0
-26.779 8.701 1.229 0 93 255
-27.290 9.031 1.261 0 255 46
-27.511 9.145 1.098 0 0 255
-27.209 8.987 1.402 255 190 0
-26.722 8.723 1.558 0 255 8
-27.489 9.135 1.415 0 0 255
-27.573 9.163 1.553 0 0 255
-26.670 8.694 1.480 0 255 89
-26.303 8.456 0.492 0 0 255
-26.321 8.481 1.366 0 0 255
-27.699 9.245 1.631 0 25 255
-26.964 8.856 1.219 0 255 51
-26.650 8.682 1.504 0 255 102
-26.491 8.600 1.811 0 0 255
-27.189 8.981 1.628 0 255 123
-26.942 8.845 0.951 0 255 127
-26.997 8.880 1.334 255 204 0
-26.249 8.474 1.894 0 0 255
-26.376 8.516 1.672 0 0 255
-27.528 9.146 1.112 0 0 255
-26.691 8.703 1.460 0 255 225
-26.857 8.798 1.037 0 255 55
-26.518 8.609 1.381 0 255 97
-27.459 9.118 1.526 0 255 76
-27.141 8.957 1.827 0 0 255
-26.286 8.478 1.591 0 255 208
-26.969 8.859 1.688 0 255 93
-27.146 8.958 1.615 0 255 119
-27.287 9.026 1.579 161 255 0
-27.523 9.109 0.915 0 0 255
-27.698 9.253 1.394 0 255 148
-27.694 9.239 1.942 0 0 255
-26.586 8.685 1.567 0 255 187
-27.637 9.230 1.789 0 0 255
-26.715 8.715 1.761 0 255 119
-26.879 8.816 1.013 250 255 0
-26.892 8.810 1.819 0 255 12
-26.886 8.816 1.086 0 255 148
-26.448 8.569 1.533 0 255 42
-26.443 8.561 1.754 0 0 255
-26.243 8.471 1.908 0 0 255
-27.570 9.180 1.780 0 0 255
-27.416 9.108 1.097 42 255 0
-26.635 8.675 1.623 199 255 0
-26.922 8.829 1.699 0 255 85
-26.297 8.478 0.415 0 0 255
-27.346 9.067 1.015 0 255 59
-26.731 8.740 0.956 0 0 255
-27.435 9.118 1.277 0 255 97
-27.017 8.885 1.262 0 255 89
-26.661 8.687 1.742 0 255 148
-27.018 8.889 1.057 0 255 85
-27.637 9.257 1.040 0 8 255
-26.299 8.446 1.480 0 0 255
-26.214 8.468 1.533 0 17 255
-26.265 8.478 0.833 0 0 255
-27.557 9.145 1.153 0 0 255
-27.696 9.251 1.538 0 161 255
-27.069 8.912 1.620 0 255 136
-26.381 8.547 1.162 0 0 255
-26.768 8.747 1.251 0 255 157
-27.310 9.040 1.650 0 144 255
-26.694 8.731 1.854 0 0 255
-27.179 8.943 1.567 0 255 182
-26.615 8.659 1.696 0 255 76
-27.252 9.019 1.224 174 255 0
-27.678 9.250 1.797 0 0 255
-27.073 8.916 1.443 0 255 68
-27.286 9.027 1.726 204 255 0
-26.307 8.431 1.939 0 0 255
-27.715 9.230 0.361 0 0 255
-27.055 8.911 1.092 233 255 0
-27.271 9.027 1.460 0 255 80
-27.715 9.233 1.268 0 0 255
-27.391 9.087 1.541 119 255 0
-26.526 8.616 1.107 131 255 0
-27.208 8.998 1.188 0 255 144
-26.641 8.676 1.812 0 255 204
-27.313 9.046 1.566 0 255 110
-26.214 8.408 1.798 0 0 255
-27.685 9.256 0.266 0 8 255
-26.710 8.716 1.578 255 252 0
-27.171 8.977 1.010 0 255 46
-27.284 9.032 1.318 0 255 55
-26.900 8.815 1.717 0 255 89
-27.314 9.048 1.379 0 255 38
-27.661 9.173 1.810 0 0 255
-27.287 9.031 1.629 0 255 63
-26.734 8.734 1.299 0 255 233
-26.768 8.746 1.509 0 255 106
-27.134 8.953 1.079 0 255 51
-27.247 9.006 1.784 0 255 123
-26.729 8.733 1.086 0 255 93
-27.694 9.259 1.024 0 25 255
-27.702 9.252 1.384 0 0 255
-27.683 9.267 0.533 0 0 255
-26.620 8.664 1.440 157 255 0
-26.772 8.750 1.528 0 255 76
-26.264 8.475 1.889 0 0 255
-27.726 9.188 1.482 0 255 187
-27.364 9.091 1.032 0 255 140
-27.243 9.018 1.020 0 255 136
-27.107 8.939 0.924 0 0 255
-26.183 8.432 1.277 0 0 255
-27.023 8.893 1.134 0 255 144
-26.512 8.600 1.687 0 255 127
-26.699 8.715 0.979 242 255 0
-26.237 8.475 1.484 0 8 255
-27.255 9.023 1.468 0 255 80
-26.844 8.791 1.401 0 255 72
-26.285 8.448 0.301 0 0 255
-27.601 9.170 0.962 0 0 255
-26.968 8.855 1.507 0 255 89
-27.438 9.105 1.546 0 255 153
-27.404 9.091 1.549 187 255 0
-26.203 8.475 0.556 0 0 255
-27.095 8.924 1.622 255 245 0
-27.088 8.926 1.796 0 255 127
-27.495 9.147 1.048 0 0 255
-27.265 9.018 1.755 0 255 106
-26.617 8.669 1.196 0 255 97
-26.451 8.570 1.058 0 0 255
-27.252 9.009 1.455 0 255 46
-26.996 8.875 1.210 0 255 144
-26.325 8.490 1.727 0 0 255
-26.538 8.622 1.391 0 255 157
-26.509 8.651 1.614 0 76 255
-26.983 8.861 1.413 255 103 0
-26.508 8.605 1.398 0 255 93
-27.337 9.055 1.682 144 255 0
-26.443 8.563 1.820 0 0 255
-27.238 9.001 1.460 0 255 136
-27.680 9.247 1.639 0 0 255
-26.308 8.475 1.781 0 0 255
-27.399 9.092 1.597 0 255 131
-26.689 8.700 1.485 127 255 0
-27.510 9.118 1.448 0 0 255
-27.473 9.134 1.618 0 0 255
-26.951 8.848 1.480 0 255 140
-27.585 9.209 1.199 0 0 255
-26.215 8.405 1.854 0 25 255
-27.645 9.230 1.742 0 0 255
-27.361 9.070 1.578 0 255 123
-26.814 8.771 1.394 0 255 63
-27.415 9.096 1.768 0 255 80
-27.318 9.046 1.650 123 255 0
-27.346 9.054 1.800 174 255 0
-27.052 8.908 1.074 0 255 46
-27.661 9.253 1.354 0 8 255
-27.614 9.208 1.038 0 0 255
-27.572 9.162 1.680 0 0 255
-27.339 9.104 1.372 0 255 157
-26.301 8.449 0.285 0 85 255
-26.325 8.450 1.361 0 255 204
-27.077 8.917 1.361 0 255 55
-27.737 9.244 1.225 0 0 255
-27.716 9.232 1.636 0 0 255
-27.572 9.189 0.991 0 0 255
-26.294 8.473 1.085 0 119 255
-26.788 8.754 1.658 144 255 0
-26.215 8.418 0.913 0 0 255
-27.464 9.132 1.132 0 255 106
-26.587 8.619 1.710 0 255 21
-26.937 8.847 0.981 242 255 0
-26.214 8.462 1.802 0 0 255
-26.980 8.861 1.653 0 255 110
-26.214 8.446 0.314 0 0 255
-26.980 8.919 1.520 0 0 255
-26.780 8.758 1.044 0 255 148
-27.736 9.257 1.361 0 0 255
-26.232 8.394 1.022 0 255 242
-26.911 8.842 1.107 0 255 114
-27.287 9.033 1.515 0 255 127
-26.913 8.884 0.893 0 136 255
-27.398 9.096 1.455 157 255 0
-27.712 9.224 1.620 0 0 255
-26.327 8.505 1.762 0 0 255
-26.290 8.472 1.298 0 0 255
-27.425 9.096 1.598 0 255 34
-26.315 8.475 1.568 0 0 255
-27.070 8.920 1.015 0 255 148
-26.489 8.592 1.761 0 255 165
-26.661 8.689 1.497 0 255 85
-27.095 8.925 1.647 0 255 140
-26.954 8.852 1.816 0 0 255
-27.239 9.005 1.437 0 255 12
-26.279 8.486 0.577 0 0 255
-26.864 8.850 1.061 0 255 140
-26.488 8.588 1.739 0 255 157
-26.395 8.537 1.544 0 0 255
-27.353 9.036 1.444 0 255 212
-26.284 8.425 1.350 0 0 255
-26.427 8.556 0.900 0 0 255
-26.967 8.832 1.180 0 238 255
-26.334 8.493 1.543 0 0 255
-26.502 8.604 1.116 119 255 0
-26.929 8.906 1.363 0 161 255
-26.864 8.797 1.533 0 255 51
-27.696 9.250 0.698 0 59 255
-27.046 8.908 1.243 0 255 72
-27.396 9.089 1.364 0 255 34
-26.575 8.636 1.707 59 255 0
-26.472 8.590 1.213 0 187 255
-26.432 8.600 1.148 0 255 221
-27.039 8.854 1.148 0 255 161
-26.806 8.774 1.134 0 255 80
-27.020 8.889 1.412 0 255 136
-27.163 8.962 1.320 0 255 136
-27.415 9.101 1.591 0 255 119
-26.713 8.718 1.510 0 255 68
-27.372 9.055 1.223 0 255 153
-27.321 9.061 1.198 131 255 0
-26.820 8.773 1.640 225 255 0
-26.485 8.593 1.574 0 255 148
-26.417 8.559 1.766 0 0 255
-27.691 9.246 1.925 0 17 255
-26.175 8.357 0.831 0 255 178
-27.179 8.972 1.414 255 245 0
-26.694 8.697 1.800 51 255 0
-27.340 9.059 1.582 0 255 59
-27.461 9.072 1.743 0 42 255
-27.516 9.143 1.120 0 0 255
-26.258 8.471 1.737 0 0 255
-26.896 8.825 0.928 0 59 255
-27.618 9.225 1.364 0 255 46
-26.316 8.484 1.471 0 0 255
-27.139 8.979 1.112 0 255 131
-26.718 8.720 1.765 0 255 80
-27.636 9.208 0.949 0 0 255
-26.744 8.731 1.661 0 255 76
-27.691 9.256 1.789 0 0 255
-27.367 9.081 1.205 85 255 0
-26.737 8.730 1.497 0 255 97
-27.720 9.205 1.857 0 0 255
-26.943 8.841 1.600 0 255 127
-27.577 9.186 1.029 0 0 255
-26.241 8.488 1.820 0 0 255
-26.242 8.484 1.938 0 0 255
-27.046 8.958 1.271 0 0 255
-27.385 9.090 1.162 0 255 131
-27.226 9.005 1.133 0 255 144
-27.211 9.029 0.980 0 255 63
-26.763 8.745 1.419 0 255 157
-26.292 8.472 1.360 0 17 255
-26.994 8.873 1.406 0 93 255
-26.251 8.385 0.820 0 25 255
-27.289 9.028 1.693 157 255 0
-26.293 8.467 1.449 0 17 255
-27.348 9.061 1.408 221 255 0
-27.397 9.099 1.291 153 255 0
-27.693 9.261 1.634 0 0 255
-26.546 8.635 1.104 255 247 0
-27.675 9.247 1.739 0 0 255
-27.402 9.087 1.707 123 255 0
-26.441 8.563 1.454 0 255 42
-27.709 9.238 1.857 0 0 255
-26.514 8.607 1.669 0 255 153
-26.632 8.680 1.353 0 255 89
-27.151 8.958 1.350 0 255 131
-26.634 8.671 1.649 0 255 80
-27.088 8.923 1.348 0 255 63
-27.673 9.285 1.903 0 0 255
-26.552 8.631 1.471 0 255 153
-26.987 8.867 1.780 0 255 131
-26.868 8.802 1.442 0 255 153
-26.199 8.381 0.831 0 0 255
-27.160 8.961 1.746 0 255 106
-26.282 8.486 1.060 0 8 255
-26.493 8.596 1.480 0 255 72
-26.893 8.812 1.529 255 204 0
-26.603 8.664 1.006 0 255 97
-26.245 8.477 1.779 0 0 255
-26.279 8.477 1.207 0 255 165
-27.335 9.050 1.723 191 255 0
-27.624 9.208 1.145 0 0 255
-26.728 8.721 1.492 0 255 80
-26.604 8.704 0.936 0 0 255
-27.438 9.109 1.498 0 0 255
-27.616 9.199 1.769 0 0 255
-26.512 8.610 1.273 0 255 89
-27.427 9.109 1.322 72 255 0
-26.286 8.480 0.539 0 0 255
-27.696 9.258 0.402 0 0 255
-26.741 8.742 0.922 0 0 255
-27.167 8.979 1.121 153 255 0
-27.159 8.960 1.739 0 255 80
-26.924 8.830 1.598 0 255 144
-27.263 9.020 1.519 0 255 80
-26.974 8.858 1.591 0 255 144
-27.289 9.009 1.105 0 42 255
-26.481 8.588 1.366 0 255 72
-26.244 8.465 1.867 0 0 255
-26.808 8.769 1.464 0 255 72
-26.655 8.693 0.892 0 0 255
-26.713 8.720 1.852 0 0 255
-26.975 8.869 1.052 0 255 153
-27.570 9.171 1.531 0 8 255
-26.498 8.605 1.294 0 255 157
-26.670 8.695 1.469 255 242 0
-26.324 8.478 1.691 0 0 255
-26.391 8.541 1.194 0 0 255
-27.613 9.246 0.250 0 0 255
-27.149 8.959 1.246 0 255 136
-27.712 9.282 1.056 0 119 255
-26.315 8.483 1.610 0 0 255
-26.596 8.619 0.894 0 0 255
-27.282 9.036 1.126 0 255 46
-27.693 9.265 1.100 0 0 255
-26.292 8.407 0.234 0 0 255
-27.049 8.907 1.274 0 255 42
-27.646 9.216 0.912 0 0 255
-27.022 8.891 1.380 0 255 51
-26.361 8.507 1.633 0 0 255
-27.299 9.047 1.117 0 255 55
-26.416 8.567 1.046 0 119 255
-26.472 8.590 0.966 0 255 110
-27.138 8.953 1.619 0 255 131
-26.603 8.655 1.379 0 255 106
-27.743 9.165 1.009 0 42 255
-27.590 9.177 1.729 0 0 255
-26.846 8.758 1.777 0 255 12
-27.114 8.934 1.470 0 255 63
-27.401 9.102 0.987 0 255 29
-27.457 9.130 1.003 0 238 255
-26.209 8.417 1.070 0 0 255
-27.210 8.990 1.440 0 255 63
-26.320 8.486 1.232 0 0 255
-26.868 8.808 0.948 0 0 255
-27.702 9.267 0.968 0 144 255
-26.530 8.615 1.396 72 255 0
-26.407 8.547 1.756 0 0 255
-26.269 8.484 1.553 0 68 255
-26.574 8.634 1.769 8 255 0
-26.298 8.416 1.398 0 0 255
-26.497 8.591 1.807 0 255 123
-26.249 8.473 1.526 0 0 255
-26.440 8.539 1.122 0 0 255
-26.523 8.616 1.132 0 255 93
-27.147 8.974 0.995 0 255 123
-26.978 8.873 1.173 255 209 0
-26.718 8.717 1.626 0 255 76
-26.938 8.844 1.494 255 209 0
-26.740 8.728 1.787 0 255 153
-26.919 8.828 1.506 255 209 0
-27.666 9.240 1.743 0 0 255
-26.835 8.785 1.165 255 178 0
-26.296 8.471 1.695 0 8 255
-26.767 8.748 1.220 0 255 148
-27.620 9.244 1.739 0 68 255
-26.650 8.677 1.673 127 255 0
-26.454 8.582 1.425 0 195 255
-27.351 9.071 0.970 0 255 97
-26.202 8.459 1.233 0 0 255
-27.668 9.263 1.694 0 0 255
-27.352 9.065 1.432 161 255 0
-26.301 8.480 1.111 0 0 255
-27.608 9.185 1.749 0 0 255
-26.799 8.767 1.167 255 216 0
-26.393 8.530 1.595 0 0 255
-26.944 8.845 1.715 0 255 127
-27.500 9.137 1.665 0 0 255
-26.711 8.715 1.822 0 0 255
-27.099 8.937 1.041 0 255 63
-27.168 8.973 1.238 0 255 140
-27.577 9.197 1.605 0 0 255
-27.634 9.222 1.883 0 0 255
-27.744 9.233 1.611 0 0 255
-27.383 9.090 1.352 0 255 68
-26.820 8.773 1.807 93 255 0
-26.663 8.687 1.451 110 255 0
-27.234 8.997 1.601 0 255 34
-27.172 8.973 1.660 170 255 0
-27.155 8.956 1.838 0 17 255
-26.414 8.510 1.699 0 0 255
-27.701 9.252 1.766 0 68 255
-26.547 8.632 1.107 0 255 85
-26.600 8.646 1.622 68 255 0
-26.666 8.687 1.429 250 255 0
-27.112 8.942 1.062 178 255 0
-26.250 8.490 1.333 0 0 255
-27.346 9.057 1.763 0 255 63
-27.618 9.293 0.313 0 8 255
-26.697 8.720 0.927 0 8 255
-26.960 8.864 1.046 0 8 255
-26.505 8.594 1.810 0 0 255
-27.093 8.928 1.272 0 255 80
-26.613 8.657 1.768 25 255 0
-27.072 8.919 1.185 0 255 46
-26.790 8.765 0.983 238 255 0
-27.652 9.246 1.196 0 0 255
-26.544 8.601 1.851 0 0 255
-26.647 8.684 1.076 0 255 102
-27.303 9.040 1.224 255 240 0
-26.491 8.596 1.790 0 255 165
-27.308 9.039 1.490 0 255 127
-27.638 9.281 0.948 0 0 255
-27.235 9.003 1.590 0 255 110
-27.677 9.259 0.722 0 0 255
-26.814 8.772 1.564 0 255 148
-27.741 9.238 1.461 0 0 255
-26.327 8.493 1.120 0 0 255
-27.677 9.256 1.191 0 8 255
-26.562 8.635 1.353 0 255 153
-26.264 8.485 1.406 0 17 255
-27.015 8.892 1.136 0 255 153
-26.971 8.867 0.995 0 255 153
-26.863 8.802 1.381 255 197 0
-26.538 8.622 1.285 0 255 157
-27.604 9.179 0.740 0 0 255
-27.367 9.071 1.797 153 255 0
-27.748 9.271 1.326 0 255 212
-26.980 8.863 1.551 0 255 55
-26.565 8.639 0.976 0 178 255
-27.163 8.964 1.332 0 255 46
-27.074 8.916 1.281 255 129 0
-26.745 8.708 1.004 0 246 255
-27.144 8.954 1.284 0 255 55
-26.215 8.469 1.589 0 8 255
-27.586 9.194 0.467 0 0 255
-26.959 8.853 1.498 0 255 68
-26.202 8.383 1.707 0 51 255
-27.432 9.114 1.382 0 255 102
-26.239 8.480 1.462 0 0 255
-27.066 8.921 1.171 242 255 0
-26.847 8.795 0.944 0 255 131
-27.063 8.918 1.003 0 255 55
-26.784 8.760 1.004 0 76 255
-27.645 9.236 1.695 0 0 255
-26.856 8.788 1.707 0 255 80
-26.822 8.790 0.916 0 0 255
-27.230 9.002 1.751 0 255 216
-26.209 8.465 1.075 0 0 255
-26.346 8.507 1.528 0 0 255
-27.614 9.370 0.223 0 153 255
-26.492 8.599 1.137 255 247 0
-27.684 9.259 1.047 0 42 255
-27.196 8.984 1.849 0 0 255
-27.142 8.958 1.262 212 255 0
-26.414 8.536 1.079 0 0 255
-26.845 8.783 1.683 144 255 0
-27.087 8.926 1.130 255 202 0
-27.626 9.237 1.155 0 0 255
-27.445 9.113 1.673 0 255 144
-26.517 8.613 1.214 255 165 0
-26.672 8.702 1.098 0 255 89
-27.672 9.247 1.594 0 0 255
-26.860 8.824 1.781 0 34 255
-27.663 9.176 1.243 0 255 148
-26.272 8.486 0.320 0 0 255
-27.208 8.987 1.509 0 255 127
-26.698 8.705 1.431 0 255 80
-26.952 8.844 1.547 255 221 0
-26.449 8.571 1.425 0 255 25
-26.247 8.515 0.741 0 0 255
-26.930 8.840 1.444 0 255 136
-27.119 8.939 1.418 0 255 46
-27.628 9.225 1.787 0 0 255
-26.430 8.558 1.393 0 0 255
-26.701 8.716 1.174 0 255 68
-27.699 9.239 1.665 0 0 255
-27.415 9.098 1.492 114 255 0
-27.322 9.052 1.441 0 119 255
-27.050 8.903 1.788 153 255 0
-26.806 8.742 1.382 0 255 238
-26.524 8.608 1.724 0 255 97
-26.224 8.423 1.156 0 0 255
-27.472 9.080 1.759 0 17 255
-27.315 9.047 1.658 0 255 80
-26.429 8.557 1.823 0 0 255
-26.440 8.574 1.174 0 255 55
-27.279 9.037 0.929 0 0 255
-26.637 8.677 1.037 255 235 0
-26.462 8.578 1.514 0 170 255
-26.457 8.574 1.672 0 136 255
-27.093 8.933 0.946 0 255 148
-27.323 9.067 0.982 0 34 255
-27.073 8.914 1.577 255 233 0
-27.492 9.138 1.299 0 0 255
-26.330 8.487 1.638 0 0 255
-27.574 9.165 1.663 0 0 255
-26.925 8.833 1.476 255 182 0
-27.360 9.068 1.829 0 0 255
-26.970 8.857 1.750 0 255 97
-27.678 9.284 0.745 0 0 255
-27.206 8.993 1.270 0 255 110
-27.492 9.141 1.823 0 0 255
-26.733 8.759 1.514 0 255 242
-27.097 8.931 1.044 255 245 0
-27.356 9.064 1.756 127 255 0
-27.085 8.919 1.457 0 255 97
-27.231 8.996 1.436 255 240 0
-26.201 8.423 1.325 0 8 255
-26.735 8.735 1.175 255 170 0
-27.001 8.875 1.784 0 255 127
-27.265 9.014 1.700 174 255 0
-26.299 8.476 1.260 0 25 255
-27.113 8.940 1.166 0 255 63
-26.946 8.848 1.036 0 255 89
-26.269 8.365 1.775 0 93 255
-27.258 9.010 1.757 106 255 0
-26.611 8.665 1.336 0 119 255
-27.372 9.074 1.718 0 255 110
-26.718 8.719 1.109 0 255 106
-26.517 8.610 1.757 0 255 153
-27.021 8.881 1.487 255 214 0
-26.691 8.705 1.292 0 255 97
-26.446 8.585 1.432 0 25 255
-26.184 8.478 1.827 0 0 255
-27.269 9.020 1.462 195 255 0
-26.342 8.499 1.694 0 0 255
-27.701 9.250 1.410 0 0 255
-26.285 8.477 0.940 0 8 255
-26.321 8.502 1.011 0 0 255
-26.873 8.807 1.353 0 255 80
-27.367 9.081 1.686 0 255 76
-27.310 9.042 1.246 0 255 140
-26.884 8.817 0.924 0 0 255
-26.878 8.811 1.101 0 255 85
-27.338 9.060 1.484 0 255 29
-26.285 8.461 1.845 0 0 255
-26.702 8.710 1.702 0 255 97
-27.307 9.049 1.158 0 255 8
-26.327 8.481 1.673 0 0 255
-27.142 8.951 1.794 0 255 195
-27.491 9.141 1.762 0 0 255
-26.813 8.774 1.118 0 255 76
-26.879 8.812 1.135 255 187 0
-26.811 8.777 0.966 0 255 182
-27.150 8.956 1.560 0 255 114
-27.002 8.874 1.526 0 255 72
-26.753 8.738 1.216 0 255 63
-26.238 8.490 1.710 0 0 255
-26.610 8.632 1.633 0 110 255
-27.722 9.239 1.699 0 0 255
-26.707 8.717 1.276 255 185 0
-26.735 8.731 1.353 246 255 0
-26.548 8.626 1.433 0 255 68
-27.666 9.219 0.234 0 0 255
-26.596 8.656 0.944 0 255 148
-26.955 8.851 1.740 0 255 89
-26.955 8.846 1.557 0 255 140
-26.712 8.723 1.187 255 173 0
-27.611 9.188 1.059 0 0 255
-27.051 8.940 0.952 0 0 255
-27.164 8.972 1.024 0 255 46
-27.546 9.159 1.743 0 0 255
-26.188 8.417 1.559 0 0 255
-26.266 8.494 1.164 0 76 255
-27.079 8.921 1.344 0 255 38
-26.791 8.757 1.452 0 255 148
-26.576 8.647 1.145 0 255 102
-27.402 9.095 1.329 0 255 127
-27.138 8.946 1.627 0 255 85
-27.602 9.212 1.932 0 0 255
-26.975 8.862 1.225 0 255 144
-27.229 9.005 1.326 0 255 114
-27.527 9.157 1.416 0 0 255
-26.727 8.728 1.729 0 255 80
-26.603 8.652 1.724 0 255 106
-27.284 9.034 0.999 0 255 25
-27.428 9.112 1.021 0 255 174
-26.350 8.503 0.974 0 0 255
-26.723 8.723 1.429 0 255 97
-27.655 9.242 1.785 0 0 255
-26.715 8.715 1.445 255 226 0
-26.374 8.521 1.710 0 0 255
-27.632 9.247 1.289 0 0 255
-26.811 8.769 1.680 0 255 76
-26.753 8.737 1.620 0 255 140
-26.435 8.565 1.565 0 255 102
-27.260 9.014 1.582 0 255 114
-26.798 8.764 1.481 0 255 140
-26.671 8.692 1.715 0 255 76
-27.241 9.002 1.654 0 255 102
-27.527 9.139 1.660 0 0 255
-26.908 8.861 1.405 0 42 255
-27.634 9.219 1.752 0 0 255
-26.908 8.818 1.714 0 255 80
-27.037 8.891 1.779 0 255 97
-27.460 9.120 1.475 0 8 255
-26.747 8.738 1.478 0 255 106
-27.135 8.953 1.039 0 255 153
-27.222 9.010 1.180 0 255 199
-26.937 8.839 1.314 255 192 0
-26.206 8.414 1.483 0 0 255
-27.445 9.108 1.563 0 255 148
-27.455 9.113 1.557 0 34 255
-26.754 8.741 1.249 0 255 68
-26.468 8.589 1.259 0 255 110
-27.271 9.019 1.795 123 255 0
-27.091 8.925 1.325 0 255 97
-26.234 8.381 1.793 0 255 182
-26.620 8.665 1.536 0 255 102
-27.258 9.018 0.947 0 255 204
-27.597 9.201 0.919 0 0 255
-26.803 8.769 1.096 255 187 0
-27.523 9.151 1.621 0 0 255
-26.557 8.634 0.951 0 255 148
-27.680 9.211 1.951 0 0 255
-26.256 8.487 0.876 0 0 255
-26.603 8.649 1.406 161 255 0
-27.245 9.006 1.800 0 255 127
-26.768 8.804 1.614 0 195 255
-26.530 8.614 1.552 136 255 0
-26.572 8.607 1.615 0 59 255
-26.565 8.620 1.113 0 25 255
-27.096 8.929 1.396 0 255 144
-26.962 8.854 1.777 0 255 250
-26.698 8.714 1.042 0 255 76
-26.537 8.617 1.513 110 255 0
-26.669 8.696 0.969 191 255 0
-27.046 8.908 1.243 0 255 136
-26.969 8.856 1.633 0 255 93
-27.625 9.202 1.652 0 0 255
-26.239 8.486 0.739 0 0 255
-26.469 8.578 1.545 119 255 0
-27.022 8.889 1.183 0 255 72
-27.333 9.009 1.690 0 255 174
-26.923 8.832 1.398 0 255 102
-27.296 9.042 1.200 0 255 21
-26.531 8.622 0.968 136 255 0
-26.261 8.491 0.676 0 0 255
-27.373 9.083 1.574 0 255 80
-26.704 8.712 1.764 59 255 0
-26.305 8.482 1.401 0 0 255
-26.710 8.716 1.481 0 255 148
-27.669 9.248 1.920 0 0 255
-26.660 8.695 1.154 0 255 97
-26.265 8.438 1.755 0 0 255
-26.484 8.594 1.467 0 255 157
-26.895 8.818 1.714 114 255 0
-26.520 8.606 1.559 127 255 0
-26.749 8.744 0.998 0 255 63
-27.700 9.168 1.599 0 119 255
-26.649 8.678 1.662 225 255 0
-27.171 8.970 1.691 0 255 144
-26.328 8.489 1.580 0 0 255
-26.270 8.490 0.265 0 8 255
-26.710 8.697 1.838 0 0 255
-26.372 8.517 1.442 0 25 255
-27.334 9.058 1.355 0 255 38
-26.716 8.726 1.196 0 255 255
-27.655 9.239 1.736 0 0 255
