-11.782 2.690 0.949 0 246 255
-11.001 2.497 1.789 0 195 255
-11.803 2.695 1.227 191 255 0
-11.992 2.750 0.842 0 0 255
-10.490 2.386 1.047 0 25 255
-11.418 2.591 1.706 123 255 0
-11.466 2.608 1.642 170 255 0
-11.657 2.656 1.588 0 255 72
-10.611 2.391 1.723 0 8 255
-11.684 2.661 1.712 0 255 55
-10.739 2.437 1.818 0 0 255
-11.724 2.670 1.664 0 255 123
-11.874 2.694 1.557 0 0 255
-11.859 2.690 1.559 0 0 255
-12.022 2.767 1.449 0 0 255
-10.644 2.380 0.900 0 0 255
-11.099 2.544 1.278 0 255 144
-11.746 2.673 1.598 0 255 29
-11.625 2.648 1.658 0 255 97
-11.493 2.609 1.628 0 255 34
-10.908 2.468 1.506 131 255 0
-11.336 2.577 1.023 0 255 68
-11.609 2.642 1.384 0 255 131
-10.578 2.376 1.521 0 0 255
-11.151 2.531 1.782 0 255 136
-10.612 2.390 1.620 0 0 255
-11.031 2.500 1.565 0 255 80
-10.731 2.436 1.760 0 255 119
-11.501 2.613 1.577 59 255 0
-10.928 2.474 1.655 0 255 25
-11.151 2.531 1.613 0 255 144
-10.772 2.444 1.446 0 255 178
-10.680 2.411 1.376 0 51 255
-11.918 2.727 0.984 0 59 255
-11.095 2.518 1.718 0 255 204
-11.207 2.542 1.727 8 255 0
-11.058 2.509 1.338 0 255 38
-12.004 2.770 1.235 0 0 255
-11.577 2.635 1.327 0 255 250
-11.437 2.598 1.774 12 255 0
-10.507 2.376 1.215 0 0 255
-11.045 2.505 1.407 0 255 21
-11.128 2.532 1.825 0 0 255
-11.821 2.684 1.795 0 255 127
-10.790 2.449 1.643 0 255 80
-10.669 2.400 1.250 0 0 255
-12.004 2.769 1.321 0 187 255
-11.348 2.574 1.698 8 255 0
-11.666 2.654 1.380 174 255 0
-12.066 2.760 1.496 0 85 255
-10.840 2.453 1.602 93 255 0
-11.443 2.601 1.471 68 255 0
-10.602 2.386 1.015 0 8 255
-12.019 2.787 0.563 0 0 255
-10.488 2.385 1.650 0 255 246
-11.681 2.659 1.716 0 255 127
-11.248 2.553 1.647 187 255 0
-12.008 2.748 1.908 0 0 255
-11.034 2.504 1.037 0 255 89
-11.052 2.504 1.529 0 255 8
-11.295 2.565 1.416 114 255 0
-11.047 2.502 1.655 0 255 42
-11.463 2.618 0.956 38 255 0
-11.030 2.500 1.365 0 255 144
-10.535 2.367 1.652 0 0 255
-12.066 2.747 1.602 0 0 255
-12.068 2.757 1.218 0 0 255
-10.653 2.419 1.469 0 0 255
-11.339 2.592 1.706 0 255 148
-10.503 2.374 1.933 0 0 255
-10.794 2.446 1.581 0 255 187
-10.712 2.420 1.038 0 255 29
-10.456 2.394 1.627 0 0 255
-11.178 2.536 1.609 0 255 51
-11.438 2.572 1.448 0 255 140
-10.660 2.406 1.162 0 0 255
-10.747 2.386 1.786 0 255 127
-10.412 2.388 0.925 0 0 255
-11.986 2.726 1.503 0 0 255
-10.743 2.434 1.438 0 255 157
-11.830 2.685 1.811 0 0 255
-11.689 2.690 1.217 0 255 153
-11.850 2.699 1.052 0 0 255
-12.017 2.772 0.860 0 0 255
-11.390 2.589 0.996 0 255 72
-11.761 2.676 1.669 178 255 0
-11.947 2.710 1.560 0 0 255
-11.384 2.587 1.626 0 255 136
-11.988 2.726 1.795 0 0 255
-10.647 2.399 1.149 0 0 255
-11.561 2.633 1.295 255 202 0
-11.959 2.700 1.638 0 0 255
-10.437 2.373 1.245 0 0 255
-11.893 2.692 1.598 0 0 255
-11.582 2.633 1.827 0 0 255
-11.041 2.503 1.761 0 255 12
-11.817 2.681 1.835 0 0 255
-10.838 2.460 1.764 68 255 0
-10.657 2.412 1.282 0 0 255
-12.082 2.730 1.758 0 0 255
-12.082 2.755 0.252 0 0 255
-11.619 2.646 1.217 0 255 165
-11.074 2.511 1.128 93 255 0
-10.500 2.380 1.453 0 34 255
-11.221 2.558 0.963 0 255 4
-12.005 2.783 0.652 0 0 255
-12.074 2.751 0.970 0 255 178
-12.074 2.748 1.541 0 8 255
-11.920 2.706 1.672 0 8 255
-11.753 2.678 0.902 0 0 255
-12.070 2.717 0.907 0 0 255
-11.812 2.696 0.992 0 0 255
-11.162 2.535 1.322 110 255 0
-10.969 2.488 1.813 0 0 255
-11.109 2.519 1.292 12 255 0
-10.507 2.373 1.353 0 0 255
-11.140 2.551 1.706 0 144 255
-10.973 2.489 1.259 0 255 46
-11.574 2.632 1.565 233 255 0
-10.865 2.462 1.131 0 255 38
-10.858 2.463 1.608 29 255 0
-12.038 2.777 1.881 0 0 255
-10.987 2.492 1.252 0 255 42
-11.420 2.598 1.124 0 255 59
-11.461 2.607 1.322 0 255 140
-11.877 2.690 1.641 0 0 255
-10.699 2.428 1.830 0 0 255
-11.700 2.669 1.302 0 255 119
-12.056 2.764 1.593 0 0 255
-11.709 2.665 1.684 0 255 119
-10.659 2.408 1.312 0 0 255
-10.587 2.380 1.495 0 0 255
-10.586 2.386 1.657 0 0 255
-12.002 2.764 1.235 0 34 255
-11.069 2.511 1.702 8 255 0
-11.068 2.506 1.113 0 255 242
-10.413 2.353 1.584 0 0 255
-11.675 2.655 1.678 68 255 0
-10.420 2.331 0.766 0 0 255
-10.928 2.477 1.189 110 255 0
-11.148 2.534 1.105 123 255 0
-12.021 2.761 1.906 0 0 255
-11.309 2.574 0.954 0 255 0
-11.981 2.749 0.700 0 0 255
-12.066 2.759 1.792 0 17 255
-12.008 2.775 0.531 0 0 255
-11.180 2.535 1.634 0 255 161
-11.564 2.635 1.397 0 255 123
-10.951 2.484 1.521 0 255 89
-11.134 2.524 1.759 0 255 34
-11.413 2.629 1.569 0 51 255
-11.985 2.710 0.254 0 0 255
-11.407 2.593 1.374 191 255 0
-10.746 2.426 1.252 63 255 0
-10.499 2.374 1.895 0 8 255
-11.778 2.681 1.626 123 255 0
-10.787 2.462 0.939 0 255 216
-11.525 2.619 1.431 0 255 59
-12.035 2.766 1.867 0 0 255
-11.410 2.593 1.464 0 255 55
-11.347 2.579 1.035 110 255 0
-10.454 2.385 1.613 0 0 255
-11.339 2.573 1.396 199 255 0
-10.855 2.460 0.940 0 255 76
-11.674 2.654 1.627 238 255 0
-10.704 2.425 1.725 0 255 136
-10.989 2.491 1.186 0 255 225
-10.712 2.428 1.440 29 255 0
-11.553 2.629 1.807 34 255 0
-10.865 2.469 1.833 0 0 255
-10.650 2.409 1.297 0 0 255
-12.054 2.738 1.321 0 59 255
-11.531 2.634 1.057 0 255 153
-10.486 2.388 1.382 17 255 0
-11.611 2.645 1.775 0 255 55
-10.880 2.469 0.969 0 255 97
-11.703 2.668 1.518 229 255 0
-10.503 2.387 1.852 0 59 255
-11.981 2.717 1.539 0 0 255
-10.808 2.444 1.576 0 255 29
-11.033 2.503 0.991 63 255 0
-11.361 2.585 1.170 246 255 0
-11.037 2.474 1.629 0 255 131
-11.590 2.639 1.192 0 255 46
-11.840 2.698 1.594 0 8 255
-10.812 2.451 0.945 0 8 255
-11.469 2.610 1.387 136 255 0
-10.653 2.413 1.631 0 0 255
-10.813 2.449 1.289 0 255 97
-12.045 2.779 0.696 0 0 255
-10.479 2.391 1.324 0 255 161
-11.037 2.502 1.049 63 255 0
-10.535 2.385 1.784 0 0 255
-11.358 2.585 1.028 102 255 0
-11.293 2.568 1.189 0 255 80
-10.514 2.376 1.733 0 8 255
-11.012 2.495 1.522 0 255 25
-11.419 2.594 1.688 0 255 63
-11.067 2.508 1.277 0 255 21
-11.017 2.500 1.264 0 255 148
-10.986 2.510 0.919 0 0 255
-12.044 2.773 0.815 0 0 255
-11.649 2.646 1.503 0 255 72
-11.279 2.567 1.797 0 255 140
-11.560 2.629 1.628 0 255 208
-11.971 2.727 1.307 0 17 255
-11.692 2.662 1.562 0 255 42
-10.875 2.460 1.697 0 255 55
-10.591 2.356 1.553 0 0 255
-11.115 2.525 1.702 0 255 97
-11.316 2.572 1.035 0 255 136
-12.061 2.755 1.495 0 8 255
-11.555 2.629 1.524 80 255 0
-11.711 2.667 1.710 0 255 119
-10.552 2.376 1.694 0 0 255
-10.861 2.455 1.559 0 255 51
-11.235 2.552 0.921 0 0 255
-10.880 2.464 1.556 0 255 89
-11.640 2.653 1.422 0 255 46
-10.450 2.341 1.941 0 0 255
-10.940 2.480 1.708 0 255 76
-10.583 2.394 1.784 0 0 255
-11.798 2.688 1.478 0 212 255
-11.385 2.592 1.064 0 255 165
-10.539 2.367 1.705 0 0 255
-12.029 2.766 1.762 0 0 255
-11.795 2.675 1.722 187 255 0
-11.632 2.650 1.607 255 233 0
-11.385 2.581 1.802 0 255 55
-10.864 2.460 1.178 0 255 38
-10.703 2.432 1.770 0 255 165
-11.294 2.573 1.116 0 255 85
-12.062 2.761 0.993 0 0 255
-11.861 2.715 0.977 0 0 255
-10.970 2.489 0.950 0 255 34
-10.967 2.487 1.057 0 255 131
-12.042 2.832 1.502 0 0 255
-10.790 2.445 1.757 0 255 29
-10.949 2.484 1.368 0 255 29
-11.340 2.582 1.813 0 0 255
-11.543 2.627 1.232 0 255 131
-10.862 2.462 1.523 0 255 85
-11.280 2.560 1.619 0 255 51
-11.270 2.559 1.724 0 255 42
-10.494 2.383 1.202 0 0 255
-10.462 2.390 1.917 0 0 255
-11.213 2.545 1.256 0 255 72
-10.841 2.461 1.611 0 255 93
-11.650 2.656 1.647 0 255 89
-11.285 2.564 1.423 25 255 0
-11.989 2.709 1.791 0 0 255
-11.562 2.627 1.589 0 255 136
-10.807 2.448 1.454 63 255 0
-11.665 2.655 1.538 229 255 0
-11.186 2.542 1.865 0 0 255
-10.612 2.386 1.081 0 0 255
-11.851 2.688 1.425 0 0 255
-10.490 2.389 1.634 0 34 255
-10.419 2.369 1.533 0 255 161
-10.557 2.379 1.049 0 8 255
-10.447 2.387 1.716 0 0 255
-10.922 2.477 1.790 0 255 51
-10.458 2.387 1.732 0 0 255
-11.316 2.568 1.753 0 255 42
-10.895 2.466 1.064 0 255 29
-11.203 2.541 1.526 0 255 29
-11.591 2.640 1.271 0 255 80
-10.721 2.391 0.954 0 51 255
-12.052 2.692 1.061 0 0 255
-10.995 2.498 1.441 0 255 136
-10.878 2.427 1.295 0 93 255
-10.965 2.455 1.088 0 255 161
-10.646 2.407 1.697 0 0 255
-11.517 2.617 1.628 0 255 59
-11.946 2.710 1.151 0 0 255
-11.512 2.621 1.468 255 250 0
-10.840 2.453 1.757 0 255 68
-11.118 2.522 1.762 0 255 34
-10.434 2.378 1.061 0 0 255
-11.675 2.658 1.417 178 255 0
-11.646 2.658 1.019 0 255 199
-12.048 2.774 1.583 0 8 255
-11.862 2.656 1.775 0 68 255
-10.622 2.415 1.781 0 0 255
-11.210 2.542 1.740 0 255 42
-10.872 2.464 1.397 0 255 161
-10.482 2.392 1.800 0 17 255
-10.522 2.368 1.297 0 0 255
-11.671 2.625 1.372 0 204 255
-11.749 2.682 1.264 0 255 38
-10.658 2.398 0.982 0 0 255
-11.306 2.565 1.627 0 255 51
-11.994 2.752 1.198 0 0 255
-11.142 2.526 1.669 0 255 42
-11.828 2.694 1.447 0 0 255
-11.022 2.498 1.550 0 255 76
-11.492 2.609 1.596 0 255 63
-10.906 2.475 1.772 0 255 144
-10.598 2.414 1.357 0 0 255
-11.933 2.704 1.695 0 8 255
-11.746 2.677 1.538 0 255 131
-10.933 2.476 1.520 0 255 21
-11.646 2.653 1.580 144 255 0
-10.408 2.391 1.129 0 51 255
-10.873 2.466 1.047 21 255 0
-11.310 2.572 1.784 0 255 110
-10.503 2.386 0.796 0 8 255
-10.726 2.425 0.973 76 255 0
-12.017 2.774 0.551 0 0 255
-11.167 2.534 1.162 0 255 59
-11.595 2.647 1.014 0 255 59
-10.822 2.446 1.666 80 255 0
-10.470 2.387 1.804 0 0 255
-11.777 2.696 1.057 0 255 127
-10.942 2.481 1.270 0 255 85
-11.119 2.520 1.509 0 255 29
-11.029 2.507 1.153 0 255 221
-10.471 2.399 1.428 0 0 255
-10.726 2.432 1.689 0 255 170
-10.670 2.411 1.257 0 0 255
-10.492 2.389 1.328 0 255 29
-11.289 2.564 1.699 4 255 0
-10.838 2.460 1.545 0 255 68
-11.991 2.776 0.422 0 0 255
-10.454 2.397 1.818 0 0 255
-11.455 2.603 1.640 0 255 131
-12.065 2.718 0.842 0 0 255
-10.784 2.439 1.457 0 255 12
-10.505 2.384 1.777 0 0 255
-10.894 2.490 1.206 0 255 136
-11.934 2.710 1.069 0 0 255
-11.442 2.604 1.124 0 255 72
-10.861 2.463 1.745 0 255 25
-11.780 2.676 1.747 0 255 148
-10.963 2.455 1.490 34 255 0
-11.052 2.510 0.976 0 255 51
-12.016 2.760 1.600 0 0 255
-11.261 2.555 1.573 42 255 0
-10.965 2.482 1.029 0 255 25
-11.139 2.529 0.958 0 255 46
-12.076 2.738 1.748 0 0 255
-10.756 2.435 1.296 17 255 0
-11.941 2.711 1.040 0 0 255
-10.486 2.396 1.768 0 8 255
-11.200 2.538 1.563 21 255 0
-12.057 2.727 1.644 0 0 255
-10.991 2.494 1.077 68 255 0
-11.517 2.623 1.438 0 255 68
-11.515 2.618 1.775 0 255 119
-10.952 2.485 1.209 0 255 97
-10.886 2.467 1.397 29 255 0
-10.935 2.485 1.268 0 255 97
-11.495 2.620 1.113 208 255 0
-10.400 2.367 1.250 0 0 255
-10.418 2.368 0.568 0 0 255
-11.919 2.714 1.089 0 0 255
-11.139 2.532 1.169 0 255 140
-11.166 2.523 0.902 0 0 255
-11.535 2.619 1.818 0 0 255
-12.067 2.751 1.179 0 0 255
-11.409 2.596 1.482 233 255 0
-10.805 2.455 1.801 0 0 255
-11.797 2.695 1.387 102 255 0
-12.061 2.759 1.291 0 255 204
-10.761 2.437 1.633 8 255 0
-10.527 2.370 1.212 0 0 255
-10.709 2.429 1.672 0 255 102
-10.925 2.478 1.160 0 255 89
-12.028 2.775 1.303 0 255 127
-11.612 2.649 1.003 238 255 0
-10.669 2.413 1.789 0 8 255
-11.351 2.578 1.319 0 255 59
-12.028 2.760 1.907 0 0 255
-11.586 2.641 1.372 0 255 46
-12.010 2.719 0.333 0 0 255
-10.461 2.395 1.858 0 0 255
-11.396 2.592 1.252 0 255 42
-11.023 2.503 1.830 0 0 255
-12.034 2.680 0.512 0 0 255
-11.011 2.496 1.713 0 255 29
-11.514 2.647 1.284 0 255 148
-11.939 2.722 0.995 0 0 255
-10.546 2.373 1.487 0 0 255
-10.426 2.360 1.911 0 0 255
-11.808 2.685 1.776 0 255 51
-11.504 2.556 1.816 0 255 165
-11.608 2.676 0.971 0 255 170
-10.773 2.443 1.809 0 0 255
-11.151 2.533 1.508 85 255 0
-11.696 2.661 1.739 0 255 42
-11.178 2.540 1.400 34 255 0
-11.418 2.599 1.177 0 255 63
-11.475 2.636 1.299 0 255 148
-11.084 2.513 1.064 89 255 0
-10.568 2.382 1.529 0 0 255
-10.726 2.425 1.658 0 255 29
-11.410 2.598 1.136 208 255 0
-10.824 2.449 1.635 34 255 0
-10.965 2.494 0.945 0 161 255
-11.485 2.604 1.840 0 0 255
-11.152 2.528 0.993 0 255 72
-10.984 2.489 1.219 0 255 89
-12.010 2.776 0.870 0 0 255
-10.796 2.442 1.329 0 255 4
-12.026 2.763 1.532 0 0 255
-11.560 2.636 1.001 0 255 136
-10.721 2.483 1.777 0 34 255
-11.153 2.534 1.771 21 255 0
-10.605 2.384 1.600 0 25 255
-11.364 2.584 1.727 0 255 72
-11.854 2.688 1.685 0 0 255
-10.418 2.385 1.838 0 0 255
-11.425 2.602 1.355 93 255 0
-10.946 2.447 1.780 0 255 170
-11.008 2.495 1.146 0 255 51
-10.724 2.431 1.771 0 255 131
-11.930 2.708 1.627 0 0 255
-10.809 2.448 1.723 8 255 0
-11.375 2.588 1.769 34 255 0
-11.598 2.639 1.747 0 255 63
-11.782 2.685 1.310 255 199 0
-10.841 2.456 1.046 0 255 106
-11.273 2.566 1.262 246 255 0
-11.606 2.642 1.501 0 255 114
-11.836 2.698 1.485 0 0 255
-10.693 2.427 1.689 0 255 250
-11.439 2.603 1.310 0 255 144
-10.481 2.396 1.318 0 25 255
-11.180 2.542 1.410 85 255 0
-11.270 2.547 0.900 0 0 255
-11.519 2.618 1.712 0 255 38
-10.652 2.404 1.027 0 0 255
-10.435 2.422 1.448 0 0 255
-11.358 2.584 1.207 0 255 140
-11.532 2.619 1.631 0 255 208
-11.324 2.570 1.801 0 255 123
-11.739 2.668 1.838 0 0 255
-11.533 2.625 1.507 0 255 89
-11.558 2.625 1.696 0 255 55
-10.760 2.440 1.541 0 255 153
-10.848 2.459 1.354 34 255 0
-11.998 2.755 1.216 0 153 255
-11.588 2.636 1.836 0 0 255
-11.257 2.556 1.428 17 255 0
-10.962 2.511 1.332 0 255 144
-10.691 2.421 1.810 0 0 255
-11.025 2.502 1.138 174 255 0
-11.807 2.687 1.612 93 255 0
-10.450 2.391 1.856 0 0 255
-11.350 2.583 1.455 0 255 63
-11.086 2.518 1.689 0 255 51
-10.803 2.427 1.053 17 255 0
-10.474 2.392 0.581 0 0 255
-11.370 2.615 1.799 0 0 255
-11.277 2.566 0.974 0 255 136
-10.502 2.353 1.861 0 0 255
-10.432 2.379 1.789 0 0 255
-11.044 2.502 1.515 46 255 0
-11.874 2.654 1.178 0 0 255
-10.411 2.345 1.415 0 0 255
-10.733 2.432 1.162 0 255 4
-11.015 2.497 1.421 0 255 4
-11.045 2.503 1.566 0 255 34
-11.651 2.663 0.931 0 0 255
-11.604 2.647 1.324 0 255 131
-10.968 2.491 1.248 68 255 0
-10.418 2.367 1.425 0 0 255
-11.856 2.678 1.511 0 0 255
-12.005 2.793 0.802 0 0 255
-10.467 2.388 1.870 0 0 255
-11.103 2.555 1.409 0 68 255
-10.658 2.413 1.453 0 0 255
-10.737 2.438 1.764 0 255 97
-10.975 2.481 1.106 12 255 0
-11.381 2.592 1.054 0 255 76
-11.282 2.574 0.920 0 0 255
-10.664 2.419 1.795 0 0 255
-11.043 2.505 1.701 0 255 51
-11.686 2.657 1.600 0 255 102
-11.228 2.548 1.723 0 255 212
-12.077 2.751 1.908 0 8 255
-10.769 2.439 1.351 0 255 153
-11.746 2.702 1.479 0 255 161
-10.483 2.399 1.879 0 0 255
-11.404 2.596 1.250 0 246 255
-10.666 2.414 1.697 0 0 255
-11.491 2.617 1.315 0 255 59
-11.357 2.582 1.462 157 255 0
-11.100 2.522 1.057 0 255 85
-12.060 2.763 1.619 0 0 255
-11.510 2.615 1.646 170 255 0
-11.504 2.612 1.622 119 255 0
-11.740 2.677 1.283 255 247 0
-11.264 2.555 1.530 0 255 46
-11.973 2.761 0.518 0 17 255
-11.384 2.590 1.124 255 250 0
-11.405 2.591 1.844 0 0 255
-10.580 2.381 1.542 0 8 255
-10.533 2.367 1.574 0 0 255
-10.479 2.397 1.836 0 0 255
-10.769 2.438 1.716 0 255 0
-10.865 2.462 1.318 0 255 34
-10.722 2.428 1.480 0 255 8
-10.974 2.488 1.242 0 255 21
-10.462 2.319 1.849 0 51 255
-11.618 2.635 1.823 0 8 255
-10.675 2.417 1.002 0 255 195
-12.032 2.784 1.076 0 25 255
-10.630 2.377 1.276 0 0 255
-11.667 2.660 1.119 208 255 0
-10.798 2.447 1.313 21 255 0
-11.710 2.668 1.779 0 255 119
-10.567 2.380 1.675 0 0 255
-10.444 2.390 1.612 0 0 255
-10.502 2.371 1.636 0 17 255
-10.852 2.461 1.229 0 255 34
-11.106 2.519 1.584 0 255 72
-10.706 2.426 1.654 0 144 255
-11.387 2.589 1.102 0 255 72
-11.269 2.558 1.594 0 255 76
-11.968 2.743 0.627 0 0 255
-12.068 2.754 1.606 0 0 255
-11.924 2.699 1.315 0 0 255
-10.572 2.389 0.988 0 0 255
-11.543 2.628 1.120 242 255 0
-10.705 2.423 1.029 0 178 255
-11.005 2.496 1.218 85 255 0
-11.727 2.676 1.094 255 206 0
-10.802 2.445 1.463 72 255 0
-10.803 2.449 1.738 0 255 131
-12.051 2.683 0.274 0 0 255
-10.758 2.435 1.303 0 255 0
-10.582 2.373 1.109 0 0 255
-11.719 2.663 1.764 140 255 0
-11.326 2.556 0.892 0 255 204
-11.837 2.693 1.656 0 0 255
-11.120 2.522 1.490 114 255 0
-11.348 2.549 1.277 0 255 157
-11.117 2.518 1.594 0 255 25
-10.505 2.368 1.348 0 0 255
-10.493 2.295 0.830 0 0 255
-10.719 2.426 1.572 0 255 72
-10.784 2.441 1.337 0 255 4
-11.507 2.630 1.837 0 0 255
-10.980 2.490 1.052 51 255 0
-10.448 2.384 1.407 0 0 255
-11.753 2.678 1.369 255 194 0
-11.908 2.704 1.705 0 0 255
-11.747 2.671 1.624 0 255 80
-12.035 2.780 0.863 0 0 255
-11.490 2.614 1.419 136 255 0
-11.091 2.517 1.387 25 255 0
-12.040 2.778 0.817 0 0 255
-11.598 2.639 1.831 0 0 255
-10.742 2.428 1.652 0 255 21
-11.529 2.636 1.836 0 0 255
-11.214 2.542 1.701 0 255 25
-11.747 2.677 1.282 0 170 255
-11.805 2.685 1.463 0 255 38
-10.995 2.492 1.522 0 255 21
-11.010 2.494 1.082 0 195 255
-11.932 2.711 1.509 0 8 255
-10.460 2.394 1.722 0 0 255
-12.015 2.755 1.676 0 0 255
-11.364 2.586 1.513 0 255 140
-11.900 2.699 1.024 0 0 255
-11.062 2.474 1.530 0 153 255
-12.041 2.774 0.807 0 0 255
-11.577 2.636 1.164 187 255 0
-11.087 2.518 1.499 0 255 76
-11.208 2.544 1.505 0 255 46
-11.559 2.623 1.832 0 0 255
-12.026 2.785 0.389 0 0 255
-11.738 2.622 1.762 0 255 157
-11.884 2.692 1.538 0 0 255
-10.813 2.449 1.114 0 255 34
-10.630 2.391 1.092 0 0 255
-11.830 2.683 1.801 0 0 255
-10.418 2.372 1.357 0 0 255
-10.420 2.371 1.353 0 59 255
-10.424 2.370 1.241 0 229 255
-11.063 2.507 1.742 0 255 38
-11.548 2.624 1.832 0 0 255
-11.499 2.640 1.522 0 144 255
-12.008 2.755 1.857 0 0 255
-10.705 2.429 1.289 0 255 4
-12.041 2.774 1.584 0 0 255
-11.765 2.676 1.837 0 0 255
-10.482 2.287 1.845 0 0 255
-10.431 2.368 0.968 0 0 255
-11.067 2.509 1.773 0 255 148
-11.083 2.515 1.456 0 255 0
-12.007 2.751 1.882 0 0 255
-11.778 2.678 1.593 89 255 0
-11.762 2.676 1.589 0 255 51
-11.481 2.619 0.977 144 255 0
-11.857 2.687 1.777 0 0 255
-11.794 2.683 1.444 0 255 246
-10.913 2.472 1.660 0 255 25
-12.073 2.751 1.828 0 0 255
-10.831 2.450 1.513 0 255 4
-12.059 2.733 0.563 0 0 255
-12.061 2.661 1.807 0 0 255
-12.016 2.776 0.973 0 0 255
-11.037 2.499 1.684 0 255 0
-10.534 2.333 1.405 0 0 255
-11.356 2.583 1.051 0 255 127
-11.425 2.603 1.112 0 255 123
-11.641 2.673 0.911 0 0 255
-10.433 2.381 0.552 0 0 255
-11.657 2.621 0.993 0 255 204
-12.038 2.762 1.630 0 0 255
-11.583 2.637 1.551 0 255 72
-11.892 2.703 1.526 0 0 255
-12.029 2.765 1.827 0 0 255
-10.417 2.365 0.835 0 0 255
-11.615 2.642 1.284 255 168 0
-11.693 2.664 1.374 255 190 0
-10.785 2.441 1.388 0 255 93
-11.290 2.569 1.143 0 255 131
-10.468 2.393 1.479 0 110 255
-11.315 2.568 1.540 34 255 0
-10.788 2.450 1.833 0 0 255
-11.087 2.513 0.935 0 255 233
-10.472 2.393 1.473 0 119 255
-11.491 2.615 1.573 0 255 136
-11.648 2.681 0.902 0 0 255
-10.954 2.483 1.728 0 255 148
-11.983 2.744 1.331 0 0 255
-11.772 2.684 1.253 0 255 59
-10.899 2.472 1.187 0 255 89
-11.056 2.506 1.501 46 255 0
-10.928 2.479 1.718 0 255 102
-10.669 2.424 1.611 0 25 255
-12.004 2.751 1.905 0 0 255
-11.342 2.546 1.275 0 255 144
-11.775 2.693 0.975 127 255 0
-10.947 2.481 1.441 8 255 0
-11.615 2.645 1.764 0 255 153
-10.418 2.398 1.270 0 255 136
-12.018 2.760 1.655 0 0 255
-10.722 2.431 1.408 0 255 93
-11.780 2.671 1.824 0 0 255
-10.634 2.400 1.578 0 0 255
-11.648 2.648 1.483 0 255 127
-12.010 2.813 0.600 0 0 255
-10.713 2.429 1.833 0 0 255
-10.718 2.429 1.607 63 255 0
-11.604 2.639 1.677 0 255 131
-10.503 2.381 1.159 0 0 255
-11.508 2.619 1.585 0 255 123
-11.373 2.583 1.689 0 255 229
-12.040 2.786 0.217 0 0 255
-10.486 2.387 1.543 0 34 255
-10.962 2.483 1.491 59 255 0
-10.487 2.386 1.283 0 136 255
-10.495 2.384 1.181 0 161 255
-11.845 2.693 1.486 0 0 255
-11.532 2.628 1.144 144 255 0
-11.134 2.528 1.441 0 255 80
-12.121 2.664 1.665 0 8 255
-11.781 2.679 1.727 0 255 46
-11.353 2.586 1.836 0 0 255
-11.302 2.569 1.193 0 255 93
-10.935 2.483 1.537 0 255 80
-11.795 2.692 1.237 255 216 0
-11.927 2.708 1.760 0 8 255
-11.693 2.667 1.140 255 182 0
-11.382 2.589 1.286 216 255 0
-10.512 2.371 1.381 0 0 255
-11.101 2.516 1.349 0 255 38
-12.023 2.776 1.814 0 0 255
-11.668 2.656 1.522 0 255 59
-11.907 2.698 1.715 0 34 255
-11.217 2.543 1.688 0 255 76
-11.993 2.697 1.622 0 255 63
-11.607 2.651 0.981 0 255 55
-10.453 2.400 1.832 0 0 255
-12.014 2.780 0.671 0 0 255
-10.777 2.442 1.286 68 255 0
-11.090 2.515 1.808 0 255 34
-11.950 2.720 1.118 0 0 255
-10.545 2.379 1.090 0 8 255
-11.610 2.639 1.788 76 255 0
-10.746 2.435 1.429 17 255 0
-10.796 2.444 1.557 0 255 148
-12.069 2.752 1.615 0 0 255
-10.722 2.426 1.357 17 255 0
-10.646 2.407 1.478 0 93 255
-10.650 2.398 1.017 0 0 255
-10.451 2.394 1.480 0 0 255
-11.585 2.634 1.769 0 255 80
-11.626 2.649 1.382 255 226 0
-10.442 2.389 1.595 0 0 255
-11.890 2.703 1.757 0 8 255
-12.059 2.771 1.328 0 204 255
-10.529 2.318 0.653 0 0 255
-10.573 2.396 1.452 0 0 255
-10.697 2.427 1.497 0 255 161
-10.959 2.482 1.223 0 255 144
-10.948 2.481 1.012 89 255 0
-11.856 2.700 1.523 0 17 255
-11.264 2.561 1.199 178 255 0
-12.079 2.743 1.918 0 8 255
-11.310 2.565 1.704 21 255 0
-10.426 2.366 1.226 0 8 255
-12.042 2.713 1.169 0 0 255
-11.302 2.563 1.673 0 255 46
-10.774 2.437 1.803 0 144 255
-10.927 2.475 1.735 0 255 21
-11.187 2.537 1.586 0 255 17
-11.159 2.540 1.831 0 0 255
-11.988 2.743 1.458 0 8 255
-12.053 2.771 0.606 0 0 255
-10.744 2.431 0.971 0 255 25
-11.467 2.606 1.535 0 255 38
-11.120 2.521 1.493 0 255 0
-10.562 2.376 1.578 0 0 255
-11.586 2.637 1.442 0 255 123
-11.553 2.627 1.607 0 255 68
-10.976 2.491 1.021 68 255 0
-10.533 2.370 1.056 0 8 255
-10.551 2.377 1.408 0 0 255
-11.088 2.515 1.638 119 255 0
-11.100 2.514 1.684 0 255 38
-11.972 2.736 0.219 0 0 255
-11.408 2.592 1.545 93 255 0
-11.418 2.594 1.800 29 255 0
-12.060 2.759 1.635 0 255 208
-10.780 2.440 1.651 25 255 0
-11.521 2.628 1.821 0 0 255
-10.162 2.153 0.889 0 255 157
-11.792 2.684 1.466 46 255 0
-10.748 2.438 1.586 0 255 93
-11.466 2.608 1.410 255 209 0
-11.541 2.623 1.548 174 255 0
-12.030 2.774 0.811 0 0 255
-11.138 2.524 1.674 25 255 0
-10.650 2.432 1.010 0 51 255
-10.915 2.475 1.366 38 255 0
-10.832 2.452 1.295 0 255 153
-11.759 2.675 1.573 255 223 0
-11.844 2.654 1.616 0 0 255
-11.062 2.510 1.165 0 255 46
-11.853 2.675 0.927 0 8 255
-11.467 2.607 1.384 0 255 63
-11.741 2.684 1.192 0 255 136
-12.004 2.779 0.349 0 0 255
-11.049 2.504 1.076 0 255 51
-10.938 2.479 1.160 51 255 0
-12.100 2.708 1.275 0 0 255
-10.807 2.449 1.173 0 255 148
-10.911 2.475 1.439 0 255 153
-12.012 2.759 1.636 0 0 255
-10.082 2.157 0.895 0 0 255
-11.015 2.500 1.820 0 0 255
-11.249 2.553 1.742 76 255 0
-10.888 2.475 1.820 0 0 255
-11.815 2.700 1.127 0 255 238
-10.618 2.385 1.124 0 0 255
-11.101 2.522 1.165 0 255 170
-12.068 2.757 1.684 0 0 255
-11.122 2.524 1.512 0 255 93
-11.298 2.566 1.779 0 255 97
-10.458 2.386 0.738 0 0 255
-11.388 2.597 0.921 0 0 255
-10.481 2.396 1.244 0 0 255
-11.954 2.736 0.626 0 0 255
-12.017 2.726 0.490 0 0 255
-12.015 2.747 1.902 0 0 255
-11.047 2.509 1.465 0 255 76
-10.636 2.394 1.143 0 0 255
-12.027 2.765 1.757 0 0 255
-11.068 2.512 1.315 0 195 255
-11.203 2.547 1.019 0 255 212
-11.522 2.622 1.520 0 255 119
-10.930 2.475 1.644 0 255 123
-10.578 2.362 1.160 0 0 255
-10.447 2.383 1.232 0 0 255
-11.126 2.526 1.197 0 255 229
-11.366 2.584 1.420 212 255 0
-12.035 2.773 1.326 0 0 255
-10.419 2.362 0.954 0 0 255
-10.975 2.485 1.587 0 255 93
-11.989 2.750 1.074 0 0 255
-10.740 2.433 1.671 0 255 123
-12.037 2.770 1.721 0 0 255
-11.418 2.599 1.340 0 255 68
-10.905 2.470 1.137 102 255 0
-12.067 2.761 1.761 0 17 255
-11.862 2.706 1.771 0 0 255
-12.034 2.776 0.944 0 0 255
-11.850 2.703 1.384 0 0 255
-10.451 2.427 1.824 0 0 255
-12.040 2.782 0.514 0 0 255
-11.084 2.515 1.689 0 255 80
-11.204 2.539 1.554 0 255 46
-12.036 2.774 1.798 0 0 255
-11.299 2.567 1.453 250 255 0
-10.922 2.476 1.467 0 255 153
-10.521 2.363 1.463 0 0 255
-11.712 2.665 1.618 0 255 127
-10.472 2.395 1.069 0 0 255
-12.043 2.775 1.878 0 0 255
-10.493 2.376 1.185 0 255 255
-11.752 2.704 1.841 0 0 255
-11.067 2.515 1.018 174 255 0
-11.310 2.545 1.137 0 93 255
-10.593 2.386 1.054 0 17 255
-11.198 2.537 1.687 34 255 0
-10.477 2.393 1.719 0 0 255
-11.839 2.693 1.563 0 0 255
-11.814 2.697 1.081 0 0 255
-10.641 2.409 1.583 0 0 255
-11.504 2.617 1.478 229 255 0
-11.333 2.577 1.821 0 0 255
-10.504 2.383 1.361 0 8 255
-11.527 2.623 1.507 255 242 0
-11.207 2.540 1.478 21 255 0
-10.445 2.388 1.248 0 0 255
-10.518 2.377 1.320 0 0 255
-11.001 2.493 1.506 51 255 0
-10.496 2.381 1.573 0 102 255
-11.161 2.533 1.300 0 255 80
-10.841 2.455 1.237 0 255 38
-11.934 2.721 1.775 0 8 255
-11.502 2.620 1.154 229 255 0
-12.023 2.777 0.610 0 0 255
-11.000 2.490 1.100 0 255 46
-10.868 2.468 1.597 34 255 0
-10.658 2.406 1.268 0 0 255
-10.569 2.378 1.604 0 0 255
-12.029 2.771 1.864 0 0 255
-12.001 2.750 0.755 0 8 255
-10.595 2.385 1.630 0 8 255
-11.605 2.650 1.076 0 255 76
-11.580 2.632 1.764 34 255 0
-11.014 2.493 1.183 0 255 29
-10.488 2.392 1.798 0 0 255
-10.901 2.469 1.150 93 255 0
-11.734 2.682 0.958 0 255 89
-11.737 2.675 1.324 225 255 0
-10.532 2.379 1.769 0 0 255
-11.679 2.665 1.319 255 129 0
-10.912 2.474 1.744 0 255 170
-10.831 2.459 1.383 0 255 212
-10.439 2.306 1.040 0 255 144
-10.811 2.447 1.787 0 255 55
-10.699 2.429 1.500 0 255 119
-10.529 2.366 1.351 0 0 255
-12.030 2.765 1.674 0 0 255
-10.736 2.427 1.079 0 255 157
-11.328 2.574 1.410 0 255 76
-10.951 2.488 1.247 0 255 97
-11.546 2.622 1.780 0 195 255
-10.799 2.452 1.403 0 255 106
-11.867 2.701 1.775 0 0 255
-11.345 2.575 1.711 0 255 17
-10.671 2.415 1.796 0 0 255
-10.663 2.418 1.803 0 0 255
-10.921 2.479 0.973 93 255 0
-10.423 2.366 0.863 0 0 255
-10.418 2.366 1.676 0 102 255
-11.912 2.695 1.728 0 0 255
-11.057 2.508 1.671 0 255 4
-10.561 2.373 1.527 0 0 255
-10.782 2.397 1.436 0 42 255
-11.987 2.732 1.556 0 0 255
-11.449 2.610 1.038 0 255 131
-11.653 2.657 1.172 255 182 0
-11.531 2.635 0.937 0 102 255
-12.047 2.768 0.530 0 0 255
-11.747 2.677 1.395 0 255 25
-12.017 2.761 0.647 0 0 255
-10.956 2.487 1.080 0 255 97
-11.567 2.636 1.030 0 255 165
-11.569 2.634 1.295 178 255 0
-10.531 2.370 1.281 0 0 255
-11.805 2.682 1.629 0 255 106
-11.163 2.533 1.601 0 255 119
-10.884 2.465 1.514 0 255 29
-11.005 2.493 1.080 148 255 0
-11.495 2.620 0.916 0 0 255
-11.547 2.631 1.014 0 255 250
-11.657 2.665 0.914 0 0 255
-11.560 2.632 1.279 0 255 127
-11.588 2.644 1.275 0 255 119
-11.192 2.543 1.803 0 187 255
-11.904 2.752 1.755 0 8 255
-11.410 2.591 1.811 0 68 255
-11.549 2.630 1.251 255 163 0
-11.323 2.569 1.407 255 238 0
-11.993 2.745 1.186 0 0 255
-10.748 2.432 1.091 0 255 229
-10.975 2.485 1.548 0 255 21
-11.566 2.635 1.127 161 255 0
-10.887 2.467 1.576 29 255 0
-11.144 2.529 1.687 0 255 140
-11.525 2.617 1.704 0 255 136
-10.533 2.366 0.954 0 0 255
-10.899 2.469 1.085 63 255 0
-10.889 2.466 1.060 0 255 148
-11.054 2.511 1.271 68 255 0
-10.494 2.380 1.457 0 102 255
-11.318 2.566 1.597 136 255 0
-10.796 2.441 1.099 68 255 0
-11.173 2.540 1.253 0 255 136
-11.741 2.681 0.996 0 255 59
-12.047 2.773 1.281 0 0 255
-10.691 2.421 1.477 0 255 148
-11.427 2.598 1.239 110 255 0
-12.033 2.784 0.904 0 0 255
-10.463 2.388 1.709 0 0 255
-11.334 2.571 1.520 0 255 34
-10.999 2.494 1.567 42 255 0
-11.059 2.509 1.249 0 255 42
-11.109 2.517 1.827 0 0 255
-10.461 2.389 0.647 0 0 255
-11.244 2.552 1.658 4 255 0
-11.116 2.521 1.226 0 255 140
-10.967 2.485 1.637 0 255 127
-11.391 2.590 1.657 0 255 148
-12.008 2.658 1.472 0 0 255
-11.413 2.600 1.349 0 255 51
-11.350 2.581 1.367 0 255 63
-10.793 2.455 1.833 0 0 255
-10.443 2.391 1.187 0 0 255
-10.566 2.398 1.792 0 0 255
-11.537 2.599 1.180 0 255 123
-11.572 2.631 1.785 8 255 0
-10.544 2.377 1.397 0 0 255
-11.387 2.594 1.276 0 255 85
-11.674 2.653 1.614 136 255 0
-12.074 2.749 1.474 0 8 255
-11.522 2.621 1.486 157 255 0
-11.637 2.650 1.238 0 255 46
-11.767 2.734 1.749 0 17 255
-10.640 2.415 1.746 0 0 255
-12.035 2.778 0.653 0 0 255
-11.300 2.573 1.224 0 255 131
-11.303 2.597 0.952 0 153 255
-10.518 2.359 1.435 0 0 255
-11.035 2.502 1.243 127 255 0
-11.987 2.750 1.340 0 187 255
-11.852 2.699 1.429 0 0 255
-10.582 2.394 1.743 0 0 255
-11.753 2.672 1.633 153 255 0
-11.691 2.663 1.169 0 255 55
-11.288 2.571 1.101 0 255 85
-12.039 2.764 1.668 0 0 255
-11.220 2.546 1.475 80 255 0
-10.659 2.403 1.143 0 0 255
-10.487 2.386 0.865 0 0 255
-10.179 2.148 0.891 0 255 153
-11.441 2.603 1.768 0 255 0
-10.497 2.381 1.114 0 0 255
-11.663 2.662 0.972 216 255 0
-10.429 2.374 1.457 0 59 255
-12.074 2.740 1.533 0 0 255
-10.233 2.231 0.935 0 0 255
-10.650 2.402 1.680 0 0 255
-11.505 2.627 0.972 165 255 0
-11.463 2.604 1.588 178 255 0
-10.486 2.383 0.872 0 0 255
-12.035 2.775 0.526 0 0 255
-11.812 2.689 1.414 0 127 255
-11.440 2.604 1.392 55 255 0
-10.797 2.457 1.832 0 0 255
-11.755 2.680 1.177 0 255 25
-11.376 2.585 1.379 255 206 0
-10.477 2.394 1.531 0 25 255
-11.133 2.497 1.662 0 255 157
-11.451 2.601 1.640 0 255 76
-10.472 2.327 1.560 0 0 255
-11.219 2.546 1.550 42 255 0
-11.475 2.605 1.566 0 255 34
-10.474 2.393 1.198 0 8 255
-11.702 2.665 1.571 0 255 76
-10.600 2.387 1.628 0 0 255
-10.981 2.491 1.144 0 255 102
-11.036 2.505 1.317 0 255 76
-11.453 2.606 1.354 110 255 0
-11.419 2.592 1.750 0 255 68
-11.715 2.666 1.816 0 0 255
-10.446 2.383 1.397 0 0 255
-11.786 2.696 0.967 51 255 0
-11.951 2.676 1.225 0 0 255
-11.665 2.657 1.289 255 245 0
-10.883 2.469 1.426 0 255 89
-12.045 2.769 1.785 0 0 255
-10.571 2.373 1.005 0 8 255
-11.476 2.610 1.161 0 255 59
-11.403 2.589 1.692 0 255 59
-11.915 2.696 1.553 0 0 255
-10.653 2.406 1.026 0 0 255
-11.567 2.632 1.806 38 255 0
-11.346 2.577 1.575 68 255 0
-10.719 2.427 1.396 8 255 0
-10.548 2.374 1.651 0 0 255
-11.375 2.586 1.257 174 255 0
-10.456 2.390 1.555 0 0 255
-10.915 2.473 1.196 0 255 153
-12.005 2.738 1.911 0 0 255
-11.613 2.643 1.634 0 255 80
-10.725 2.426 1.714 0 42 255
-10.764 2.438 1.536 0 255 89
-10.955 2.531 1.690 0 161 255
-11.304 2.570 1.533 0 255 127
-10.713 2.421 0.966 0 85 255
-10.964 2.484 1.074 0 255 42
-11.132 2.528 1.384 153 255 0
-11.376 2.591 1.809 0 255 178
-11.748 2.675 1.442 0 255 46
-10.692 2.415 1.096 0 255 119
-10.964 2.487 1.032 0 255 89
-10.519 2.365 1.034 0 0 255
-10.460 2.395 0.908 0 0 255
-10.917 2.428 1.361 0 255 157
-11.595 2.639 1.817 0 0 255
-11.367 2.579 1.731 29 255 0
-10.431 2.379 1.853 0 0 255
-10.824 2.470 0.902 0 0 255
-11.961 2.737 1.009 0 8 255
-11.275 2.556 1.720 0 255 72
-10.172 2.156 0.895 0 255 191
-10.819 2.450 1.242 0 255 242
-10.750 2.433 1.055 0 255 102
-11.750 2.673 1.741 0 255 34
-11.616 2.636 1.733 110 255 0
-10.944 2.487 1.253 72 255 0
-10.924 2.477 1.039 17 255 0
-11.354 2.585 1.261 0 255 63
-12.043 2.773 1.537 0 0 255
-11.013 2.498 1.372 4 255 0
-11.119 2.522 1.799 0 255 144
-10.517 2.359 1.860 0 0 255
-10.488 2.387 1.733 0 0 255
-11.761 2.681 1.318 233 255 0
-10.512 2.377 1.495 0 85 255
-11.676 2.658 1.415 0 255 157
-11.670 2.658 1.378 0 255 157
-11.687 2.653 1.665 182 255 0
-10.658 2.407 1.139 0 0 255
-11.629 2.653 1.097 255 245 0
-10.568 2.375 1.699 0 0 255
-12.041 2.782 0.945 0 0 255
-10.520 2.381 1.743 0 0 255
-10.748 2.438 1.790 0 255 178
-11.178 2.544 0.924 0 25 255
-10.897 2.495 1.358 0 255 136
-11.997 2.752 0.885 0 0 255
-10.858 2.456 1.569 0 255 21
-10.871 2.464 1.272 0 255 89
-11.010 2.504 1.793 0 255 136
-11.147 2.532 1.289 63 255 0
-11.721 2.699 1.392 0 255 161
-10.827 2.450 1.184 0 255 12
-10.906 2.467 1.650 0 255 4
-11.076 2.514 1.663 110 255 0
-10.811 2.455 1.540 8 255 0
-11.285 2.592 1.694 0 255 182
-10.930 2.478 1.447 0 255 97
-10.541 2.379 1.338 0 0 255
-11.234 2.548 1.805 0 255 153
-11.443 2.615 1.147 0 255 102
-11.316 2.571 1.020 161 255 0
-11.311 2.572 1.691 0 255 102
-11.169 2.535 1.816 0 68 255
-11.388 2.586 1.463 0 255 59
-11.211 2.547 1.320 119 255 0
-12.026 2.772 1.264 0 0 255
-10.910 2.474 1.374 0 255 97
-11.470 2.608 1.465 76 255 0
-11.929 2.704 1.604 0 8 255
-11.968 2.707 1.306 0 0 255
-10.826 2.447 1.061 0 255 34
-11.271 2.559 1.061 0 255 63
-10.647 2.403 1.405 0 0 255
-10.507 2.372 0.814 0 0 255
-10.429 2.369 0.901 0 0 255
-12.066 2.758 1.374 0 8 255
-11.734 2.684 0.914 0 0 255
-11.311 2.568 1.621 0 255 59
-11.712 2.665 1.624 0 255 131
-11.779 2.682 1.646 178 255 0
-11.187 2.541 1.594 0 255 42
-10.757 2.436 1.582 0 255 42
-11.638 2.649 1.346 157 255 0
-12.086 2.696 0.482 0 0 255
-11.956 2.726 1.302 0 0 255
-11.734 2.673 1.387 0 255 140
-11.094 2.517 1.209 127 255 0
-11.919 2.709 1.651 0 17 255
-11.191 2.537 1.788 0 255 8
-11.001 2.495 0.972 59 255 0
-10.760 2.439 1.169 8 255 0
-10.430 2.372 1.707 0 0 255
-11.553 2.629 1.566 0 255 123
-11.729 2.677 1.780 0 255 119
-11.696 2.671 1.073 255 214 0
-11.058 2.507 1.696 29 255 0
-11.207 2.548 1.814 0 0 255
-10.732 2.432 1.546 0 255 80
-12.025 2.766 0.367 0 0 255
-11.279 2.564 1.198 0 221 255
-12.067 2.720 1.600 0 0 255
-11.348 2.579 1.783 0 255 119
-11.018 2.501 1.714 0 255 136
-11.051 2.510 0.944 0 127 255
-10.946 2.484 1.384 0 255 97
-11.103 2.545 1.195 0 255 144
-10.512 2.375 1.204 0 255 68
-10.531 2.371 1.185 0 0 255
-11.364 2.592 0.927 0 34 255
-10.816 2.454 1.416 34 255 0
-11.115 2.524 1.101 0 255 144
-11.492 2.618 1.065 161 255 0
-10.823 2.455 1.457 0 255 140
-10.456 2.388 0.972 0 0 255
-10.988 2.493 1.331 0 255 97
-10.171 2.158 0.913 0 255 233
-10.877 2.465 1.457 0 255 4
-11.724 2.677 1.033 0 246 255
-10.974 2.488 1.788 0 255 29
-10.818 2.452 1.772 0 255 29
-11.825 2.687 1.789 0 0 255
-11.385 2.589 1.281 255 206 0
-11.875 2.686 1.662 0 0 255
-11.244 2.551 1.554 21 255 0
-11.218 2.544 1.578 0 255 72
-10.616 2.374 1.434 0 0 255
-11.079 2.512 0.951 0 221 255
-10.644 2.397 1.538 0 0 255
-10.420 2.354 1.155 0 0 255
-11.693 2.662 1.642 0 255 38
-12.050 2.762 1.607 0 8 255
-11.942 2.711 1.583 0 0 255
-12.038 2.779 0.982 0 0 255
-11.250 2.585 1.293 0 255 208
-10.841 2.455 1.749 4 255 0
-11.193 2.541 1.522 17 255 0
-11.769 2.674 1.645 208 255 0
-10.640 2.411 1.749 0 0 255
-10.814 2.447 1.104 0 255 191
-10.789 2.449 1.802 0 246 255
-11.655 2.666 0.935 0 0 255
-12.039 2.678 1.667 0 0 255
-10.510 2.370 1.914 0 0 255
-11.996 2.741 1.580 0 0 255
-10.585 2.383 1.595 0 0 255
-11.144 2.544 1.845 0 0 255
-11.034 2.505 1.051 0 255 216
-12.038 2.770 1.744 0 0 255
-11.856 2.692 1.606 0 0 255
-12.026 2.777 1.208 0 0 255
-11.516 2.622 1.335 140 255 0
-11.066 2.515 0.959 0 221 255
-11.748 2.676 1.317 0 255 25
-11.553 2.689 1.004 0 255 114
-11.151 2.528 1.587 0 221 255
-10.419 2.361 1.295 0 25 255
-11.674 2.671 1.220 0 255 89
-12.000 2.685 1.737 0 8 255
-11.203 2.542 1.688 0 255 140
-11.767 2.680 1.608 0 255 89
-11.471 2.610 1.593 0 255 123
-11.922 2.718 1.022 0 0 255
-11.498 2.616 1.099 0 255 80
-11.176 2.502 1.002 0 255 140
-10.578 2.382 1.596 0 0 255
-10.420 2.367 1.641 0 0 255
-12.021 2.718 0.744 0 0 255
-12.025 2.668 0.429 0 0 255
-11.028 2.501 1.005 59 255 0
-11.936 2.743 1.332 0 8 255
-10.679 2.357 1.379 0 119 255
-11.546 2.588 1.666 0 178 255
-10.703 2.428 1.715 0 255 144
-11.814 2.698 1.036 0 255 102
-12.022 2.662 0.549 0 0 255
-11.766 2.676 1.788 0 255 123
-10.751 2.436 0.924 0 34 255
-11.275 2.563 1.648 110 255 0
-11.425 2.604 0.939 0 170 255
-11.204 2.548 1.401 182 255 0
-11.974 2.733 1.090 0 8 255
-11.843 2.695 1.700 0 0 255
-11.872 2.699 1.092 0 0 255
-11.657 2.604 1.511 0 255 148
-10.716 2.425 1.586 21 255 0
-11.854 2.692 1.695 0 0 255
-11.271 2.555 1.726 0 246 255
-10.932 2.477 1.472 42 255 0
-11.617 2.654 1.518 0 255 178
-11.748 2.673 1.678 0 255 29
-10.857 2.464 1.307 0 255 106
-10.401 2.345 0.705 0 0 255
-10.745 2.430 1.378 34 255 0
-10.762 2.438 0.995 29 255 0
-10.510 2.371 1.584 0 238 255
-10.642 2.402 1.659 0 0 255
-11.405 2.589 1.561 38 255 0
-11.639 2.643 1.485 255 226 0
-11.495 2.610 1.830 0 0 255
-10.609 2.399 1.783 0 0 255
-10.713 2.431 1.526 0 255 102
-11.083 2.510 1.719 0 255 12
-12.063 2.768 1.291 46 255 0
-11.421 2.593 1.521 0 255 63
-10.717 2.428 1.793 34 255 0
-11.693 2.665 1.545 0 255 38
-10.825 2.451 1.311 0 255 4
-12.022 2.767 1.854 0 0 255
-11.955 2.709 1.659 0 0 255
-11.625 2.650 1.131 0 255 131
-10.999 2.495 1.747 0 255 12
-10.807 2.483 1.805 0 0 255
-11.651 2.652 1.750 63 255 0
-11.959 2.743 0.991 0 8 255
-11.998 2.756 1.640 0 0 255
-11.495 2.617 1.527 0 255 123
-10.887 2.469 1.665 0 255 59
-11.379 2.585 1.390 0 255 136
-10.465 2.388 1.612 0 8 255
-11.654 2.658 1.312 255 206 0
-10.992 2.493 1.347 0 255 34
-10.481 2.391 0.601 0 0 255
-12.070 2.748 1.264 0 0 255
-11.629 2.643 1.506 102 255 0
-10.463 2.422 1.175 0 0 255
-11.838 2.683 1.444 0 0 255
-11.637 2.647 1.679 0 255 55
-10.500 2.384 1.682 0 68 255
-11.124 2.518 1.825 0 0 255
-10.689 2.422 1.058 0 255 250
-12.034 2.766 1.906 0 0 255
-11.294 2.567 1.447 0 255 140
-12.055 2.783 0.890 0 0 255
-10.884 2.461 1.325 97 255 0
-10.737 2.430 1.681 0 255 85
-10.493 2.377 1.268 0 0 255
-11.195 2.551 0.926 0 93 255
-10.784 2.444 1.455 0 255 153
-10.458 2.384 1.642 0 0 255
-11.516 2.619 1.778 0 255 42
-11.327 2.577 1.157 246 255 0
-11.300 2.569 0.973 76 255 0
-11.288 2.568 0.970 0 255 140
-11.150 2.530 1.701 0 255 225
-11.291 2.562 1.574 4 255 0
-10.710 2.425 1.634 51 255 0
-11.226 2.553 1.181 93 255 0
-11.972 2.720 1.632 0 0 255
-10.809 2.452 1.484 0 255 4
-10.471 2.389 0.846 0 0 255
-11.019 2.502 0.937 0 136 255
-11.600 2.643 1.109 165 255 0
-11.608 2.641 1.730 0 255 63
-11.076 2.512 1.737 0 255 42
-11.645 2.650 1.699 119 255 0
-10.968 2.489 1.162 0 255 97
-11.335 2.575 1.656 21 255 0
-10.670 2.396 1.184 0 255 140
-10.648 2.408 1.628 0 0 255
-10.495 2.382 1.486 0 119 255
-10.462 2.398 1.753 0 0 255
-11.732 2.669 1.628 0 255 131
-11.373 2.589 1.211 174 255 0
-10.476 2.397 1.684 0 17 255
-11.410 2.594 1.475 0 255 59
-10.489 2.386 1.584 0 8 255
-11.785 2.683 1.487 255 190 0
-11.548 2.634 1.075 0 255 80
-10.562 2.375 1.619 0 0 255
-11.348 2.570 0.892 0 0 255
-11.107 2.517 1.069 42 255 0
-11.212 2.547 1.385 93 255 0
-10.998 2.541 0.915 0 0 255
-11.285 2.564 1.820 0 0 255
-11.270 2.557 1.585 0 255 165
-12.060 2.772 1.074 0 102 255
-10.901 2.469 1.728 0 255 8
-11.778 2.697 0.976 216 255 0
-11.326 2.572 1.628 0 255 72
-11.830 2.698 1.824 0 0 255
-11.003 2.493 1.582 0 255 25
-11.813 2.702 0.993 0 255 199
-11.582 2.641 1.436 255 190 0
-10.958 2.485 1.379 0 255 21
-12.061 2.762 1.563 0 8 255
-12.084 2.735 0.601 0 25 255
-11.672 2.662 1.419 0 255 89
-10.970 2.484 1.616 4 255 0
-10.466 2.401 1.817 0 0 255
-11.287 2.568 1.115 0 255 136
-11.409 2.587 1.748 0 255 59
-11.628 2.647 1.579 0 255 161
-11.053 2.509 1.623 51 255 0
-10.786 2.440 1.540 0 255 4
-10.707 2.428 1.349 4 255 0
-10.945 2.481 1.306 8 255 0
-11.593 2.672 1.747 0 42 255
-10.540 2.368 1.688 0 0 255
-10.522 2.357 1.122 0 0 255
-10.601 2.396 0.991 0 0 255
-11.637 2.644 1.561 59 255 0
-10.963 2.481 1.123 0 255 46
-10.768 2.436 1.533 51 255 0
-12.039 2.772 1.534 0 25 255
-11.644 2.650 1.542 123 255 0
-10.725 2.423 1.316 25 255 0
-10.491 2.406 1.897 0 0 255
-12.001 2.787 0.458 0 0 255
-11.061 2.507 1.609 93 255 0
-11.513 2.617 1.674 0 255 195
-11.357 2.579 1.664 119 255 0
-11.029 2.503 1.230 0 255 46
-12.062 2.707 0.284 0 0 255
-10.993 2.493 1.724 0 255 12
-10.504 2.374 1.189 0 195 255
-11.237 2.551 1.637 17 255 0
-11.954 2.719 1.466 0 0 255
-10.748 2.433 1.639 8 255 0
-11.438 2.601 1.319 0 255 76
-11.930 2.705 1.587 0 0 255
-10.988 2.487 1.577 21 255 0
-10.593 2.340 1.461 0 0 255
-10.658 2.416 1.619 0 0 255
-11.195 2.545 1.348 0 255 97
-11.423 2.594 1.581 161 255 0
-11.886 2.698 1.720 0 0 255
-11.146 2.531 1.301 0 255 46
-11.544 2.626 1.113 0 255 127
-11.445 2.603 1.500 0 255 140
-11.467 2.605 1.450 0 255 59
-12.066 2.765 1.293 0 51 255
-11.305 2.574 1.422 0 255 131
-11.155 2.528 1.011 0 255 80
-12.071 2.705 1.667 0 0 255
-10.725 2.431 1.514 0 255 97
-10.479 2.389 1.015 0 0 255
-11.589 2.643 1.223 0 229 255
-12.083 2.747 1.660 0 0 255
-10.711 2.426 1.696 0 255 80
-11.662 2.663 0.943 21 255 0
-11.941 2.718 1.395 0 0 255
-11.067 2.510 1.718 0 255 148
-10.465 2.389 1.128 0 0 255
-10.829 2.452 1.347 0 255 93
-11.769 2.685 1.213 255 173 0
-10.646 2.406 1.472 0 0 255
-11.814 2.698 1.230 38 255 0
-11.345 2.580 1.123 233 255 0
-10.953 2.480 0.994 0 255 85
-11.641 2.651 1.787 0 255 153
-11.234 2.550 1.707 0 255 85
-10.428 2.377 1.712 0 0 255
-11.155 2.532 1.217 0 255 59
-10.499 2.380 1.709 0 25 255
-11.445 2.535 1.810 0 0 255
-11.189 2.538 1.645 0 255 72
-10.490 2.381 1.899 0 0 255
-11.794 2.688 1.256 0 255 157
-11.352 2.583 1.554 0 255 72
-11.808 2.695 1.339 131 255 0
-12.018 2.774 1.494 0 0 255
-11.963 2.707 1.430 0 0 255
-12.077 2.741 1.460 0 0 255
-11.650 2.666 0.918 0 0 255
-10.664 2.412 1.446 0 34 255
-11.603 2.640 1.394 148 255 0
-11.280 2.560 1.628 21 255 0
-10.501 2.380 1.430 0 17 255
-10.435 2.389 1.643 0 255 110
-12.022 2.761 1.545 0 0 255
-10.823 2.453 1.479 0 255 0
-11.331 2.576 1.035 0 255 85
-11.908 2.698 1.688 0 0 255
-11.583 2.637 1.632 0 255 136
-10.526 2.372 1.704 0 0 255
-11.377 2.583 1.552 0 255 38
-10.518 2.358 1.169 0 0 255
-10.876 2.466 1.585 0 255 17
-10.622 2.388 1.240 0 0 255
-11.356 2.584 1.724 119 255 0
-10.731 2.435 1.771 0 255 144
-11.306 2.569 1.437 165 255 0
-11.168 2.539 0.943 0 0 255
-12.073 2.736 1.341 0 0 255
-10.695 2.422 1.131 0 255 153
-11.686 2.670 1.029 255 250 0
-10.761 2.437 1.607 0 255 4
-10.882 2.469 1.044 0 255 97
-11.237 2.550 1.076 0 255 59
-11.087 2.515 1.505 0 255 34
-10.787 2.445 0.957 0 255 208
-12.056 2.769 0.556 0 0 255
-11.439 2.605 0.986 170 255 0
-10.946 2.481 1.602 0 255 21
-10.927 2.476 1.343 12 255 0
-10.698 2.422 0.915 0 0 255
-11.966 2.679 1.391 0 0 255
-11.995 2.744 1.770 0 0 255
-11.834 2.693 1.771 0 0 255
-11.423 2.600 0.959 0 119 255
-11.368 2.590 1.077 216 255 0
-11.555 2.629 1.713 0 255 55
-11.596 2.640 1.371 0 255 46
-11.192 2.536 1.573 0 255 34
-10.897 2.469 1.412 114 255 0
-10.981 2.491 1.181 80 255 0
-11.648 2.648 1.738 119 255 0
-11.167 2.536 1.186 0 255 170
-10.925 2.477 1.545 12 255 0
-10.500 2.383 1.689 0 0 255
-11.997 2.751 1.110 0 0 255
-10.971 2.489 1.476 0 255 0
-11.334 2.577 1.595 0 255 114
-10.660 2.403 1.338 0 255 242
-11.694 2.676 1.004 0 255 119
-12.018 2.818 0.979 0 17 255
-10.821 2.449 1.313 0 255 0
-11.982 2.726 1.666 0 0 255
-11.565 2.636 1.168 0 255 80
-11.812 2.698 1.101 0 34 255
-11.832 2.698 1.537 0 0 255
-11.884 2.695 1.715 0 0 255
-11.168 2.527 1.829 0 170 255
-11.549 2.637 0.950 0 204 255
-10.845 2.457 1.198 93 255 0
-10.939 2.484 1.785 0 255 89
-11.102 2.519 1.029 93 255 0
-10.558 2.407 1.807 0 0 255
-12.007 2.766 0.725 0 0 255
-10.756 2.434 1.634 0 255 72
-10.425 2.371 1.889 0 0 255
-10.675 2.416 1.090 0 17 255
-11.692 2.662 1.498 0 255 38
-11.439 2.570 0.933 0 255 221
-10.464 2.394 1.502 0 17 255
-12.066 2.761 0.636 0 42 255
-10.462 2.392 1.856 0 0 255
-10.935 2.483 1.388 12 255 0
-11.843 2.689 1.369 0 0 255
-10.861 2.462 1.778 12 255 0
-11.348 2.581 1.560 0 255 63
-11.645 2.648 1.590 208 255 0
-11.689 2.659 1.716 0 255 119
-11.071 2.508 1.173 123 255 0
-12.061 2.769 1.475 0 0 255
-10.156 2.169 0.896 0 255 157
-11.940 2.717 1.642 0 0 255
-11.844 2.697 1.414 0 119 255
-11.690 2.670 0.998 255 250 0
-11.799 2.679 1.764 21 255 0
-10.774 2.448 1.721 0 255 106
-10.427 2.378 1.933 0 0 255
-11.340 2.575 1.445 0 255 170
-10.452 2.384 0.948 0 0 255
-11.964 2.717 1.750 0 0 255
-11.436 2.599 1.505 0 255 161
-11.318 2.571 1.825 0 0 255
-11.132 2.527 1.102 38 255 0
-11.369 2.583 1.474 208 255 0
-11.409 2.592 1.733 0 255 123
-11.445 2.602 1.490 0 255 157
-11.151 2.528 1.740 0 255 76
-11.706 2.671 1.408 0 255 131
-11.098 2.518 1.568 34 255 0
-11.299 2.570 1.470 59 255 0
-11.747 2.681 1.134 0 255 123
-11.205 2.546 0.947 0 170 255
-10.975 2.486 1.416 0 255 29
-10.495 2.389 1.752 0 34 255
-11.123 2.531 0.950 0 255 63
-11.765 2.677 1.560 0 255 93
-10.524 2.375 1.783 0 0 255
-12.051 2.780 1.083 0 25 255
-11.974 2.754 0.590 0 0 255
-10.614 2.393 1.680 0 8 255
-10.683 2.410 1.060 0 76 255
-11.390 2.588 1.622 136 255 0
-10.717 2.425 1.549 0 255 63
-11.375 2.547 1.036 0 255 208
-11.407 2.593 1.255 229 255 0
-10.771 2.436 1.345 0 255 0
-11.787 2.687 1.258 0 255 225
-10.564 2.356 0.925 0 0 255
-11.928 2.692 1.371 0 0 255
-11.076 2.512 1.509 0 255 93
-10.422 2.376 1.225 0 17 255
-10.591 2.402 0.959 0 0 255
-11.341 2.579 1.270 0 255 63
-11.792 2.687 1.556 0 255 144
-10.861 2.465 1.706 0 255 89
-10.783 2.447 1.639 0 255 85
-11.612 2.642 1.301 0 255 76
-11.450 2.608 1.135 0 255 170
-11.104 2.521 1.783 0 255 102
-11.270 2.558 1.611 51 255 0
-11.836 2.699 1.354 0 0 255
-11.952 2.757 0.256 0 0 255
-10.668 2.415 1.454 0 195 255
-12.077 2.750 1.453 0 0 255
-11.700 2.661 1.607 144 255 0
-10.893 2.465 1.322 0 255 21
-11.106 2.523 1.187 127 255 0
-11.105 2.522 1.032 85 255 0
-11.934 2.709 1.760 0 0 255
-11.834 2.708 1.190 0 68 255
-11.215 2.549 1.390 0 255 208
-11.223 2.550 1.765 8 255 0
-11.013 2.500 1.705 76 255 0
-12.066 2.749 1.586 0 0 255
-11.606 2.649 1.080 0 255 131
-10.914 2.475 1.303 8 255 0
-11.282 2.564 1.148 0 255 68
-11.444 2.606 1.392 0 255 93
-12.024 2.769 1.458 0 0 255
-11.474 2.612 1.367 0 255 63
-12.044 2.779 0.226 0 0 255
-12.085 2.712 1.344 0 0 255
-11.072 2.513 1.710 0 255 0
-11.299 2.568 1.785 0 255 119
-10.440 2.381 1.895 0 0 255
-11.291 2.567 1.242 0 255 76
-11.376 2.591 1.525 0 255 123
-10.487 2.288 1.892 0 0 255
-11.305 2.568 1.606 0 255 114
-11.441 2.601 1.611 0 255 136
-11.408 2.593 1.680 34 255 0
-11.878 2.690 1.702 0 0 255
-11.519 2.627 0.994 148 255 0
-10.998 2.498 1.646 0 255 131
-11.528 2.620 1.785 0 255 106
-11.710 2.662 1.683 153 255 0
-12.002 2.755 1.461 0 0 255
-11.497 2.614 1.780 0 255 102
-10.885 2.464 1.199 97 255 0
-11.451 2.532 1.768 0 255 119
-11.140 2.530 1.463 76 255 0
-11.154 2.535 1.086 51 255 0
-11.040 2.501 1.361 8 255 0
-12.066 2.724 1.715 0 0 255
-11.147 2.531 1.495 25 255 0
-11.644 2.656 1.130 208 255 0
-11.886 2.702 1.029 0 0 255
-10.444 2.388 0.520 0 0 255
-11.506 2.613 1.712 178 255 0
-11.977 2.791 0.535 0 0 255
-11.710 2.677 0.982 250 255 0
-11.311 2.565 1.549 59 255 0
-11.713 2.670 1.542 0 255 127
-11.538 2.624 1.728 0 255 136
-11.286 2.564 1.809 0 255 229
-11.900 2.670 1.336 0 0 255
-11.361 2.579 1.484 191 255 0
-10.824 2.455 1.465 0 255 221
-11.665 2.654 1.663 161 255 0
-11.131 2.530 1.002 93 255 0
-10.951 2.479 1.037 0 255 25
-10.912 2.473 1.476 0 255 34
-10.686 2.422 1.091 0 59 255
-10.508 2.378 1.804 0 8 255
-11.538 2.622 1.361 255 247 0
-10.974 2.496 0.940 0 255 182
-12.057 2.772 1.357 0 255 97
-11.175 2.533 1.714 127 255 0
-11.446 2.608 1.100 140 255 0
-10.773 2.441 1.694 0 255 178
-11.480 2.613 1.110 0 255 63
-11.242 2.567 1.464 0 255 123
-11.519 2.622 1.282 255 228 0
-10.900 2.471 1.337 0 255 97
-11.194 2.539 1.744 0 255 34
-11.770 2.678 1.777 0 255 85
-10.135 2.140 0.958 0 0 255
-11.631 2.641 1.473 255 238 0
-12.071 2.749 1.446 0 0 255
-10.874 2.463 1.675 0 255 17
-11.753 2.679 1.208 0 255 25
-10.744 2.430 1.311 0 255 0
-10.625 2.418 1.107 0 0 255
-11.023 2.497 1.000 0 255 89
-11.243 2.556 1.339 144 255 0
-12.003 2.764 1.193 0 0 255
-11.635 2.648 1.563 233 255 0
-11.274 2.559 1.437 0 255 140
-12.047 2.770 1.546 0 0 255
-10.684 2.427 1.556 0 255 178
-11.858 2.690 1.667 0 8 255
-10.576 2.398 1.772 0 0 255
-10.716 2.428 1.561 0 255 187
-10.440 2.381 0.863 0 0 255
-11.746 2.671 1.728 0 255 165
-11.500 2.619 1.775 8 255 0
-11.106 2.523 0.958 0 255 110
-11.583 2.638 1.464 246 255 0
-11.980 2.795 0.249 0 0 255
-10.485 2.393 1.491 0 110 255
-11.060 2.509 1.215 0 255 46
-11.656 2.656 1.577 255 223 0
-11.389 2.586 1.766 34 255 0
-12.047 2.764 0.590 0 0 255
-11.062 2.526 1.624 0 255 136
-10.488 2.391 0.705 0 8 255
-11.150 2.532 1.289 0 255 97
-11.713 2.674 1.054 255 221 0
-11.447 2.601 1.658 0 255 76
-11.820 2.689 1.773 0 161 255
-11.745 2.712 0.899 0 0 255
-11.878 2.655 1.727 0 110 255
-10.550 2.381 0.965 0 0 255
-10.496 2.372 1.817 0 0 255
-12.008 2.815 0.216 0 0 255
-10.457 2.310 1.454 0 25 255
-12.046 2.777 1.130 0 0 255
-11.877 2.723 0.973 0 17 255
-11.452 2.607 1.760 0 255 140
-11.747 2.677 1.410 0 255 29
-11.985 2.745 1.162 0 0 255
-12.060 2.766 1.524 0 255 119
-10.994 2.491 1.154 0 255 51
-10.917 2.475 1.815 0 0 255
-11.458 2.606 1.632 0 178 255
-10.839 2.455 1.385 0 255 102
-11.153 2.532 1.657 0 255 80
-11.924 2.699 1.747 0 0 255
-11.931 2.703 1.606 0 0 255
-11.635 2.644 1.570 0 255 63
-11.622 2.651 1.144 0 255 85
-10.685 2.429 1.799 0 0 255
-12.034 2.770 1.785 0 0 255
-10.504 2.374 1.614 0 0 255
-11.941 2.718 1.017 0 0 255
-10.517 2.379 1.100 0 34 255
-10.827 2.451 1.707 0 255 29
-10.722 2.425 1.560 0 255 148
-10.647 2.399 1.107 0 0 255
-12.044 2.777 1.118 0 85 255
-10.612 2.380 1.833 0 0 255
-11.957 2.711 1.357 0 0 255
-10.513 2.378 1.694 0 8 255
-11.797 2.685 1.620 199 255 0
-10.837 2.465 1.818 0 0 255
-11.634 2.651 1.469 0 255 63
-10.708 2.424 1.383 0 204 255
-10.928 2.480 1.556 0 255 153
-11.153 2.528 1.260 187 255 0
-11.299 2.563 1.555 55 255 0
-11.270 2.558 1.574 0 255 0
-11.751 2.672 1.789 0 255 80
-12.012 2.687 1.341 0 255 106
-11.374 2.581 1.496 131 255 0
-11.129 2.551 1.432 0 255 136
-10.489 2.415 1.857 0 8 255
-11.978 2.727 1.480 0 0 255
-10.443 2.378 1.263 0 0 255
-11.775 2.681 1.427 0 255 229
-11.333 2.578 1.780 25 255 0
-11.673 2.608 1.180 0 255 195
-11.126 2.524 1.789 0 255 12
-10.456 2.389 1.098 0 0 255
-12.023 2.773 0.789 0 0 255
-11.232 2.525 1.039 127 255 0
-11.815 2.690 1.787 0 255 233
-11.671 2.665 1.103 255 192 0
-11.299 2.561 1.589 0 255 55
-11.326 2.578 1.036 0 255 178
-10.725 2.425 1.415 34 255 0
-11.961 2.713 0.347 0 0 255
-10.467 2.398 1.779 0 0 255
-10.871 2.463 1.725 0 255 76
-11.586 2.641 1.319 161 255 0
-10.924 2.478 1.823 0 0 255
-11.509 2.621 1.560 0 255 123
-12.021 2.776 1.204 0 0 255
-10.900 2.469 1.066 0 255 93
-11.414 2.598 1.224 255 187 0
-11.717 2.673 1.787 0 255 161
-10.760 2.434 1.691 25 255 0
-11.242 2.557 1.207 0 255 165
-11.465 2.610 1.826 0 0 255
-11.748 2.671 1.599 0 255 51
-10.462 2.388 1.400 0 255 233
-11.973 2.719 1.621 0 0 255
-11.357 2.583 1.597 0 255 140
-11.144 2.529 1.790 0 255 21
-11.176 2.536 1.015 0 255 59
-10.803 2.446 1.520 4 255 0
-11.416 2.603 0.946 0 93 255
-11.554 2.601 1.443 0 255 242
-11.460 2.608 1.379 242 255 0
-10.404 2.319 1.290 0 0 255
-11.121 2.530 0.975 0 255 97
-11.677 2.658 1.436 255 218 0
-11.198 2.540 1.735 29 255 0
-10.813 2.440 1.046 63 255 0
-11.699 2.668 1.061 0 255 38
-11.303 2.568 1.373 0 255 59
-10.995 2.494 1.311 0 255 93
-11.699 2.663 1.796 0 255 144
-10.840 2.457 1.452 51 255 0
-10.740 2.430 1.189 8 255 0
-11.536 2.624 1.330 0 255 76
-11.692 2.668 1.406 0 255 85
-10.443 2.385 0.742 0 0 255
-11.037 2.504 1.020 0 255 165
-11.230 2.554 1.240 153 255 0
-11.753 2.677 1.426 0 255 46
-11.238 2.555 1.011 148 255 0
-11.429 2.600 1.574 0 255 68
-10.508 2.376 1.303 0 0 255
-11.742 2.677 1.353 0 255 148
-11.054 2.512 1.038 89 255 0
-10.592 2.376 1.667 0 0 255
-10.414 2.365 0.650 0 0 255
-11.484 2.613 1.462 0 255 136
-10.462 2.391 1.906 0 0 255
-11.829 2.732 1.295 0 17 255
-11.998 2.781 0.655 0 0 255
-10.799 2.448 1.583 0 255 170
-11.964 2.793 0.301 0 0 255
-10.929 2.481 1.788 0 255 127
-10.876 2.461 1.490 0 221 255
-11.892 2.698 1.646 0 0 255
-11.909 2.698 1.491 0 0 255
-11.957 2.800 0.243 0 0 255
-11.363 2.581 1.571 0 255 131
-11.997 2.770 0.964 0 0 255
-10.726 2.432 1.450 12 255 0
-10.472 2.309 1.714 0 0 255
-11.658 2.659 1.000 0 255 42
-12.020 2.667 1.804 0 178 255
-11.231 2.551 1.470 102 255 0
-11.217 2.543 1.487 0 255 76
-11.071 2.510 1.484 68 255 0
-11.879 2.687 1.640 0 0 255
-11.137 2.518 1.827 0 0 255
-11.231 2.547 1.660 42 255 0
-10.431 2.371 0.913 0 0 255
-10.983 2.489 1.152 0 255 29
-11.605 2.640 1.724 0 255 80
-10.490 2.387 1.678 0 8 255
-11.242 2.552 1.458 93 255 0
-11.530 2.627 1.133 0 255 72
-10.932 2.478 1.253 0 255 85
-12.067 2.760 1.125 0 212 255
-11.135 2.524 1.458 0 255 80
-11.733 2.669 1.697 0 255 114
-11.689 2.657 1.649 136 255 0
-10.483 2.375 1.811 0 110 255
-11.192 2.541 1.398 34 255 0
-11.553 2.630 1.112 242 255 0
-12.080 2.742 1.789 0 0 255
-10.936 2.480 1.466 0 255 93
-10.476 2.394 1.915 0 0 255
-12.064 2.701 1.135 0 0 255
-11.473 2.609 1.527 68 255 0
-11.749 2.687 0.949 8 255 0
-12.028 2.789 0.652 0 0 255
-10.749 2.439 1.748 0 255 89
-12.024 2.786 0.450 0 0 255
-10.772 2.443 1.667 0 255 93
-10.451 2.387 1.929 0 0 255
-10.427 2.376 1.421 0 0 255
-12.046 2.777 1.094 0 0 255
-11.715 2.668 1.849 0 0 255
-10.485 2.385 1.743 0 8 255
-11.687 2.673 0.929 0 0 255
-11.064 2.506 1.114 0 255 42
-11.644 2.661 1.122 0 255 68
-11.975 2.743 0.616 0 0 255
-10.620 2.389 1.543 0 0 255
-11.777 2.687 1.231 255 226 0
-10.818 2.456 1.784 0 255 110
-10.496 2.379 1.283 0 153 255
-11.493 2.623 0.941 0 25 255
-11.939 2.704 1.376 0 0 255
-10.896 2.469 1.477 0 255 29
-11.482 2.613 1.170 216 255 0
-10.683 2.423 1.505 0 255 182
-11.308 2.572 1.115 191 255 0
-11.781 2.690 1.134 0 255 157
-10.450 2.386 1.406 0 8 255
-11.993 2.715 0.236 0 0 255
-10.788 2.448 1.626 17 255 0
-12.029 2.679 1.631 0 255 255
-11.243 2.552 1.699 38 255 0
-11.591 2.636 1.493 204 255 0
-11.886 2.675 1.510 0 255 221
-11.750 2.671 1.711 0 255 85
-12.034 2.762 1.624 0 0 255
-11.111 2.523 1.413 59 255 0
-11.248 2.557 1.232 208 255 0
-10.472 2.399 1.807 0 0 255
-11.533 2.628 1.818 0 0 255
-10.533 2.374 1.385 0 0 255
-11.439 2.607 1.061 131 255 0
-11.673 2.665 0.964 182 255 0
-10.863 2.462 1.420 0 255 4
-12.045 2.779 0.537 0 0 255
-10.474 2.390 1.857 0 0 255
-10.664 2.416 1.270 0 0 255
-10.685 2.418 1.634 0 255 80
-10.709 2.429 1.443 0 195 255
-11.288 2.562 1.380 0 255 63
-10.463 2.398 1.319 0 0 255
-11.692 2.665 1.491 127 255 0
-12.061 2.763 1.616 0 25 255
-12.071 2.760 1.644 0 0 255
-11.580 2.636 1.774 0 255 161
-11.277 2.563 1.500 182 255 0
-10.971 2.489 1.607 0 255 93
-11.724 2.670 1.490 255 218 0
-11.578 2.631 1.720 0 255 144
-11.317 2.573 1.159 93 255 0
-12.051 2.767 0.868 0 0 255
-10.721 2.429 1.707 0 255 34
-10.144 2.162 0.849 0 255 157
-11.417 2.597 1.157 106 255 0
-11.075 2.510 1.499 4 255 0
-10.466 2.391 0.840 0 0 255
-11.682 2.666 1.238 242 255 0
-10.734 2.428 1.255 0 255 131
-11.963 2.728 1.768 0 0 255
-10.656 2.422 1.644 0 0 255
-10.829 2.448 1.652 0 255 68
-12.019 2.756 1.823 0 0 255
-11.165 2.544 0.962 76 255 0
-11.767 2.685 1.383 255 137 0
-11.809 2.684 1.393 0 136 255
-12.053 2.769 0.926 0 0 255
-10.401 2.342 0.662 0 0 255
-11.632 2.653 1.318 255 165 0
-11.334 2.578 1.029 0 255 72
-10.908 2.471 1.782 0 255 17
-10.520 2.370 1.198 0 0 255
-11.572 2.638 1.096 233 255 0
-11.401 2.593 1.430 0 255 59
-10.883 2.468 1.781 0 255 127
-10.636 2.427 1.783 0 0 255
-10.658 2.401 0.934 0 0 255
-10.715 2.421 1.242 42 255 0
-10.815 2.448 1.349 0 255 8
-10.977 2.485 1.681 0 255 38
-11.650 2.622 1.357 0 255 136
-11.410 2.592 1.539 0 255 131
-10.999 2.490 1.567 0 255 38
-10.718 2.425 0.987 0 255 17
-10.416 2.336 1.196 0 0 255
-11.385 2.585 1.488 0 255 131
-11.638 2.654 1.002 187 255 0
-10.475 2.356 1.957 0 0 255
-10.477 2.400 1.904 0 17 255
-10.439 2.317 1.459 0 0 255
-10.854 2.463 1.314 34 255 0
-11.284 2.563 1.718 0 255 72
-11.960 2.717 1.738 0 0 255
-11.702 2.662 1.676 76 255 0
-11.664 2.655 1.837 0 0 255
-11.512 2.616 1.400 0 255 161
-10.867 2.464 1.655 42 255 0
-10.396 2.350 1.509 0 0 255
-12.010 2.755 1.611 0 0 255
-11.539 2.624 1.434 0 255 161
-10.528 2.366 1.675 0 0 255
-11.560 2.638 1.050 0 255 76
-11.693 2.665 1.482 0 255 42
-11.025 2.505 1.231 0 255 93
-10.523 2.373 1.098 0 255 148
-10.957 2.483 1.016 29 255 0
-11.524 2.626 1.088 0 255 85
-10.709 2.432 1.816 0 0 255
-11.147 2.529 1.682 0 255 225
-11.504 2.621 1.373 0 255 127
-10.443 2.381 1.559 0 0 255
-10.553 2.357 1.005 0 0 255
-10.800 2.447 1.000 8 255 0
-12.007 2.756 1.444 0 0 255
-11.711 2.668 1.639 187 255 0
-10.677 2.424 1.636 0 170 255
-11.918 2.717 0.997 0 0 255
-11.730 2.666 1.557 97 255 0
-11.855 2.699 1.774 0 0 255
-11.150 2.534 1.038 55 255 0
-11.315 2.569 1.706 0 255 12
-11.926 2.706 1.522 0 0 255
-10.896 2.470 1.583 0 255 76
-11.114 2.524 1.702 0 255 106
-10.874 2.463 1.430 8 255 0
-11.786 2.692 1.063 165 255 0
-10.720 2.423 0.986 0 255 106
-10.478 2.389 1.737 0 8 255
-11.807 2.692 1.423 0 255 127
-10.527 2.369 1.502 0 0 255
-10.478 2.393 1.419 0 0 255
-11.545 2.632 0.977 0 255 80
-11.968 2.727 1.784 0 0 255
-11.163 2.533 1.774 0 255 38
-11.779 2.685 1.295 0 255 97
-11.079 2.512 1.158 0 255 46
-10.497 2.390 1.509 0 8 255
-11.234 2.515 1.330 0 255 204
-12.033 2.765 1.900 0 0 255
-11.971 2.737 0.255 0 0 255
-11.727 2.672 1.328 0 255 38
-11.553 2.626 1.564 80 255 0
-11.584 2.639 1.378 255 180 0
-11.682 2.658 1.700 0 255 127
-10.501 2.376 1.266 0 0 255
-10.459 2.384 1.442 0 0 255
-10.503 2.374 1.412 0 0 255
-10.493 2.385 1.050 0 0 255
-11.168 2.536 1.703 21 255 0
-11.319 2.571 1.773 72 255 0
-11.840 2.685 1.814 0 0 255
-11.739 2.669 1.595 106 255 0
-11.845 2.706 1.014 0 17 255
-10.961 2.484 1.686 0 255 12
-11.081 2.512 1.496 0 255 72
-11.341 2.574 1.706 0 255 136
-11.211 2.544 1.633 0 255 157
-10.707 2.426 1.791 0 255 157
-10.413 2.305 1.363 0 0 255
-10.809 2.433 1.444 0 255 0
-11.216 2.548 1.783 0 255 127
-11.342 2.583 1.236 161 255 0
-10.631 2.418 1.780 0 0 255
-10.240 2.214 0.924 0 0 255
-10.745 2.431 1.024 0 255 93
-10.588 2.378 1.709 0 8 255
-11.014 2.494 1.094 0 255 38
-10.572 2.381 0.983 0 0 255
-12.033 2.776 0.771 0 0 255
-11.978 2.740 1.142 0 0 255
-11.335 2.579 1.609 0 255 72
-11.461 2.609 1.052 0 255 136
-10.955 2.483 1.796 0 34 255
-10.843 2.457 1.719 0 255 182
-12.070 2.772 1.943 0 0 255
-11.844 2.701 1.401 0 42 255
-10.436 2.290 1.292 255 62 0
-11.023 2.503 1.627 0 255 59
-11.042 2.501 1.569 8 255 0
-10.866 2.463 1.539 34 255 0
-10.507 2.374 1.734 0 51 255
-11.049 2.507 1.261 34 255 0
-10.575 2.380 1.067 0 0 255
-11.460 2.607 1.504 0 255 38
-11.860 2.735 1.100 0 0 255
-11.129 2.529 1.025 0 255 136
-11.591 2.637 1.603 55 255 0
-10.566 2.378 1.491 0 0 255
-10.894 2.466 1.624 0 255 17
-12.045 2.685 1.759 0 0 255
-10.675 2.415 0.960 0 0 255
-11.366 2.580 1.664 0 255 165
-12.025 2.777 1.427 0 25 255
-10.773 2.437 1.425 93 255 0
-11.262 2.504 0.915 0 0 255
-10.574 2.347 1.567 0 0 255
-12.077 2.740 1.826 0 0 255
-10.507 2.282 1.919 0 0 255
-12.038 2.784 0.688 0 8 255
-11.446 2.600 1.667 0 255 55
-11.227 2.556 0.940 0 102 255
-11.421 2.564 1.342 0 255 212
-10.484 2.390 1.005 0 0 255
-11.438 2.637 0.923 0 0 255
-10.739 2.431 1.830 0 0 255
-12.073 2.770 1.711 0 42 255
-11.707 2.670 1.006 0 255 93
-11.041 2.506 1.090 182 255 0
-12.015 2.767 1.443 0 0 255
-10.758 2.439 1.477 8 255 0
-11.630 2.648 1.294 0 255 76
-11.133 2.528 1.530 0 255 8
-10.448 2.385 0.972 0 0 255
-10.677 2.417 1.688 0 153 255
-11.593 2.643 1.081 0 246 255
-11.054 2.510 1.633 0 255 76
-10.851 2.464 1.724 0 255 140
-11.474 2.607 1.753 140 255 0
-10.746 2.438 1.351 0 255 140
-12.023 2.783 0.393 0 0 255
-11.264 2.555 1.743 0 255 0
-10.478 2.396 1.870 0 0 255
-12.039 2.808 0.724 0 0 255
-10.998 2.492 1.542 0 204 255
-10.501 2.380 1.444 0 161 255
-11.777 2.688 1.203 255 190 0
-10.484 2.393 1.431 0 127 255
-11.531 2.621 1.378 0 255 59
-12.009 2.773 0.931 0 0 255
-11.788 2.689 1.225 140 255 0
-12.024 2.767 1.521 0 0 255
-11.477 2.608 1.647 0 255 157
-10.435 2.374 1.713 0 0 255
-10.532 2.373 1.524 0 0 255
-10.433 2.376 1.567 0 0 255
-10.942 2.483 1.001 68 255 0
-10.517 2.374 1.661 0 8 255
-11.760 2.686 1.222 255 161 0
-11.594 2.635 1.763 42 255 0
-10.948 2.484 1.286 0 255 93
-10.474 2.285 1.618 0 68 255
-11.218 2.548 1.185 0 255 63
-10.461 2.394 0.966 0 0 255
-11.767 2.676 1.747 148 255 0
-11.014 2.497 1.496 0 255 144
-10.538 2.368 1.341 0 0 255
-10.501 2.356 0.888 0 0 255
-11.519 2.633 0.945 0 255 4
-10.933 2.477 1.104 55 255 0
-10.887 2.465 1.299 0 255 97
-12.076 2.757 1.837 0 0 255
-10.998 2.490 1.194 21 255 0
-12.079 2.743 1.824 0 0 255
-11.325 2.578 1.239 255 247 0
-11.786 2.716 1.823 0 0 255
-10.692 2.420 1.498 0 255 242
-10.838 2.460 1.717 0 255 97
-11.705 2.671 1.118 0 255 38
-11.635 2.621 1.218 0 255 216
-10.594 2.380 1.560 0 0 255
-10.160 2.165 0.948 0 0 255
-11.206 2.574 1.808 0 0 255
-11.556 2.629 1.670 0 255 114
-11.139 2.522 1.586 25 255 0
-10.505 2.363 0.806 0 0 255
-10.413 2.344 1.036 0 0 255
-10.491 2.375 1.572 0 0 255
-11.917 2.705 1.600 0 0 255
-11.062 2.507 1.523 0 255 170
-11.983 2.820 0.263 0 0 255
-11.628 2.644 1.725 119 255 0
-11.319 2.571 1.752 0 255 21
-10.879 2.447 0.900 0 0 255
-10.798 2.449 1.615 17 255 0
-11.534 2.623 1.430 0 255 72
-11.096 2.521 1.278 46 255 0
-10.450 2.381 1.898 0 0 255
-11.045 2.506 1.093 0 255 89
-11.247 2.566 0.932 0 119 255
-11.552 2.628 1.698 0 255 80
-11.992 2.726 1.805 0 0 255
-10.810 2.450 1.341 38 255 0
-10.597 2.384 1.590 0 8 255
-11.368 2.580 1.534 178 255 0
-10.687 2.423 1.338 0 0 255
-11.473 2.608 1.568 34 255 0
-10.964 2.484 1.666 0 255 204
-11.372 2.590 1.067 182 255 0
-12.013 2.773 0.841 0 0 255
-11.069 2.541 1.520 0 153 255
-10.612 2.382 1.769 0 0 255
-11.273 2.557 1.386 0 255 59
-11.406 2.588 1.662 0 255 63
-12.064 2.763 1.410 0 8 255
-11.348 2.579 1.303 0 255 63
-12.071 2.750 0.396 0 0 255
-11.518 2.619 1.721 0 255 144
-11.306 2.569 1.185 0 255 68
-11.246 2.558 1.303 0 255 144
-11.131 2.526 1.467 131 255 0
-11.656 2.658 1.357 255 211 0
-11.417 2.606 0.906 0 0 255
-11.347 2.577 1.662 76 255 0
-11.824 2.694 1.415 0 255 110
-12.035 2.771 1.809 0 0 255
-10.856 2.462 1.731 12 255 0
-11.522 2.624 1.114 255 250 0
-11.262 2.522 0.891 0 0 255
-11.090 2.518 1.676 0 255 182
-10.817 2.451 1.108 12 255 0
-11.695 2.665 1.434 0 255 123
-11.318 2.572 1.835 0 0 255
-10.488 2.389 1.387 0 0 255
-11.486 2.610 1.701 0 255 63
-10.994 2.494 1.739 0 255 46
-11.257 2.556 1.618 51 255 0
-11.323 2.573 1.428 0 255 76
-10.505 2.384 1.749 0 8 255
-11.865 2.694 1.550 0 0 255
-11.098 2.516 1.024 38 255 0
-11.602 2.641 1.407 0 255 68
-11.374 2.585 1.752 0 255 93
-11.889 2.654 0.993 0 8 255
-11.782 2.683 1.368 0 255 246
-10.418 2.369 0.790 0 0 255
-10.477 2.394 0.565 0 0 255
-11.116 2.520 1.604 46 255 0
-11.335 2.576 1.127 0 255 72
-10.687 2.414 1.374 0 255 119
-11.628 2.649 1.259 0 255 85
-10.835 2.459 1.794 0 255 127
-11.179 2.546 0.919 0 0 255
-10.716 2.427 1.210 0 255 102
-11.443 2.579 1.477 0 255 144
-10.518 2.365 1.834 0 0 255
-11.561 2.639 0.931 0 195 255
-11.140 2.529 1.213 0 255 80
-11.163 2.532 1.523 0 255 38
-10.506 2.373 1.494 0 17 255
-10.432 2.373 1.521 0 17 255
-11.939 2.706 1.749 0 0 255
-11.666 2.668 0.948 0 153 255
-11.130 2.527 1.597 0 255 144
-10.492 2.381 0.734 0 8 255
-11.161 2.538 1.798 0 102 255
-10.930 2.477 1.430 157 255 0
-10.505 2.377 1.441 0 0 255
-11.980 2.735 1.098 0 25 255
-10.670 2.417 1.200 0 178 255
-11.665 2.660 1.069 0 255 246
-11.616 2.640 1.621 0 255 157
-10.516 2.332 1.684 0 0 255
-11.735 2.668 1.688 0 255 46
-11.069 2.511 1.784 0 255 140
-12.006 2.795 0.849 0 0 255
-10.826 2.454 1.213 0 255 102
-11.576 2.666 1.167 0 255 157
-11.573 2.632 1.603 0 255 131
-11.297 2.561 1.616 4 255 0
-10.824 2.453 1.344 0 255 106
-10.859 2.466 1.767 0 255 110
-11.164 2.533 1.671 0 255 170
-10.453 2.292 1.553 0 144 255
-12.017 2.676 0.460 0 8 255
-11.421 2.599 1.084 0 255 76
-12.049 2.770 0.969 0 0 255
-10.480 2.375 1.484 0 8 255
-12.012 2.794 0.403 0 0 255
-11.262 2.554 1.573 0 255 25
-12.048 2.717 1.839 0 0 255
-10.708 2.424 1.365 0 255 170
-11.937 2.695 1.417 0 0 255
-10.861 2.461 1.464 0 255 76
-10.547 2.383 1.070 0 0 255
-11.051 2.508 1.546 0 255 97
-11.857 2.687 1.747 0 0 255
-10.448 2.390 1.279 0 0 255
-11.247 2.550 1.666 42 255 0
-11.083 2.482 1.646 68 255 0
-11.436 2.604 1.490 0 255 68
-10.779 2.446 0.947 0 255 161
-11.587 2.636 1.785 0 255 102
-12.075 2.760 1.830 0 85 255
-10.517 2.378 1.044 0 0 255
-10.532 2.381 1.756 0 0 255
-10.688 2.411 1.465 0 42 255
-10.509 2.370 1.618 0 0 255
-12.030 2.776 1.206 0 8 255
-11.442 2.606 1.271 0 255 63
-12.065 2.752 1.191 0 0 255
-10.495 2.359 1.836 0 0 255
-10.787 2.440 1.370 0 255 0
-11.416 2.592 1.462 148 255 0
-11.949 2.718 1.269 0 0 255
-11.773 2.685 1.216 255 180 0
-10.723 2.429 0.902 0 0 255
-11.246 2.560 1.041 0 255 93
-10.917 2.477 0.985 102 255 0
-10.714 2.426 1.572 0 255 165
-10.704 2.423 1.540 0 255 93
-11.850 2.684 1.672 0 0 255
-10.529 2.374 1.729 0 8 255
-11.841 2.703 1.176 0 0 255
-12.040 2.773 0.958 0 0 255
-11.761 2.683 1.198 255 230 0
-11.702 2.662 1.744 0 255 80
-10.425 2.367 1.197 0 0 255
-12.024 2.662 1.880 0 238 255
-10.489 2.394 1.755 0 0 255
-10.907 2.470 1.735 0 255 148
-11.161 2.530 1.130 51 255 0
-11.244 2.554 1.117 76 255 0
-11.771 2.681 1.433 216 255 0
-10.653 2.401 1.401 0 0 255
-10.684 2.424 1.635 0 76 255
-11.420 2.596 1.538 106 255 0
-12.003 2.705 1.462 0 0 255
-12.047 2.730 1.044 0 0 255
-11.541 2.629 1.329 144 255 0
-10.797 2.448 0.941 0 255 204
-11.147 2.535 1.239 0 255 208
-10.504 2.370 1.899 0 8 255
-12.048 2.775 1.863 0 0 255
-11.698 2.671 1.410 0 255 131
-10.667 2.410 1.727 0 25 255
-11.077 2.518 0.939 0 8 255
-10.446 2.388 1.534 0 0 255
-11.422 2.592 1.596 0 255 59
-11.934 2.703 1.704 0 0 255
-11.466 2.616 0.960 0 255 221
-11.770 2.679 1.809 0 0 255
-10.789 2.446 1.834 0 0 255
-11.288 2.564 1.753 0 255 72
-10.700 2.428 1.754 21 255 0
-12.083 2.707 1.827 0 0 255
-12.023 2.773 1.841 0 0 255
-11.830 2.694 1.559 0 0 255
-11.922 2.702 1.609 0 8 255
-11.438 2.605 1.228 0 255 140
-11.408 2.591 1.697 0 255 63
-11.976 2.717 1.224 0 0 255
-10.829 2.449 1.201 12 255 0
-11.991 2.786 0.890 0 0 255
-11.755 2.647 1.061 0 255 225
-11.445 2.604 1.777 0 255 119
-11.363 2.588 1.219 165 255 0
-11.642 2.653 1.188 0 255 89
-11.702 2.664 1.428 0 255 80
-11.715 2.671 1.529 0 255 68
-11.199 2.546 0.965 0 255 153
-12.033 2.774 1.381 0 255 106
-10.793 2.450 0.941 0 0 255
-11.585 2.637 1.404 0 255 51
-10.452 2.386 1.861 0 0 255
-11.910 2.721 1.809 0 25 255
-11.882 2.699 1.778 0 0 255
-12.030 2.776 1.374 0 25 255
-10.745 2.429 1.055 0 255 153
-11.807 2.693 1.387 0 17 255
-11.341 2.575 1.310 0 255 51
-11.529 2.628 1.819 0 0 255
-11.609 2.669 1.614 0 255 161
-11.322 2.573 1.201 59 255 0
-11.233 2.550 1.100 0 170 255
-10.823 2.447 1.436 0 255 17
-11.351 2.577 1.350 255 209 0
-11.858 2.705 1.769 0 0 255
-12.071 2.732 0.380 0 0 255
-10.458 2.393 1.664 0 8 255
-11.289 2.563 1.795 0 76 255
-10.655 2.448 0.926 0 25 255
-11.276 2.566 1.300 0 255 136
-11.216 2.545 1.548 0 255 42
-11.460 2.612 1.219 0 255 59
-11.446 2.606 1.823 0 0 255
-12.011 2.755 0.541 0 0 255
-11.867 2.689 1.503 0 0 255
-10.600 2.397 1.767 0 0 255
-12.011 2.690 0.921 0 42 255
-11.522 2.624 1.040 161 255 0
-11.801 2.685 1.464 0 204 255
-10.834 2.460 1.806 0 255 182
-10.615 2.394 1.658 0 0 255
-11.501 2.612 1.694 0 255 59
-10.456 2.396 1.183 0 0 255
-11.103 2.522 1.688 0 255 123
-11.840 2.694 1.514 0 0 255
-11.803 2.699 1.237 199 255 0
-11.002 2.493 1.308 0 255 148
-10.924 2.473 1.192 0 255 46
-10.431 2.377 1.461 0 0 255
-11.875 2.691 1.694 0 0 255
-10.509 2.376 0.834 0 0 255
-12.061 2.768 1.683 0 0 255
-11.743 2.680 0.992 187 255 0
-11.567 2.634 1.457 255 197 0
-10.923 2.496 1.657 0 255 136
-11.658 2.651 1.782 0 255 246
-10.867 2.461 1.605 0 255 51
-10.679 2.413 0.946 0 0 255
-11.773 2.678 1.751 85 255 0
-10.895 2.468 1.626 17 255 0
-11.671 2.660 1.325 0 255 38
-10.509 2.380 1.675 0 0 255
-11.825 2.701 1.284 0 0 255
-11.064 2.509 1.686 102 255 0
-10.946 2.483 1.551 0 255 76
-11.063 2.509 1.013 0 255 165
-10.742 2.429 1.070 0 255 199
-12.023 2.755 1.622 0 0 255
-11.161 2.534 1.027 110 255 0
-11.527 2.624 1.669 0 255 144
-11.694 2.664 1.626 0 255 46
-10.466 2.392 1.667 0 17 255
-10.983 2.486 1.050 17 255 0
-10.880 2.465 1.034 59 255 0
-11.466 2.607 1.684 106 255 0
-11.593 2.641 1.136 0 255 216
-10.879 2.467 1.804 0 255 161
-11.572 2.631 1.603 0 255 72
-11.842 2.714 0.957 0 0 255
-10.705 2.431 1.808 0 0 255
-11.385 2.589 1.363 80 255 0
-11.768 2.678 1.551 0 255 72
-11.663 2.658 1.605 0 255 106
-10.783 2.442 1.287 0 255 0
-11.268 2.557 1.371 0 255 25
-10.580 2.381 1.671 0 0 255
-11.836 2.696 1.616 0 25 255
-11.077 2.513 1.161 127 255 0
-10.880 2.467 1.639 0 255 97
-10.968 2.483 1.663 4 255 0
-11.259 2.557 1.005 68 255 0
-11.120 2.528 0.951 0 255 178
-10.803 2.447 1.251 0 255 102
-10.407 2.315 0.916 0 0 255
-11.495 2.614 1.648 34 255 0
-11.841 2.700 1.488 0 136 255
-11.071 2.513 1.245 34 255 0
-12.048 2.661 1.702 0 0 255
-11.559 2.634 1.028 0 255 131
-10.508 2.377 1.796 0 25 255
-11.569 2.640 0.953 0 255 8
-11.693 2.660 1.656 0 255 106
-10.869 2.464 1.656 25 255 0
-12.045 2.778 0.916 0 34 255
-10.517 2.382 0.548 0 0 255
-11.917 2.702 1.636 0 0 255
-11.539 2.628 1.097 0 255 59
-11.486 2.620 1.101 233 255 0
-11.932 2.715 1.249 0 0 255
-10.585 2.383 1.583 0 0 255
-12.090 2.759 1.944 0 0 255
-10.465 2.384 0.746 0 0 255
-10.460 2.390 1.906 0 0 255
-11.338 2.580 1.144 0 255 93
-10.879 2.469 1.294 46 255 0
-11.835 2.687 1.518 0 0 255
-11.803 2.660 1.307 0 255 131
-10.549 2.376 1.076 0 0 255
-11.164 2.531 1.714 29 255 0
-12.070 2.742 1.872 0 0 255
-11.292 2.564 1.462 34 255 0
-12.000 2.709 1.827 0 0 255
-10.805 2.449 1.781 0 255 93
-10.472 2.395 1.274 0 34 255
-11.046 2.507 1.039 68 255 0
-11.403 2.594 1.089 242 255 0
-10.567 2.373 1.702 0 0 255
-11.738 2.673 1.705 0 255 89
-11.006 2.495 1.834 0 0 255
-11.202 2.540 1.743 0 255 25
-10.795 2.448 1.800 0 8 255
-10.710 2.426 1.299 0 85 255
-12.116 2.616 0.286 0 0 255
-11.694 2.666 1.419 0 255 42
-11.178 2.541 1.363 76 255 0
-10.689 2.428 1.590 0 255 238
-11.181 2.537 1.749 0 255 55
-10.495 2.381 1.575 0 68 255
-11.656 2.655 1.205 0 255 127
-10.771 2.442 1.787 0 255 157
-11.235 2.547 1.716 0 255 170
-10.737 2.433 1.331 0 255 93
