-7.616 1.317 0.323 0 0 255
-11.828 2.207 0.424 0 0 255
-12.430 2.360 0.319 0 8 255
-7.352 1.206 0.294 0 0 255
-9.452 1.658 0.491 0 0 255
-12.348 2.348 0.426 0 8 255
-8.076 1.389 0.235 0 8 255
-11.356 2.104 0.393 0 0 255
-9.412 1.646 0.281 0 110 255
-12.666 2.429 0.418 0 8 255
-8.814 1.558 0.380 0 8 255
-13.005 2.465 0.312 0 8 255
-10.031 1.822 0.271 0 17 255
-6.588 1.137 0.385 0 0 255
-7.923 1.314 0.452 0 17 255
-10.278 1.828 0.450 0 0 255
-6.817 1.209 0.366 0 0 255
-8.318 1.461 0.301 0 8 255
-13.133 2.361 0.224 0 8 255
-8.330 1.412 0.280 0 8 255
-9.625 1.724 0.321 0 59 255
-8.774 1.594 0.362 0 204 255
-11.500 2.096 0.265 0 25 255
-11.502 2.109 0.387 0 25 255
-13.121 2.284 0.239 0 17 255
-6.639 1.151 0.389 0 8 255
-10.652 1.926 0.446 0 0 255
-8.175 1.411 0.301 0 0 255
-10.904 1.937 0.351 0 0 255
-11.119 2.015 0.432 0 0 255
-10.604 1.897 0.210 0 42 255
-10.109 1.789 0.237 0 42 255
-11.712 2.179 0.416 0 17 255
-11.972 2.181 0.435 0 0 255
-10.184 1.804 0.386 0 102 255
-10.110 1.781 0.303 0 8 255
-8.470 1.470 0.337 0 0 255
-10.864 1.894 0.314 0 8 255
-13.090 2.424 0.248 0 34 255
-6.967 1.204 0.291 0 0 255
-8.987 1.591 0.295 0 42 255
-12.727 2.453 0.413 0 25 255
-11.531 2.103 0.353 0 0 255
-7.864 1.352 0.251 0 8 255
-11.272 1.962 0.291 0 0 255
-12.304 2.322 0.386 0 0 255
-11.375 2.093 0.417 0 8 255
-10.194 1.793 0.298 0 59 255
-10.676 1.894 0.450 0 0 255
-13.097 2.332 0.396 0 8 255
-9.050 1.596 0.399 0 0 255
-6.988 1.147 0.409 0 0 255
-9.472 1.697 0.531 0 17 255
-8.207 1.350 0.302 0 0 255
-8.554 1.429 0.209 0 8 255
-12.435 2.378 0.495 0 25 255
-9.865 1.782 0.398 0 59 255
-12.271 2.321 0.221 0 0 255
-13.145 2.361 0.375 0 17 255
-13.101 2.268 0.246 0 51 255
-7.493 1.216 0.298 0 0 255
-7.764 1.335 0.359 0 8 255
-11.562 2.127 0.295 0 0 255
-7.745 1.241 0.263 0 0 255
-11.534 2.104 0.448 0 0 255
-12.678 2.429 0.401 0 8 255
-8.732 1.595 0.227 0 93 255
-7.616 1.317 0.295 0 0 255
-10.606 1.917 0.410 0 25 255
-12.047 2.209 0.350 0 51 255
-7.206 1.191 0.361 0 0 255
-12.685 2.358 0.308 0 34 255
-10.624 1.915 0.416 0 8 255
-12.433 2.294 0.309 0 0 255
-10.992 1.865 0.250 0 0 255
-7.901 1.309 0.275 0 8 255
-7.655 1.303 0.298 0 0 255
-9.343 1.623 0.268 0 42 255
-9.395 1.655 0.250 0 34 255
-8.653 1.529 0.362 0 8 255
-8.653 1.525 0.257 0 0 255
-7.878 1.309 0.287 0 17 255
-10.475 1.856 0.322 0 17 255
-12.386 2.353 0.423 0 17 255
-11.461 2.058 0.339 0 0 255
-8.408 1.456 0.212 0 51 255
-9.886 1.773 0.449 0 0 255
-6.837 1.131 0.404 0 0 255
-12.051 2.264 0.423 0 0 255
-11.243 2.047 0.221 0 51 255
-7.876 1.337 0.450 0 8 255
-12.079 2.288 0.405 0 0 255
-10.900 1.964 0.418 0 34 255
-9.071 1.646 0.369 0 110 255
-8.464 1.485 0.410 0 17 255
-7.345 1.203 0.266 0 0 255
-12.554 2.408 0.379 0 0 255
-13.029 2.538 0.241 0 17 255
-10.642 1.914 0.390 0 0 255
-11.918 2.272 0.446 0 0 255
-10.441 1.866 0.430 0 8 255
-11.755 2.178 0.346 0 0 255
-11.282 2.067 0.409 0 8 255
-12.048 2.264 0.434 0 0 255
-7.811 1.299 0.443 0 0 255
-10.780 1.943 0.376 0 0 255
-10.863 1.950 0.348 0 0 255
-8.948 1.604 0.331 0 0 255
-7.134 1.218 0.430 0 0 255
-8.392 1.435 0.384 0 17 255
-6.341 1.035 0.312 0 0 255
-12.025 2.227 0.447 0 0 255
-7.378 1.249 0.261 0 8 255
-12.616 2.416 0.411 0 8 255
-12.362 2.317 0.398 0 0 255
-11.891 2.172 0.335 0 34 255
-6.832 1.182 0.356 0 0 255
-8.844 1.570 0.395 0 8 255
-11.140 2.031 0.410 0 8 255
-13.078 2.472 0.391 0 8 255
-7.429 1.255 0.300 0 0 255
-8.479 1.499 0.341 0 0 255
-7.136 1.225 0.411 0 0 255
-11.138 1.973 0.356 0 0 255
-11.589 2.099 0.317 0 0 255
-12.906 2.512 0.357 0 0 255
-8.809 1.519 0.460 0 0 255
-10.167 1.821 0.449 0 0 255
-7.574 1.253 0.401 0 0 255
-11.350 2.087 0.245 0 34 255
-12.693 2.411 0.343 0 8 255
-12.656 2.400 0.276 0 0 255
-6.774 1.096 0.395 0 0 255
-10.983 1.909 0.210 0 0 255
-10.307 1.830 0.223 0 17 255
-11.515 2.162 0.232 0 0 255
-9.948 1.787 0.253 0 25 255
-12.051 2.218 0.301 0 0 255
-7.171 1.260 0.395 0 0 255
-7.519 1.290 0.235 0 8 255
-9.539 1.733 0.343 0 0 255
-12.194 2.305 0.412 0 8 255
-10.192 1.822 0.449 0 0 255
-11.686 2.160 0.299 0 0 255
-11.373 2.087 0.301 0 0 255
-11.584 2.076 0.367 0 0 255
-6.850 1.186 0.335 0 25 255
-9.717 1.724 0.362 0 8 255
-9.488 1.632 0.253 0 25 255
-6.945 1.183 0.389 0 0 255
-8.989 1.612 0.278 0 0 255
-7.290 1.269 0.291 0 119 255
-9.591 1.717 0.306 0 0 255
-12.738 2.378 0.272 0 0 255
-8.526 1.451 0.327 0 8 255
-11.640 2.070 0.207 0 0 255
-8.897 1.520 0.385 0 25 255
-9.911 1.740 0.232 0 0 255
-8.547 1.499 0.389 0 0 255
-6.955 1.141 0.334 0 8 255
-6.631 1.144 0.294 0 0 255
-7.793 1.283 0.384 0 0 255
-12.418 2.348 0.431 0 0 255
-6.871 1.188 0.397 0 8 255
-6.594 1.084 0.370 0 8 255
-7.918 1.349 0.399 0 25 255
-9.489 1.707 0.399 0 170 255
-12.725 2.427 0.241 0 0 255
-9.724 1.733 0.447 0 34 255
-12.342 2.339 0.370 0 0 255
-9.959 1.825 0.427 0 0 255
-12.438 2.389 0.474 0 0 255
-11.957 2.267 0.428 0 0 255
-12.231 2.314 0.427 0 8 255
-13.015 2.535 0.269 0 42 255
-10.558 1.834 0.284 0 8 255
-10.880 1.948 0.352 0 17 255
-11.708 2.143 0.303 0 0 255
-11.550 2.137 0.406 0 17 255
-8.869 1.509 0.429 0 8 255
-10.531 1.858 0.447 0 0 255
-6.714 1.107 0.355 0 0 255
-7.285 1.260 0.307 0 195 255
-7.079 1.215 0.392 0 0 255
-11.440 2.085 0.347 0 0 255
-12.790 2.473 0.414 0 17 255
-9.821 1.687 0.440 0 0 255
-7.476 1.281 0.423 0 0 255
-11.474 2.042 0.281 0 0 255
-10.053 1.784 0.249 0 0 255
-10.616 1.915 0.213 0 0 255
-8.214 1.401 0.426 0 0 255
-10.568 1.826 0.271 0 0 255
-7.868 1.312 0.323 0 0 255
-7.283 1.264 0.447 0 0 255
-11.490 2.097 0.333 0 0 255
-7.464 1.279 0.411 0 8 255
-12.294 2.311 0.240 0 0 255
-10.976 1.985 0.440 0 17 255
-7.888 1.294 0.469 0 85 255
-11.425 2.039 0.338 0 0 255
-11.564 2.124 0.287 0 255 170
-7.895 1.293 0.264 0 0 255
-10.805 1.936 0.329 0 0 255
-10.921 1.883 0.427 0 25 255
-13.061 2.518 0.431 0 34 255
-10.944 1.944 0.284 0 0 255
-8.646 1.509 0.277 0 0 255
-12.995 2.455 0.337 0 17 255
-12.753 2.431 0.294 0 8 255
-7.641 1.269 0.446 0 0 255
-12.871 2.409 0.279 0 8 255
-8.003 1.319 0.432 0 0 255
-11.590 2.072 0.275 0 0 255
-11.214 2.027 0.312 0 0 255
-10.372 1.831 0.272 0 8 255
-12.485 2.412 0.341 0 0 255
-7.866 1.303 0.440 0 229 255
-7.637 1.237 0.387 0 8 255
-12.703 2.452 0.311 0 25 255
-10.296 1.798 0.266 0 0 255
-11.200 2.029 0.259 0 0 255
-8.282 1.437 0.419 0 8 255
-7.480 1.238 0.382 0 8 255
-8.196 1.393 0.411 0 25 255
-12.261 2.358 0.431 0 0 255
-8.751 1.517 0.443 0 0 255
-8.020 1.307 0.287 0 0 255
-12.258 2.319 0.393 0 0 255
-7.628 1.294 0.367 0 8 255
-10.023 1.792 0.419 0 8 255
-10.110 1.768 0.412 0 0 255
-9.908 1.743 0.348 0 8 255
-7.651 1.231 0.251 0 0 255
-12.932 2.486 0.425 0 8 255
-6.457 1.090 0.414 0 0 255
-11.615 2.088 0.205 0 8 255
-8.668 1.525 0.292 0 0 255
-10.459 1.870 0.333 0 0 255
-12.340 2.345 0.327 0 42 255
-11.521 2.079 0.297 0 17 255
-12.116 2.256 0.450 0 0 255
-13.021 2.514 0.256 0 127 255
-10.462 1.824 0.270 0 68 255
-6.467 1.063 0.289 0 0 255
-6.471 1.098 0.340 0 0 255
-10.178 1.769 0.461 0 0 255
-7.468 1.232 0.260 0 0 255
-13.123 2.451 0.404 0 8 255
-12.046 2.263 0.433 0 34 255
-7.878 1.280 0.336 0 17 255
-7.643 1.310 0.354 0 17 255
-11.045 1.987 0.428 0 8 255
-8.648 1.507 0.241 0 0 255
-12.629 2.400 0.217 0 0 255
-12.996 2.498 0.342 0 8 255
-11.925 2.229 0.428 0 0 255
-12.438 2.360 0.434 0 8 255
-10.469 1.816 0.309 0 34 255
-12.072 2.236 0.313 0 0 255
-11.836 2.198 0.250 0 8 255
-12.978 2.450 0.242 0 17 255
-8.835 1.505 0.388 0 0 255
-11.946 2.245 0.446 0 0 255
-11.383 2.086 0.425 0 8 255
-10.061 1.751 0.342 0 8 255
-6.929 1.146 0.408 0 0 255
-13.071 2.550 0.258 0 17 255
-12.327 2.340 0.408 0 8 255
-10.981 1.935 0.461 0 0 255
-11.939 2.185 0.326 0 0 255
-11.249 2.035 0.356 0 0 255
-11.539 2.118 0.278 0 0 255
-11.653 2.167 0.410 0 0 255
-6.927 1.197 0.366 0 17 255
-7.086 1.217 0.412 0 8 255
-7.592 1.293 0.423 0 0 255
-8.975 1.554 0.334 0 59 255
-10.943 1.955 0.493 0 0 255
-8.683 1.504 0.275 0 17 255
-10.817 1.936 0.373 0 0 255
-7.760 1.321 0.375 0 25 255
-10.339 1.835 0.267 0 8 255
-8.538 1.416 0.244 0 0 255
-6.906 1.219 0.332 0 0 255
-12.566 2.412 0.417 0 25 255
-7.847 1.344 0.377 0 0 255
-12.192 2.281 0.233 0 51 255
-10.691 1.865 0.265 0 8 255
-11.805 2.199 0.427 0 0 255
-9.688 1.733 0.390 0 8 255
-12.627 2.432 0.276 0 8 255
-7.494 1.290 0.362 0 0 255
-13.003 2.577 0.300 0 59 255
-9.007 1.529 0.439 0 0 255
-7.539 1.286 0.358 0 0 255
-10.954 1.950 0.470 0 25 255
-9.393 1.603 0.417 0 0 255
-11.878 2.192 0.292 0 8 255
-12.528 2.298 0.256 0 0 255
-9.475 1.700 0.448 0 25 255
-11.304 2.079 0.390 0 0 255
-10.996 1.971 0.315 0 17 255
-13.046 2.533 0.439 0 34 255
-7.778 1.261 0.303 0 0 255
-6.379 1.131 0.431 0 0 255
-8.295 1.414 0.460 0 0 255
-13.070 2.421 0.363 0 25 255
-10.921 1.964 0.350 0 0 255
-8.993 1.568 0.382 0 102 255
-11.711 2.178 0.357 0 0 255
-6.361 1.069 0.276 0 17 255
-6.354 1.106 0.394 0 51 255
-7.453 1.268 0.400 0 8 255
-7.530 1.302 0.404 0 0 255
-11.039 1.989 0.356 0 0 255
-10.855 1.955 0.315 0 0 255
-7.930 1.319 0.239 0 17 255
-10.032 1.870 0.239 0 119 255
-7.192 1.236 0.398 0 8 255
-8.909 1.502 0.440 0 0 255
-6.861 1.183 0.388 0 0 255
-7.296 1.220 0.316 0 0 255
-8.717 1.546 0.225 0 85 255
-10.269 1.833 0.441 0 0 255
-6.393 1.073 0.335 0 0 255
-11.617 2.114 0.437 0 0 255
-9.979 1.786 0.453 0 8 255
-10.664 1.928 0.413 0 8 255
-10.946 2.000 0.304 0 0 255
-9.923 1.736 0.426 0 8 255
-12.446 2.371 0.459 0 0 255
-7.409 1.257 0.419 0 255 221
-9.072 1.620 0.416 0 0 255
-10.351 1.821 0.322 0 0 255
-7.860 1.324 0.339 0 0 255
-11.387 2.079 0.349 68 255 0
-10.147 1.770 0.241 0 25 255
-10.177 1.827 0.433 0 8 255
-13.041 2.465 0.373 0 102 255
-10.316 1.827 0.229 0 0 255
-12.226 2.283 0.331 0 0 255
-6.802 1.122 0.363 0 0 255
-9.379 1.667 0.328 0 25 255
-8.312 1.423 0.344 0 0 255
-9.948 1.795 0.447 0 8 255
-11.278 1.979 0.405 0 0 255
-11.961 2.195 0.255 0 17 255
-11.938 2.223 0.383 0 25 255
-8.656 1.498 0.301 0 25 255
-7.075 1.225 0.385 0 0 255
-13.073 2.414 0.322 0 0 255
-11.360 2.065 0.289 0 0 255
-6.866 1.126 0.353 0 34 255
-10.782 1.897 0.204 0 0 255
-7.817 1.293 0.415 0 8 255
-8.784 1.545 0.270 0 0 255
-12.457 2.372 0.418 0 0 255
-11.730 2.140 0.289 0 0 255
-6.318 1.064 0.386 0 0 255
-12.228 2.283 0.361 0 51 255
-10.201 1.803 0.454 0 0 255
-10.231 1.836 0.425 0 8 255
-6.983 1.182 0.290 0 8 255
-7.422 1.216 0.372 0 0 255
-6.360 1.103 0.399 0 25 255
-10.352 1.843 0.365 0 8 255
-10.329 1.828 0.234 0 17 255
-10.984 1.988 0.460 0 8 255
-10.823 1.956 0.422 0 8 255
-8.523 1.481 0.277 0 8 255
-12.480 2.388 0.388 0 17 255
-11.930 2.236 0.422 0 0 255
-6.991 1.218 0.385 0 255 102
-10.673 1.905 0.368 0 0 255
-12.422 2.358 0.378 0 8 255
-12.823 2.465 0.308 0 0 255
-6.372 1.100 0.314 0 25 255
-10.494 1.876 0.376 0 102 255
-11.354 2.042 0.424 0 0 255
-6.436 1.085 0.409 0 0 255
-11.558 2.135 0.379 0 255 208
-11.581 2.141 0.321 0 255 144
-10.703 1.920 0.429 0 0 255
-7.089 1.236 0.397 0 25 255
-8.452 1.493 0.386 0 0 255
-12.376 2.334 0.298 0 8 255
-10.170 1.871 0.453 0 0 255
-11.091 1.993 0.285 0 42 255
-9.907 1.775 0.398 0 0 255
-10.985 1.922 0.298 0 34 255
-11.999 2.197 0.281 0 0 255
-11.985 2.180 0.396 0 0 255
-8.083 1.362 0.430 0 0 255
-8.302 1.426 0.244 0 17 255
-8.048 1.411 0.418 0 93 255
-9.454 1.628 0.429 0 76 255
-10.694 1.884 0.253 0 0 255
-10.279 1.831 0.446 0 0 255
-12.202 2.279 0.450 0 0 255
-7.754 1.318 0.445 0 0 255
-7.801 1.297 0.443 0 0 255
-9.870 1.724 0.380 0 0 255
-7.405 1.227 0.238 0 0 255
-9.991 1.759 0.346 0 0 255
-8.580 1.454 0.287 0 17 255
-6.784 1.132 0.323 0 0 255
-11.927 2.222 0.440 0 0 255
-12.829 2.447 0.261 0 25 255
-9.571 1.713 0.458 0 25 255
-10.011 1.760 0.393 0 8 255
-11.769 2.202 0.388 0 0 255
-11.392 2.069 0.447 0 0 255
-11.501 2.107 0.246 0 25 255
-7.922 1.331 0.431 0 25 255
-10.919 1.916 0.353 0 0 255
-11.283 2.076 0.401 0 8 255
-7.940 1.351 0.424 0 17 255
-12.095 2.280 0.456 0 0 255
-11.337 2.082 0.384 0 0 255
-7.643 1.237 0.269 0 8 255
-12.234 2.241 0.282 0 0 255
-12.327 2.326 0.386 0 0 255
-9.324 1.680 0.456 0 8 255
-12.988 2.509 0.264 0 17 255
-8.448 1.463 0.284 0 85 255
-8.385 1.396 0.335 0 0 255
-10.945 1.983 0.481 0 0 255
-7.797 1.328 0.397 0 0 255
-11.703 2.076 0.337 0 0 255
-10.457 1.881 0.338 0 17 255
-9.872 1.727 0.324 0 17 255
-7.046 1.160 0.354 0 25 255
-13.084 2.453 0.372 0 8 255
-8.031 1.355 0.318 0 0 255
-11.827 2.168 0.225 0 255 46
-12.053 2.237 0.272 0 0 255
-9.514 1.689 0.424 0 76 255
-11.325 2.061 0.373 0 0 255
-10.848 1.877 0.381 0 0 255
-6.410 1.105 0.398 0 85 255
-11.706 2.133 0.328 0 0 255
-8.127 1.389 0.437 0 8 255
-12.403 2.339 0.350 0 0 255
-7.971 1.343 0.356 0 0 255
-10.358 1.723 0.212 0 0 255
-12.075 2.268 0.423 0 8 255
-11.356 2.088 0.403 0 0 255
-11.380 2.074 0.353 0 0 255
-12.428 2.339 0.362 0 255 255
-13.066 2.550 0.206 0 8 255
-11.885 2.212 0.301 0 8 255
-7.879 1.341 0.354 0 0 255
-12.370 2.295 0.251 0 0 255
-12.898 2.463 0.262 0 8 255
-8.483 1.500 0.298 0 8 255
-7.890 1.326 0.438 0 8 255
-8.606 1.512 0.412 0 0 255
-12.500 2.373 0.351 0 8 255
-10.954 1.922 0.312 0 76 255
-6.643 1.114 0.331 0 0 255
-10.822 1.925 0.301 0 0 255
-7.275 1.214 0.255 0 25 255
-10.976 1.954 0.243 0 8 255
-10.883 1.936 0.443 0 0 255
-12.951 2.451 0.418 0 0 255
-12.443 2.342 0.332 0 0 255
-6.522 1.083 0.407 0 0 255
-12.851 2.412 0.243 0 8 255
-8.319 1.434 0.349 0 8 255
-12.652 2.405 0.322 0 0 255
-9.383 1.721 0.259 0 25 255
-10.228 1.791 0.370 0 0 255
-12.435 2.311 0.382 0 59 255
-6.582 1.076 0.389 0 0 255
-9.876 1.778 0.424 0 0 255
-13.047 2.424 0.254 0 0 255
-10.256 1.839 0.434 0 8 255
-7.251 1.233 0.326 0 0 255
-8.822 1.567 0.383 0 0 255
-11.515 2.147 0.392 0 0 255
-6.849 1.184 0.300 0 8 255
-12.986 2.425 0.225 0 0 255
-11.343 2.084 0.249 0 0 255
-11.017 1.927 0.388 0 8 255
-10.123 1.814 0.474 0 0 255
-12.353 2.306 0.263 0 0 255
-11.576 2.133 0.427 0 0 255
-13.064 2.348 0.273 0 0 255
-8.447 1.434 0.265 0 0 255
-11.298 1.983 0.418 0 0 255
-13.104 2.400 0.408 0 0 255
-8.296 1.449 0.388 0 0 255
-8.530 1.487 0.402 0 8 255
-11.017 1.953 0.357 0 0 255
-12.458 2.373 0.415 0 8 255
-13.075 2.548 0.260 0 59 255
-8.013 1.293 0.418 0 8 255
-9.988 1.735 0.407 0 17 255
-12.962 2.458 0.265 0 0 255
-8.387 1.376 0.317 0 0 255
-12.519 2.366 0.235 0 51 255
-12.785 2.422 0.297 0 0 255
-9.711 1.746 0.423 0 0 255
-11.184 1.979 0.206 0 0 255
-11.932 2.234 0.422 0 8 255
-8.850 1.516 0.358 0 0 255
-8.533 1.394 0.311 0 0 255
-6.964 1.172 0.423 0 0 255
-10.348 1.850 0.386 0 0 255
-12.479 2.362 0.231 0 8 255
-6.957 1.184 0.371 0 25 255
-7.800 1.325 0.415 0 0 255
-10.195 1.830 0.441 0 8 255
-10.622 1.910 0.420 0 0 255
-7.521 1.263 0.427 0 0 255
-11.314 2.079 0.455 0 0 255
-7.133 1.211 0.422 0 0 255
-8.892 1.565 0.372 0 8 255
-10.448 1.877 0.385 0 17 255
-11.879 2.250 0.422 0 0 255
-7.811 1.321 0.425 0 8 255
-12.709 2.410 0.208 0 0 255
-10.195 1.840 0.204 0 0 255
-9.577 1.687 0.386 0 0 255
-12.655 2.332 0.298 0 0 255
-8.012 1.353 0.453 0 0 255
-11.139 2.022 0.426 0 0 255
-7.393 1.267 0.373 0 0 255
-11.490 2.120 0.406 0 8 255
-12.531 2.357 0.341 0 0 255
-6.876 1.167 0.281 0 0 255
-12.072 2.273 0.278 0 0 255
-11.962 2.205 0.334 0 0 255
-31.094 9.801 0.247 0 0 255
-35.028 12.854 0.251 0 0 255
-32.888 11.760 0.428 0 0 255
-30.616 8.537 0.348 0 34 255
-31.848 11.119 0.410 0 8 255
-31.056 9.766 0.422 0 0 255
-30.789 8.575 0.382 0 25 255
-30.743 8.555 0.279 0 17 255
-34.062 12.403 0.216 0 0 255
-28.893 8.623 0.240 0 0 255
-29.299 8.163 0.328 0 8 255
-33.251 11.929 0.398 0 17 255
-30.833 10.225 0.230 0 0 255
-32.639 11.556 0.205 0 8 255
-32.922 11.696 0.305 0 0 255
-31.968 11.113 0.357 0 0 255
-34.761 12.819 0.428 0 17 255
-33.545 12.106 0.380 0 0 255
-31.065 8.767 0.403 0 0 255
-34.707 12.776 0.417 0 0 255
-31.092 9.775 0.426 0 0 255
-32.593 11.497 0.391 0 0 255
-31.046 9.811 0.308 0 42 255
-35.216 13.084 0.233 0 17 255
-35.070 12.937 0.296 0 0 255
-31.977 11.219 0.319 0 17 255
-31.399 10.795 0.275 0 0 255
-33.548 12.104 0.419 0 0 255
-31.537 10.922 0.415 0 8 255
-35.358 13.101 0.350 0 0 255
-31.744 10.970 0.231 0 0 255
-31.843 11.070 0.205 0 85 255
-28.923 8.676 0.328 0 0 255
-30.637 8.494 0.238 0 85 255
-29.712 8.005 0.369 0 0 255
-30.741 10.283 0.364 0 0 255
-32.021 11.183 0.411 0 110 255
-28.674 9.168 0.476 0 0 255
-30.854 10.196 0.364 0 8 255
-31.246 8.874 0.222 0 34 255
-29.881 8.064 0.390 0 8 255
-29.336 8.054 0.365 0 68 255
-31.499 10.891 0.426 0 0 255
-32.043 11.184 0.408 0 0 255
-31.599 10.931 0.445 0 0 255
-35.711 13.329 0.290 0 0 255
-33.379 12.049 0.268 0 0 255
-29.126 8.390 0.232 0 0 255
-32.090 11.240 0.437 0 25 255
-33.363 12.004 0.219 0 8 255
-28.473 9.092 0.299 0 0 255
-31.604 10.900 0.310 0 0 255
-30.607 8.430 0.326 0 0 255
-28.824 8.855 0.399 0 0 255
-29.117 8.287 0.377 0 0 255
-33.949 12.321 0.397 0 8 255
-33.763 12.221 0.265 0 34 255
-33.149 11.892 0.207 0 8 255
-31.101 9.719 0.378 0 0 255
-31.990 11.208 0.398 0 0 255
-31.467 9.058 0.378 0 34 255
-28.871 8.818 0.357 0 0 255
-35.762 13.292 0.280 0 0 255
-31.049 8.745 0.262 0 144 255
-32.287 11.325 0.388 0 17 255
-30.743 8.538 0.242 0 0 255
-32.407 11.442 0.353 0 8 255
-33.155 11.858 0.248 0 0 255
-31.124 9.677 0.288 0 0 255
-31.324 9.424 0.217 0 8 255
-31.279 10.738 0.237 0 34 255
-28.650 9.182 0.220 0 8 255
-28.721 9.085 0.328 0 0 255
-29.182 8.334 0.347 0 8 255
-31.412 10.845 0.439 0 0 255
-33.746 12.220 0.203 0 0 255
-28.954 8.616 0.262 0 0 255
-30.886 8.670 0.356 0 0 255
-35.469 13.141 0.214 0 8 255
-33.753 12.230 0.367 0 0 255
-33.775 12.221 0.410 0 8 255
-28.539 9.150 0.408 0 0 255
-31.257 10.694 0.379 0 8 255
-32.085 11.187 0.202 0 93 255
-28.639 9.048 0.201 0 0 255
-34.583 12.658 0.400 0 0 255
-31.499 9.067 0.358 0 85 255
-31.537 10.908 0.344 0 8 255
-31.203 9.441 0.247 0 0 255
-33.282 11.924 0.296 0 42 255
-32.884 11.705 0.425 0 0 255
-33.179 11.920 0.381 0 0 255
-30.932 8.649 0.330 0 51 255
-32.591 11.552 0.414 0 0 255
-30.561 8.445 0.390 0 0 255
-28.470 9.037 0.334 0 0 255
-31.161 8.744 0.340 0 17 255
-31.885 11.147 0.411 0 8 255
-29.002 8.607 0.217 0 25 255
-29.316 8.087 0.399 0 8 255
-31.184 10.668 0.350 0 0 255
-30.927 10.482 0.372 0 8 255
-28.932 8.700 0.273 0 8 255
-30.342 8.304 0.264 0 0 255
-29.268 8.104 0.350 0 0 255
-35.026 12.913 0.374 0 0 255
-31.530 10.881 0.368 0 0 255
-31.684 10.981 0.302 0 8 255
-31.658 10.944 0.237 0 0 255
-31.470 9.112 0.319 0 0 255
-32.775 11.567 0.237 0 0 255
-31.823 11.073 0.224 0 17 255
-28.387 9.016 0.215 0 0 255
-29.596 7.883 0.395 0 0 255
-33.852 12.267 0.293 0 0 255
-31.068 10.564 0.210 0 0 255
-35.114 12.966 0.343 0 8 255
-33.442 12.095 0.218 0 0 255
-31.129 10.599 0.397 0 0 255
-31.413 10.777 0.246 0 68 255
-34.975 12.921 0.321 0 8 255
-30.868 10.109 0.410 0 0 255
-29.116 8.365 0.218 0 8 255
-31.544 9.040 0.361 0 51 255
-28.767 8.908 0.221 0 0 255
-31.624 10.984 0.387 0 17 255
-29.123 8.335 0.353 0 34 255
-31.391 9.226 0.403 0 0 255
-28.360 9.000 0.377 0 0 255
-28.420 9.071 0.359 0 17 255
-35.709 13.324 0.321 0 85 255
-34.435 12.614 0.403 0 0 255
-28.799 8.892 0.386 0 0 255
-30.510 8.418 0.311 0 59 255
-29.281 8.077 0.319 0 59 255
-35.679 13.295 0.208 0 8 255
-29.506 7.823 0.404 0 8 255
-33.154 11.877 0.331 0 8 255
-31.375 10.792 0.313 0 0 255
-33.805 12.272 0.333 0 8 255
-34.816 12.826 0.291 0 0 255
-31.423 9.258 0.360 0 0 255
-28.602 9.182 0.221 0 0 255
-30.012 8.148 0.384 0 17 255
-30.036 8.157 0.407 0 0 255
-31.116 9.670 0.224 0 0 255
-35.030 12.981 0.340 0 8 255
-33.727 12.175 0.248 0 0 255
-33.883 12.304 0.396 0 8 255
-31.300 9.451 0.360 0 0 255
-33.874 12.268 0.245 0 34 255
-35.338 13.094 0.321 0 8 255
-28.364 9.019 0.336 0 8 255
-35.029 12.927 0.277 0 0 255
-34.060 12.398 0.223 0 59 255
-29.763 7.922 0.234 0 0 255
-33.493 12.063 0.331 0 17 255
-34.225 12.536 0.383 0 0 255
-30.738 10.329 0.258 0 0 255
-32.540 11.469 0.218 0 0 255
-31.282 10.727 0.382 0 8 255
-31.135 10.617 0.288 0 8 255
-29.146 8.351 0.310 0 8 255
-31.564 10.894 0.238 0 0 255
-34.840 12.837 0.374 0 0 255
-35.021 12.952 0.366 0 17 255
-32.123 11.226 0.426 0 8 255
-31.017 8.729 0.372 0 0 255
-33.351 11.952 0.320 0 0 255
-31.031 8.738 0.235 0 85 255
-33.610 12.114 0.412 0 0 255
-31.314 9.425 0.249 0 17 255
-31.389 8.915 0.381 0 0 255
-31.047 10.576 0.346 0 0 255
-30.872 10.096 0.250 0 25 255
-32.522 11.500 0.273 0 8 255
-34.343 12.579 0.246 0 8 255
-30.821 10.120 0.399 0 0 255
-31.240 9.459 0.201 0 17 255
-35.602 13.243 0.346 0 0 255
-28.449 9.076 0.352 0 0 255
-28.923 8.695 0.208 0 17 255
-32.218 11.229 0.204 0 0 255
-29.637 7.943 0.376 0 144 255
-32.838 11.652 0.401 0 25 255
-33.017 11.772 0.307 0 0 255
-31.254 9.506 0.242 0 25 255
-31.784 11.087 0.410 0 17 255
-28.887 8.691 0.274 0 8 255
-31.521 10.819 0.270 0 0 255
-28.860 8.751 0.400 0 0 255
-30.994 10.513 0.330 0 0 255
-35.185 13.050 0.357 0 0 255
-31.001 9.960 0.285 0 0 255
-31.238 10.717 0.321 0 0 255
-35.318 13.082 0.283 0 0 255
-32.724 11.617 0.236 0 25 255
-30.925 10.546 0.204 0 0 255
-35.641 13.343 0.204 0 0 255
-31.558 9.061 0.247 0 17 255
-31.430 10.794 0.200 0 8 255
-34.930 12.879 0.316 0 0 255
-32.913 11.754 0.392 0 0 255
-34.391 12.573 0.231 0 34 255
-34.493 12.611 0.251 0 0 255
-33.428 12.034 0.352 0 68 255
-33.438 12.043 0.356 0 0 255
-29.130 8.348 0.367 0 8 255
-32.756 11.557 0.311 0 0 255
-34.684 12.713 0.393 0 0 255
-33.330 11.996 0.347 0 0 255
-32.071 11.189 0.461 0 34 255
-29.146 8.331 0.250 0 34 255
-34.617 12.696 0.418 0 0 255
-30.191 8.240 0.373 0 8 255
-35.613 13.222 0.310 0 0 255
-30.800 10.329 0.405 0 0 255
-29.460 7.866 0.269 0 76 255
-33.163 11.888 0.305 0 0 255
-33.259 11.933 0.362 0 0 255
-33.124 11.896 0.400 0 25 255
-31.278 9.428 0.401 0 8 255
-32.286 11.356 0.423 0 0 255
-35.357 13.171 0.318 0 8 255
-29.251 8.193 0.381 0 119 255
-33.386 12.085 0.427 0 0 255
-29.734 7.979 0.277 0 51 255
-32.952 11.747 0.257 0 25 255
-28.721 9.082 0.299 0 0 255
-33.987 12.355 0.395 0 17 255
-33.522 12.092 0.280 0 17 255
-32.533 11.473 0.408 0 8 255
-31.951 11.157 0.343 0 17 255
-31.103 10.578 0.392 0 8 255
-30.698 10.405 0.422 0 8 255
-34.994 12.925 0.365 0 8 255
-33.061 11.801 0.306 0 8 255
-35.183 13.108 0.207 0 110 255
-30.156 8.218 0.308 0 42 255
-31.973 11.150 0.395 0 0 255
-29.628 7.910 0.412 0 0 255
-30.935 10.110 0.413 0 0 255
-31.090 10.628 0.209 0 34 255
-31.253 9.521 0.309 0 8 255
-32.795 11.666 0.321 0 25 255
-31.256 10.784 0.258 0 25 255
-31.317 9.377 0.203 0 0 255
-32.667 11.572 0.344 0 0 255
-28.675 9.003 0.228 0 0 255
-31.331 9.382 0.388 0 25 255
-30.756 10.251 0.334 0 0 255
-31.450 9.138 0.208 0 0 255
-30.871 10.147 0.403 0 25 255
-33.729 12.236 0.414 0 0 255
-35.569 13.280 0.271 0 0 255
-30.773 10.340 0.411 59 255 0
-34.704 12.840 0.428 0 8 255
-33.256 11.947 0.426 0 0 255
-33.975 12.351 0.414 0 0 255
-31.946 11.175 0.350 0 0 255
-33.022 11.862 0.384 0 0 255
-33.124 11.849 0.347 0 0 255
-30.724 10.360 0.232 0 0 255
-33.171 12.011 0.312 0 0 255
-34.636 12.753 0.385 0 0 255
-32.743 11.604 0.216 0 17 255
-31.470 9.149 0.204 0 0 255
-31.087 9.722 0.331 0 8 255
-35.650 13.309 0.280 0 0 255
-28.625 9.149 0.439 0 0 255
-30.944 8.648 0.313 0 25 255
-31.411 9.242 0.398 0 0 255
-31.451 9.114 0.210 0 17 255
-31.930 11.142 0.452 0 0 255
-32.949 11.736 0.403 0 8 255
-29.487 7.877 0.362 0 34 255
-31.383 10.736 0.365 0 0 255
-35.511 13.238 0.346 0 0 255
-35.642 13.314 0.236 0 8 255
-31.487 10.881 0.247 0 8 255
-35.667 13.320 0.230 0 8 255
-32.482 11.459 0.386 0 8 255
-31.563 9.023 0.263 0 85 255
-30.946 8.677 0.389 0 0 255
-34.336 12.527 0.377 0 0 255
-32.685 11.615 0.415 0 0 255
-33.302 11.976 0.368 0 0 255
-34.750 12.777 0.212 0 8 255
-34.070 12.392 0.249 0 0 255
-31.307 9.467 0.412 0 0 255
-30.738 10.408 0.275 0 34 255
-32.591 11.540 0.380 0 17 255
-29.139 8.297 0.328 0 0 255
-31.163 10.697 0.394 0 25 255
-30.530 8.431 0.270 0 68 255
-29.487 7.883 0.452 0 0 255
-30.663 10.391 0.457 0 8 255
-31.581 10.946 0.416 0 0 255
-30.484 8.346 0.308 0 255 221
-30.390 8.331 0.301 0 25 255
-33.344 12.038 0.386 0 25 255
-30.889 10.512 0.361 0 8 255
-30.968 10.557 0.322 0 25 255
-30.845 10.429 0.340 0 8 255
-31.798 11.048 0.327 0 0 255
-31.030 9.825 0.266 0 0 255
-30.752 10.438 0.407 0 25 255
-34.106 12.473 0.356 0 8 255
-33.506 12.092 0.341 0 25 255
-31.131 9.716 0.381 0 17 255
-30.892 8.648 0.274 0 8 255
-35.570 13.252 0.250 0 0 255
-33.519 12.097 0.249 0 25 255
-33.402 12.063 0.442 0 51 255
-33.371 12.041 0.210 0 8 255
-30.946 10.096 0.217 0 0 255
-31.414 10.730 0.279 0 0 255
-30.808 10.414 0.246 0 0 255
-31.093 10.571 0.284 0 0 255
-33.322 11.995 0.264 0 68 255
-30.997 9.873 0.224 0 0 255
-30.743 10.409 0.414 0 59 255
-31.408 10.820 0.234 0 170 255
-29.487 7.917 0.259 0 25 255
-33.875 12.329 0.372 0 0 255
-32.020 11.212 0.243 0 8 255
-33.503 12.105 0.276 0 0 255
-33.851 12.276 0.249 0 0 255
-30.702 10.416 0.323 0 8 255
-32.602 11.584 0.383 0 17 255
-32.490 11.499 0.362 0 0 255
-32.631 11.537 0.206 0 25 255
-31.239 8.832 0.432 0 0 255
-32.588 11.540 0.290 0 0 255
-28.549 9.134 0.381 0 8 255
-35.466 13.144 0.355 0 0 255
-31.325 9.407 0.271 0 0 255
-32.127 11.165 0.345 0 17 255
-31.184 8.819 0.212 0 34 255
-32.954 11.750 0.368 0 144 255
-32.732 11.583 0.337 0 8 255
-29.661 7.956 0.385 0 25 255
-32.579 11.548 0.412 0 0 255
-32.903 11.678 0.269 0 0 255
-31.746 11.011 0.405 0 8 255
-31.348 8.953 0.258 0 0 255
-32.431 11.484 0.385 0 8 255
-30.724 10.404 0.453 0 8 255
-29.040 8.492 0.398 0 0 255
-29.518 7.797 0.286 0 34 255
-34.957 12.873 0.389 0 0 255
-34.540 12.729 0.294 0 0 255
-31.809 11.089 0.386 0 8 255
-28.674 9.208 0.233 0 93 255
-31.208 9.488 0.395 0 8 255
-34.603 12.707 0.233 0 17 255
-30.557 8.434 0.269 0 93 255
-31.401 9.242 0.235 0 25 255
-30.720 10.396 0.314 0 8 255
-31.093 10.634 0.358 0 8 255
-31.006 8.658 0.224 0 34 255
-33.410 12.016 0.300 0 102 255
-28.798 8.932 0.408 0 0 255
-28.907 8.742 0.200 0 8 255
-32.217 11.309 0.418 0 0 255
-31.541 8.976 0.231 0 17 255
-31.308 9.398 0.234 0 25 255
-29.390 7.955 0.241 0 0 255
-31.711 11.034 0.301 0 0 255
-33.622 12.148 0.384 0 0 255
-33.107 11.888 0.408 0 8 255
-30.994 8.692 0.401 0 0 255
-32.688 11.541 0.371 0 8 255
-33.684 12.217 0.363 0 0 255
-32.671 11.614 0.401 0 8 255
-29.033 8.531 0.380 0 0 255
-35.160 12.988 0.261 0 0 255
-30.624 8.439 0.207 0 17 255
-34.796 12.798 0.402 0 17 255
-30.960 10.575 0.362 0 0 255
-28.841 8.912 0.365 0 17 255
-33.011 11.814 0.358 0 0 255
-30.614 8.447 0.279 0 0 255
-28.612 9.181 0.237 0 0 255
-28.961 8.667 0.298 0 25 255
-30.739 10.394 0.417 0 195 255
-33.414 12.047 0.377 0 110 255
-31.372 9.272 0.234 0 17 255
-31.092 9.694 0.410 0 0 255
-35.007 12.950 0.322 0 8 255
-31.860 11.049 0.365 0 0 255
-35.128 13.006 0.332 0 8 255
-28.914 8.767 0.378 0 34 255
-31.401 8.973 0.382 0 8 255
-28.879 8.755 0.374 0 8 255
-31.180 10.672 0.302 0 17 255
-28.432 9.034 0.285 0 0 255
-33.324 11.996 0.373 0 17 255
-28.710 9.172 0.455 0 255 229
-29.514 7.841 0.377 0 0 255
-33.360 12.023 0.254 0 25 255
-32.233 11.346 0.403 0 0 255
-34.415 12.578 0.277 0 0 255
-29.555 7.867 0.242 0 51 255
-32.062 11.203 0.296 0 0 255
-31.144 9.697 0.286 0 25 255
-33.993 12.397 0.392 0 8 255
-29.669 7.979 0.385 0 0 255
-30.861 8.627 0.311 0 17 255
-30.292 8.303 0.374 0 0 255
-31.225 10.737 0.378 0 0 255
-35.354 13.113 0.344 0 8 255
-31.393 8.949 0.233 0 34 255
-30.947 9.952 0.281 0 25 255
-32.448 11.400 0.286 0 0 255
-34.549 12.690 0.383 0 8 255
-30.803 10.214 0.248 0 8 255
-33.360 12.035 0.314 0 8 255
-32.092 11.216 0.431 0 25 255
-31.760 11.062 0.391 0 0 255
-31.550 9.066 0.328 0 34 255
-28.635 9.111 0.244 0 0 255
-31.059 9.856 0.291 0 0 255
-35.686 13.336 0.381 0 8 255
-32.277 11.352 0.346 0 0 255
-30.983 10.537 0.412 0 0 255
-32.096 11.206 0.413 0 102 255
-31.782 11.019 0.386 0 17 255
-30.288 8.302 0.276 0 25 255
-28.669 9.209 0.430 0 17 255
-31.223 10.670 0.373 0 51 255
-28.729 9.026 0.261 0 0 255
-34.872 12.826 0.219 0 0 255
-30.922 10.394 0.268 0 0 255
-34.223 12.474 0.293 0 0 255
-33.140 11.794 0.201 0 0 255
-31.586 10.930 0.330 0 0 255
-31.484 9.089 0.339 0 0 255
-31.361 8.929 0.247 0 0 255
-33.637 12.154 0.333 0 0 255
-35.555 13.258 0.305 0 0 255
-31.145 10.653 0.415 0 0 255
-31.043 9.883 0.315 0 0 255
-30.762 10.346 0.257 0 0 255
-30.881 10.148 0.348 0 0 255
-34.545 12.642 0.418 0 0 255
-28.762 9.013 0.403 0 255 191
-28.974 8.640 0.271 0 0 255
-32.848 11.776 0.429 0 0 255
-33.590 12.105 0.349 0 0 255
-28.433 9.020 0.311 0 0 255
-32.987 11.773 0.391 0 8 255
-32.299 11.350 0.324 0 0 255
-34.333 12.533 0.280 0 0 255
-30.751 10.254 0.370 0 0 255
-30.877 10.438 0.238 0 17 255
-34.839 12.850 0.281 0 0 255
-34.100 12.413 0.410 0 0 255
-31.535 10.830 0.290 0 17 255
-35.570 13.232 0.346 0 8 255
-32.606 11.527 0.382 0 0 255
-32.663 11.560 0.364 0 0 255
-31.251 8.881 0.361 0 17 255
-31.818 11.083 0.363 0 8 255
-32.565 11.486 0.305 0 0 255
-29.099 8.382 0.247 0 17 255
-33.365 12.049 0.365 0 8 255
-31.179 9.730 0.344 0 0 255
-30.328 8.344 0.367 0 0 255
-33.015 11.820 0.322 0 0 255
-28.951 8.704 0.303 0 0 255
-33.395 11.988 0.318 0 0 255
-31.275 10.723 0.417 0 0 255
-30.718 10.330 0.246 0 0 255
-32.015 11.208 0.277 0 8 255
-35.161 12.983 0.312 0 25 255
-34.392 12.572 0.270 0 59 255
-35.592 13.285 0.336 0 0 255
-28.812 8.826 0.388 0 0 255
-28.877 8.811 0.266 0 25 255
-32.252 11.281 0.395 0 17 255
-33.362 11.975 0.486 0 0 255
-30.728 10.297 0.201 0 0 255
-30.777 10.417 0.337 0 42 255
-28.702 9.004 0.377 0 0 255
-32.581 11.487 0.303 0 8 255
-33.624 12.152 0.293 0 0 255
-32.794 11.660 0.373 0 0 255
-33.933 12.322 0.278 0 51 255
-28.876 8.795 0.278 0 0 255
-31.129 8.777 0.393 0 17 255
-34.926 12.859 0.370 0 8 255
-29.305 8.118 0.351 0 8 255
-28.945 8.615 0.409 0 0 255
-32.197 11.301 0.280 0 8 255
-35.306 13.088 0.240 0 34 255
-32.217 11.312 0.370 0 0 255
-34.776 12.780 0.347 0 68 255
-31.247 9.394 0.398 0 17 255
-30.021 8.147 0.256 0 0 255
-29.676 7.955 0.340 0 0 255
-35.033 13.008 0.353 0 8 255
-30.508 8.433 0.444 0 0 255
-31.523 10.858 0.382 0 8 255
-29.345 7.936 0.388 0 0 255
-32.606 11.570 0.272 0 0 255
-29.296 8.106 0.388 0 0 255
-33.167 11.891 0.300 0 8 255
-32.018 11.217 0.298 0 8 255
-31.564 9.045 0.426 0 17 255
-29.463 7.893 0.286 0 0 255
-34.670 12.702 0.407 0 0 255
-31.008 10.465 0.303 0 0 255
-30.944 8.645 0.214 0 8 255
-33.282 11.894 0.284 0 0 255
-35.662 13.297 0.348 0 0 255
-30.836 10.253 0.397 0 255 242
-29.113 8.397 0.218 0 0 255
-31.282 8.901 0.226 0 17 255
-32.406 11.464 0.420 0 8 255
-28.928 8.724 0.359 0 127 255
-31.250 9.501 0.375 0 8 255
-29.451 7.853 0.288 0 0 255
-30.961 8.697 0.281 0 17 255
-33.908 12.342 0.299 0 17 255
-29.166 8.275 0.397 0 0 255
-31.905 11.142 0.376 0 0 255
-35.631 13.262 0.390 0 0 255
-35.434 13.172 0.204 0 8 255
-28.691 9.176 0.251 0 8 255
-34.519 12.641 0.281 0 8 255
-31.390 10.783 0.317 0 0 255
-28.986 8.555 0.369 0 0 255
-32.174 11.316 0.217 0 0 255
-30.526 8.398 0.446 0 8 255
-34.649 12.697 0.317 0 0 255
-33.842 12.327 0.270 0 0 255
-31.597 10.971 0.350 0 0 255
-30.898 10.117 0.397 0 8 255
-31.987 11.206 0.334 0 0 255
-34.522 12.727 0.217 0 34 255
-29.692 7.985 0.383 0 0 255
-28.984 8.571 0.411 0 0 255
-31.184 10.714 0.220 0 17 255
-31.430 10.829 0.301 0 0 255
-30.779 10.376 0.228 0 8 255
-32.409 11.463 0.365 0 0 255
-32.313 11.379 0.269 0 0 255
-31.033 10.558 0.405 0 0 255
-31.025 9.900 0.379 0 8 255
-30.353 8.334 0.241 0 25 255
-35.241 13.063 0.231 0 8 255
-31.281 9.524 0.226 0 8 255
-33.454 12.044 0.416 0 25 255
-33.376 12.055 0.529 0 0 255
-28.622 9.151 0.470 0 0 255
-28.994 8.654 0.378 0 17 255
-28.959 8.581 0.204 0 0 255
-35.092 12.958 0.362 0 25 255
-32.094 11.145 0.362 0 17 255
-32.556 11.511 0.298 0 8 255
-31.338 8.934 0.335 0 0 255
-31.142 9.684 0.414 0 0 255
-35.184 13.021 0.363 0 0 255
-30.468 8.402 0.360 0 17 255
-31.299 9.408 0.316 0 25 255
-34.291 12.512 0.323 0 8 255
-35.558 13.226 0.344 0 8 255
-34.426 12.667 0.359 0 68 255
-29.751 7.950 0.377 0 0 255
-31.946 11.155 0.330 0 25 255
-31.052 8.767 0.217 0 42 255
-31.099 10.598 0.425 0 0 255
-30.826 10.489 0.341 0 0 255
-32.172 11.320 0.410 0 8 255
-32.782 11.624 0.304 0 0 255
-30.126 8.203 0.327 0 0 255
-33.402 12.050 0.456 0 25 255
-30.759 10.379 0.277 0 0 255
-29.872 8.019 0.309 0 0 255
-34.615 12.655 0.424 0 8 255
-34.537 12.758 0.275 0 153 255
-30.765 10.379 0.370 0 68 255
-28.717 8.937 0.385 0 0 255
-31.191 10.728 0.239 0 0 255
-31.837 11.133 0.344 0 25 255
-32.671 11.557 0.425 0 0 255
-33.502 12.097 0.298 0 0 255
-34.244 12.484 0.407 0 0 255
-35.581 13.255 0.297 0 8 255
-31.141 10.646 0.338 0 0 255
-30.796 10.348 0.377 0 0 255
-30.963 9.886 0.321 0 0 255
-28.825 8.859 0.288 0 0 255
-32.964 11.740 0.422 0 0 255
-30.510 8.411 0.382 0 17 255
-30.695 10.369 0.200 0 8 255
-28.934 8.628 0.269 0 0 255
-33.361 12.019 0.480 0 68 255
-28.648 9.125 0.424 0 0 255
-34.848 12.802 0.269 0 0 255
-31.501 10.822 0.402 0 0 255
-35.444 13.179 0.362 0 0 255
-35.541 13.234 0.206 0 0 255
-32.768 11.663 0.408 0 8 255
-30.773 10.392 0.392 0 17 255
-34.770 12.753 0.251 0 8 255
-34.232 12.449 0.391 0 8 255
-31.634 10.955 0.411 0 0 255
-29.410 7.830 0.305 0 17 255
-31.946 11.119 0.290 0 0 255
-31.916 11.121 0.443 0 0 255
-32.248 11.325 0.400 0 8 255
-33.785 12.238 0.365 0 0 255
-29.231 8.189 0.232 0 0 255
-30.663 10.367 0.425 0 0 255
-31.535 9.032 0.271 0 0 255
-31.795 11.029 0.220 0 0 255
-34.723 12.724 0.396 0 0 255
-34.909 12.894 0.310 0 0 255
-31.818 11.066 0.276 0 0 255
-33.685 12.218 0.394 0 0 255
-29.187 8.283 0.217 0 8 255
-31.507 9.051 0.219 0 8 255
-30.993 10.512 0.363 0 8 255
-30.836 10.449 0.290 0 17 255
-32.824 11.740 0.376 0 0 255
-30.774 10.246 0.392 0 0 255
-35.154 12.975 0.288 0 0 255
-30.911 10.074 0.388 0 17 255
-30.920 10.001 0.262 0 8 255
-31.092 10.622 0.401 0 0 255
-28.667 9.200 0.323 0 34 255
-31.723 11.037 0.225 0 0 255
-33.293 11.989 0.438 0 0 255
-31.848 11.062 0.398 0 0 255
-35.755 13.330 0.206 0 17 255
-29.177 8.273 0.202 0 8 255
-35.693 13.328 0.264 0 25 255
-28.506 9.102 0.325 0 0 255
-31.391 10.759 0.317 0 0 255
-32.159 11.257 0.440 0 0 255
-30.640 8.496 0.287 0 42 255
-35.257 13.132 0.318 0 0 255
-33.412 12.030 0.291 0 42 255
-28.612 9.229 0.415 0 0 255
-28.417 9.006 0.239 0 0 255
-32.738 11.641 0.283 0 25 255
-35.276 13.099 0.309 0 0 255
-28.690 9.188 0.223 0 25 255
-29.791 8.029 0.392 0 17 255
-35.571 13.254 0.359 0 0 255
-35.038 12.915 0.289 0 0 255
-34.225 12.453 0.393 0 0 255
-33.299 11.941 0.205 0 8 255
-28.554 9.098 0.405 0 8 255
-34.535 12.630 0.378 0 8 255
-28.420 9.065 0.345 0 0 255
-31.063 9.857 0.316 0 8 255
-31.786 11.083 0.415 0 8 255
-31.008 9.971 0.344 0 0 255
-32.248 11.370 0.429 0 0 255
-33.138 11.854 0.393 0 0 255
-33.169 11.984 0.266 0 8 255
-33.657 12.180 0.209 0 25 255
-31.384 8.954 0.387 0 0 255
-34.745 12.747 0.380 0 68 255
-34.585 12.739 0.290 0 17 255
-29.734 7.945 0.301 0 0 255
-33.736 12.262 0.396 0 8 255
-29.287 8.072 0.257 0 0 255
-29.390 7.926 0.357 0 8 255
-31.123 10.639 0.382 0 0 255
-31.273 8.885 0.404 0 0 255
-34.452 12.620 0.258 0 17 255
-32.502 11.483 0.239 0 34 255
-32.179 11.332 0.435 0 0 255
-34.509 12.664 0.377 0 8 255
-34.292 12.554 0.319 0 51 255
-28.422 9.068 0.390 0 0 255
-30.771 10.308 0.400 0 0 255
-30.981 9.971 0.377 0 42 255
-35.386 13.183 0.259 0 0 255
-31.098 10.619 0.275 0 0 255
-33.382 12.003 0.502 0 0 255
-29.172 8.308 0.270 0 0 255
-31.229 10.732 0.308 0 42 255
-31.846 11.055 0.251 0 255 225
-32.132 11.258 0.362 0 8 255
-31.597 10.985 0.297 0 0 255
-32.047 11.222 0.335 0 0 255
-33.121 11.850 0.346 0 0 255
-31.411 10.800 0.299 0 8 255
-33.260 11.944 0.204 0 0 255
-34.631 12.707 0.389 0 8 255
-29.941 8.092 0.286 0 0 255
-28.455 9.081 0.354 0 34 255
-28.385 9.016 0.386 0 0 255
-35.708 13.329 0.311 0 25 255
-30.963 9.977 0.289 0 17 255
-30.978 10.556 0.223 0 0 255
-34.272 12.490 0.407 0 0 255
-28.814 8.951 0.376 0 0 255
-31.435 8.957 0.387 0 0 255
-34.990 12.897 0.227 0 42 255
-29.817 8.010 0.256 0 0 255
-34.026 12.388 0.281 0 8 255
-28.922 8.659 0.335 0 0 255
-35.586 13.263 0.282 0 17 255
-33.877 12.296 0.243 0 17 255
-29.337 7.987 0.337 0 0 255
-29.442 7.911 0.217 0 8 255
-33.368 12.019 0.284 0 0 255
-30.884 10.119 0.268 0 34 255
-31.324 9.406 0.397 0 51 255
-32.638 11.565 0.360 0 0 255
-31.934 11.140 0.314 0 8 255
-34.106 12.549 0.290 0 17 255
-32.057 11.169 0.265 0 8 255
-32.069 11.201 0.398 0 25 255
-31.200 9.545 0.314 0 8 255
-31.114 9.662 0.200 0 0 255
-31.903 11.166 0.400 0 0 255
-33.151 11.857 0.357 0 0 255
-31.400 8.937 0.302 0 0 255
-30.677 10.364 0.409 0 0 255
-33.349 12.055 0.451 0 0 255
-29.235 8.177 0.313 0 25 255
-35.624 13.273 0.306 0 25 255
-31.831 11.114 0.272 0 17 255
-31.066 9.839 0.241 0 0 255
-31.893 11.145 0.398 0 0 255
-31.374 8.966 0.397 0 0 255
-35.167 12.968 0.268 0 0 255
-30.732 10.413 0.295 0 59 255
-32.533 11.508 0.429 0 0 255
-31.174 10.638 0.365 0 0 255
-35.430 13.154 0.277 0 0 255
-23.562 6.378 0.246 0 17 255
-24.126 6.728 0.356 0 8 255
-21.221 5.348 0.213 0 0 255
-21.136 5.311 0.392 0 0 255
-18.184 4.206 0.385 0 0 255
-18.056 4.196 0.387 0 8 255
-24.461 6.934 0.365 0 17 255
-19.679 4.771 0.226 0 0 255
-16.313 3.545 0.247 0 8 255
-20.728 5.217 0.399 0 0 255
-24.021 6.611 0.335 0 59 255
-18.881 4.475 0.212 0 0 255
-23.732 6.564 0.273 0 17 255
-24.053 6.702 0.331 0 25 255
-16.052 3.487 0.274 0 0 255
-17.891 4.126 0.398 0 0 255
-26.417 8.054 0.458 0 0 255
-24.641 7.122 0.424 0 255 199
-15.496 2.667 0.311 0 0 255
-26.811 8.174 0.374 0 51 255
-22.010 5.723 0.368 0 0 255
-15.290 3.182 0.400 0 0 255
-19.970 4.874 0.372 0 0 255
-24.028 6.681 0.339 0 17 255
-22.288 5.860 0.361 0 0 255
-24.419 6.880 0.327 0 0 255
-21.207 5.378 0.210 0 17 255
-21.469 5.471 0.373 0 0 255
-19.831 4.861 0.424 0 51 255
-26.691 8.097 0.384 0 0 255
-26.846 8.221 0.351 0 0 255
-17.042 3.833 0.212 0 0 255
-20.524 5.098 0.378 0 0 255
-26.660 8.052 0.206 0 0 255
-26.526 7.974 0.296 0 8 255
-28.197 8.915 0.381 0 59 255
-17.014 3.834 0.330 0 0 255
-21.092 5.287 0.238 0 0 255
-21.412 5.457 0.333 0 0 255
-19.258 4.650 0.443 0 0 255
-22.825 6.096 0.349 0 0 255
-26.723 8.146 0.379 0 0 255
-26.262 7.988 0.500 0 255 106
-21.182 5.309 0.338 0 25 255
-23.094 6.207 0.299 0 0 255
-15.407 2.814 0.346 0 34 255
-15.587 2.252 0.310 0 0 255
-15.548 1.690 0.343 0 25 255
-15.966 3.456 0.320 0 0 255
-15.432 3.323 0.372 0 17 255
-19.585 4.744 0.225 0 17 255
-15.820 3.364 0.278 0 0 255
-26.310 7.844 0.246 0 0 255
-24.449 6.852 0.392 0 51 255
-25.095 7.430 0.569 0 59 255
-17.586 4.037 0.342 0 0 255
-20.501 5.068 0.394 0 85 255
-15.244 3.250 0.323 0 0 255
-15.576 2.440 0.352 0 0 255
-27.676 8.651 0.314 0 8 255
-21.646 5.552 0.298 0 8 255
-15.605 3.344 0.323 0 42 255
-26.549 8.043 0.284 0 25 255
-15.282 3.272 0.380 0 17 255
-23.006 6.177 0.251 0 0 255
-15.472 3.351 0.356 0 0 255
-27.185 8.376 0.275 0 0 255
-18.385 4.291 0.253 0 0 255
-26.556 8.072 0.348 0 8 255
-26.617 8.093 0.203 0 0 255
-21.213 5.309 0.243 0 0 255
-28.248 8.985 0.237 0 25 255
-15.813 1.747 0.292 0 25 255
-26.532 8.003 0.296 0 8 255
-15.744 3.404 0.246 0 25 255
-26.691 8.099 0.308 0 8 255
-24.483 6.923 0.214 0 0 255
-15.729 1.742 0.357 0 0 255
-23.438 6.416 0.309 0 0 255
-22.384 5.912 0.293 0 0 255
-21.962 5.655 0.291 0 0 255
-25.451 7.449 0.302 0 76 255
-15.751 1.696 0.231 0 178 255
-23.652 6.447 0.263 0 17 255
-17.387 3.909 0.282 0 0 255
-17.936 4.133 0.345 0 144 255
-15.596 3.343 0.238 0 17 255
-21.334 5.402 0.202 0 17 255
-15.321 3.265 0.393 0 25 255
-22.753 6.021 0.286 0 0 255
-15.692 3.343 0.313 0 0 255
-27.245 8.422 0.360 0 8 255
-26.892 8.222 0.243 0 25 255
-22.104 5.726 0.220 0 0 255
-21.392 5.377 0.320 0 0 255
-20.257 4.951 0.350 0 0 255
-16.604 3.685 0.365 0 8 255
-19.284 4.692 0.421 0 17 255
-28.211 8.926 0.206 0 34 255
-22.509 5.941 0.315 0 8 255
-19.510 4.743 0.425 0 0 255
-24.015 6.661 0.299 0 0 255
-21.107 5.312 0.282 0 0 255
-19.667 4.818 0.407 0 76 255
-26.388 8.028 0.472 0 255 161
-18.155 4.118 0.334 0 0 255
-19.174 4.613 0.338 0 25 255
-21.194 5.291 0.235 0 59 255
-21.489 5.465 0.215 0 8 255
-23.607 6.479 0.278 0 17 255
-21.209 5.311 0.286 0 0 255
-26.762 8.139 0.330 0 119 255
-15.710 3.392 0.347 0 0 255
-15.938 3.481 0.387 0 0 255
-15.281 3.204 0.406 0 0 255
-15.551 3.313 0.276 0 0 255
-16.207 3.538 0.362 0 17 255
-25.855 7.697 0.262 0 51 255
-21.364 5.423 0.361 0 0 255
-16.866 3.727 0.333 0 8 255
-15.607 2.119 0.338 0 8 255
-21.194 5.397 0.298 0 8 255
-18.123 4.198 0.338 0 0 255
-22.671 6.030 0.256 0 25 255
-22.617 6.046 0.231 0 17 255
-22.170 5.768 0.231 0 0 255
-15.697 1.715 0.299 0 0 255
-19.765 4.781 0.271 0 0 255
-22.655 5.999 0.402 0 0 255
-17.151 3.825 0.319 0 0 255
-25.817 7.658 0.233 0 0 255
-18.136 4.248 0.357 0 0 255
-20.440 5.034 0.298 0 0 255
-27.170 8.324 0.220 0 0 255
-15.876 3.435 0.261 0 25 255
-15.679 1.725 0.309 0 17 255
-21.675 5.507 0.228 0 0 255
-24.489 6.919 0.426 0 255 110
-15.746 3.396 0.307 0 0 255
-26.643 8.132 0.375 0 8 255
-22.428 5.943 0.314 0 0 255
-15.494 1.663 0.287 0 8 255
-22.726 6.039 0.211 0 0 255
-15.517 3.270 0.209 0 0 255
-23.683 6.516 0.349 0 8 255
-15.708 1.868 0.332 0 0 255
-15.935 3.438 0.325 0 25 255
-22.456 5.918 0.346 0 0 255
-16.440 3.633 0.354 0 25 255
-18.664 4.413 0.376 0 17 255
-23.184 6.290 0.219 0 25 255
-19.778 4.829 0.295 0 51 255
-15.810 3.390 0.267 0 0 255
-17.291 3.914 0.271 0 8 255
-19.882 4.864 0.356 0 0 255
-26.371 7.950 0.314 0 127 255
-23.520 6.433 0.332 0 8 255
-18.118 4.168 0.259 0 8 255
-27.321 8.432 0.247 0 8 255
-26.592 8.093 0.330 0 8 255
-19.977 4.913 0.368 0 0 255
-20.448 5.057 0.436 0 0 255
-21.136 5.263 0.318 0 0 255
-17.210 3.880 0.324 0 8 255
-22.927 6.165 0.313 0 0 255
-15.730 1.859 0.224 0 8 255
-22.601 5.913 0.221 0 8 255
-16.768 3.742 0.393 0 0 255
-21.411 5.440 0.346 0 8 255
-27.134 8.383 0.368 0 0 255
-21.702 5.579 0.215 0 25 255
-16.287 3.590 0.355 0 0 255
-26.954 8.274 0.335 0 8 255
-27.523 8.592 0.333 0 8 255
-20.475 5.018 0.261 0 0 255
-23.107 6.259 0.358 0 8 255
-25.449 7.395 0.247 0 34 255
-22.927 6.136 0.296 0 0 255
-19.305 4.677 0.450 0 0 255
-17.744 4.071 0.348 0 0 255
-19.247 4.632 0.261 0 102 255
-15.735 1.820 0.324 0 17 255
-27.655 8.610 0.369 0 0 255
-15.303 3.275 0.351 0 8 255
-18.665 4.432 0.379 0 8 255
-21.115 5.326 0.375 0 17 255
-26.366 7.988 0.449 0 255 195
-22.509 5.958 0.299 0 17 255
-23.105 6.269 0.365 0 0 255
-21.231 5.392 0.360 0 34 255
-26.763 8.189 0.213 0 17 255
-27.770 8.708 0.216 0 17 255
-20.542 5.124 0.388 0 0 255
-20.333 5.049 0.408 0 8 255
-15.596 2.374 0.217 0 34 255
-17.822 4.050 0.328 0 0 255
-15.571 3.329 0.237 0 0 255
-26.204 7.994 0.396 0 42 255
-26.771 8.205 0.424 0 0 255
-15.410 2.951 0.344 0 0 255
-28.130 8.907 0.378 0 8 255
-23.020 6.233 0.334 0 0 255
-24.017 6.684 0.217 0 8 255
-16.898 3.759 0.287 0 25 255
-25.877 7.686 0.233 0 0 255
-28.212 8.927 0.300 0 25 255
-26.707 8.162 0.332 0 25 255
-15.591 2.302 0.266 0 17 255
-26.388 7.993 0.460 0 255 242
-24.570 6.982 0.395 0 255 195
-15.506 2.647 0.236 0 8 255
-16.696 3.704 0.282 0 0 255
-18.496 4.402 0.255 0 0 255
-15.719 1.750 0.241 0 68 255
-28.270 9.013 0.325 0 0 255
-18.105 4.181 0.221 0 0 255
-26.794 8.121 0.239 0 8 255
-27.702 8.658 0.238 0 42 255
-26.644 8.077 0.303 0 0 255
-17.308 3.899 0.244 0 0 255
-19.767 4.797 0.508 0 0 255
-22.929 6.161 0.319 0 0 255
-15.633 3.377 0.399 0 0 255
-15.371 2.951 0.321 0 0 255
-16.511 3.571 0.304 0 0 255
-24.573 7.075 0.425 0 0 255
-19.631 4.796 0.415 0 8 255
-21.061 5.305 0.355 0 8 255
-21.123 5.283 0.227 0 0 255
-24.590 7.018 0.479 0 0 255
-16.530 3.647 0.345 0 17 255
-18.589 4.402 0.407 0 0 255
-19.811 4.806 0.339 0 0 255
-15.482 2.614 0.229 0 0 255
-15.668 2.018 0.349 0 0 255
-26.723 8.161 0.352 0 34 255
-26.394 8.022 0.423 0 255 238
-20.471 5.087 0.298 0 17 255
-24.237 6.800 0.384 0 0 255
-23.099 6.251 0.317 0 25 255
-20.720 5.153 0.318 0 0 255
-22.046 5.675 0.268 0 0 255
-20.150 4.950 0.314 0 0 255
-26.282 7.894 0.301 0 25 255
-23.780 6.522 0.233 0 0 255
-16.215 3.493 0.294 0 0 255
-24.676 7.159 0.502 0 76 255
-15.737 2.000 0.301 0 102 255
-26.328 7.926 0.295 0 25 255
-24.035 6.703 0.400 0 17 255
-15.664 2.083 0.254 0 0 255
-20.399 5.034 0.324 0 0 255
-27.000 8.291 0.357 0 0 255
-25.177 7.285 0.227 0 0 255
-19.013 4.591 0.284 0 68 255
-15.507 2.667 0.275 0 0 255
-19.460 4.630 0.310 0 0 255
-23.797 6.554 0.364 0 0 255
-19.459 4.722 0.305 0 8 255
-15.661 3.390 0.347 0 8 255
-15.434 2.777 0.335 0 0 255
-15.367 2.964 0.369 0 25 255
-15.758 1.695 0.313 0 0 255
-24.607 7.077 0.478 0 76 255
-28.213 8.929 0.277 0 25 255
-25.815 7.612 0.254 0 0 255
-15.592 1.680 0.215 0 42 255
-17.901 4.121 0.350 0 0 255
-26.106 7.814 0.288 0 25 255
-15.457 2.665 0.380 0 8 255
-15.592 1.699 0.362 0 0 255
-21.188 5.267 0.222 0 8 255
-17.817 4.023 0.335 0 17 255
-16.896 3.787 0.360 0 8 255
-27.293 8.457 0.301 0 8 255
-23.352 6.343 0.273 0 8 255
-16.390 3.622 0.371 0 8 255
-28.027 8.887 0.284 0 255 242
-15.326 3.271 0.386 0 17 255
-15.350 2.979 0.378 0 0 255
-26.789 8.195 0.202 0 8 255
-19.382 4.652 0.229 0 17 255
-15.606 2.193 0.294 0 25 255
-23.620 6.446 0.347 0 0 255
-27.895 8.804 0.301 0 0 255
-15.716 2.002 0.355 0 17 255
-22.971 6.196 0.307 0 0 255
-22.424 5.872 0.257 0 0 255
-16.412 3.540 0.308 0 0 255
-19.761 4.873 0.440 0 0 255
-21.781 5.563 0.268 0 0 255
-23.924 6.633 0.364 0 0 255
-15.419 2.866 0.250 0 8 255
-15.553 2.571 0.330 0 17 255
-26.466 8.022 0.437 0 255 233
-22.842 6.110 0.343 0 0 255
-25.438 7.455 0.419 0 0 255
-15.325 3.271 0.322 0 170 255
-27.966 8.810 0.351 0 0 255
-26.379 7.928 0.209 0 0 255
-18.194 4.181 0.387 0 0 255
-22.633 6.051 0.326 0 25 255
-16.000 3.459 0.386 0 0 255
-19.002 4.526 0.278 0 0 255
-23.765 6.513 0.284 0 8 255
-27.510 8.544 0.307 0 0 255
-22.726 6.074 0.239 0 25 255
-16.375 3.605 0.329 0 0 255
-15.258 3.239 0.361 0 8 255
-24.019 6.692 0.237 0 8 255
-16.381 3.539 0.265 0 0 255
-28.247 8.988 0.363 0 0 255
-27.837 8.766 0.290 0 0 255
-20.954 5.266 0.261 0 127 255
-15.587 2.308 0.237 0 0 255
-21.605 5.544 0.255 0 0 255
-15.804 1.771 0.295 0 76 255
-15.440 2.841 0.289 0 8 255
-27.811 8.736 0.333 0 17 255
-15.350 3.115 0.351 0 0 255
-15.298 3.276 0.236 0 17 255
-22.635 6.018 0.233 0 42 255
-20.182 4.911 0.305 0 8 255
-28.079 8.869 0.336 0 8 255
-17.632 4.025 0.322 0 0 255
-27.944 8.816 0.316 0 25 255
-27.168 8.377 0.208 0 8 255
-20.277 4.973 0.284 0 0 255
-15.601 3.369 0.371 0 8 255
-22.702 5.997 0.336 0 0 255
-24.359 6.766 0.434 0 68 255
-15.304 3.256 0.203 0 8 255
-15.700 1.878 0.266 0 8 255
-27.384 8.447 0.287 0 0 255
-20.602 5.118 0.285 0 8 255
-19.337 4.631 0.235 0 8 255
-21.831 5.627 0.290 0 0 255
-19.732 4.835 0.411 0 25 255
-20.960 5.248 0.231 0 0 255
-21.930 5.681 0.266 0 0 255
-15.616 1.708 0.276 0 8 255
-22.671 5.949 0.374 0 8 255
-15.346 3.040 0.351 0 8 255
-27.705 8.599 0.234 0 0 255
-24.464 6.928 0.373 0 17 255
-28.058 8.856 0.348 0 0 255
-28.061 8.848 0.207 0 34 255
-15.297 3.175 0.343 0 25 255
-21.341 5.403 0.277 0 25 255
-26.266 7.934 0.331 0 0 255
-18.989 4.539 0.338 0 8 255
-24.005 6.716 0.356 0 0 255
-16.398 3.587 0.386 0 0 255
-16.880 3.780 0.337 0 0 255
-25.442 7.403 0.342 0 8 255
-26.235 7.913 0.375 0 8 255
-20.110 4.925 0.220 0 0 255
-21.761 5.596 0.218 0 0 255
-16.549 3.635 0.241 0 0 255
-18.709 4.405 0.345 0 17 255
-19.492 4.720 0.358 0 0 255
-15.752 3.409 0.279 0 0 255
-15.569 3.336 0.212 0 0 255
-15.848 3.447 0.301 0 0 255
-19.763 4.746 0.308 0 25 255
-19.341 4.706 0.418 0 17 255
-21.577 5.559 0.329 0 8 255
-15.625 2.257 0.332 0 0 255
-19.895 4.819 0.274 0 0 255
-21.734 5.555 0.253 0 0 255
-27.250 8.438 0.291 0 0 255
-17.251 3.901 0.340 0 0 255
-15.869 3.457 0.391 0 0 255
-15.528 2.488 0.375 0 0 255
-15.465 2.806 0.347 0 34 255
-28.141 8.907 0.325 0 17 255
-15.757 1.760 0.411 0 0 255
-16.051 3.486 0.225 0 8 255
-24.441 6.911 0.269 0 8 255
-15.612 2.211 0.282 0 8 255
-20.723 5.195 0.302 0 0 255
-15.744 1.763 0.370 0 51 255
-15.718 3.389 0.214 0 25 255
-15.646 1.657 0.305 0 17 255
-18.217 4.172 0.319 0 8 255
-15.359 3.093 0.222 0 0 255
-15.547 2.392 0.373 0 0 255
-24.376 6.768 0.425 0 255 161
-27.258 8.436 0.269 0 8 255
-17.136 3.847 0.322 0 0 255
-27.291 8.487 0.348 0 0 255
-21.765 5.651 0.235 0 0 255
-20.939 5.268 0.307 0 0 255
-19.561 4.766 0.290 0 0 255
-15.548 2.561 0.354 0 17 255
-27.184 8.397 0.242 0 0 255
-15.518 3.330 0.387 0 0 255
-15.907 3.434 0.253 0 0 255
-21.874 5.640 0.351 0 0 255
-21.727 5.593 0.284 0 8 255
-19.736 4.833 0.231 0 8 255
-26.295 8.029 0.414 0 195 255
-16.830 3.746 0.426 0 0 255
-23.964 6.681 0.309 0 8 255
-19.492 4.733 0.441 0 0 255
-27.700 8.696 0.321 0 0 255
-27.444 8.462 0.215 0 0 255
-26.722 8.122 0.286 0 0 255
-20.639 5.119 0.333 0 8 255
-23.031 6.119 0.212 0 0 255
-23.313 6.282 0.214 0 0 255
-15.559 1.668 0.268 0 8 255
-22.329 5.877 0.329 0 8 255
-24.743 7.032 0.298 0 34 255
-17.293 3.886 0.280 0 0 255
-17.675 4.059 0.354 0 8 255
-19.984 4.860 0.246 0 8 255
-23.807 6.577 0.323 0 8 255
-19.707 4.785 0.306 0 255 204
-24.727 7.254 0.504 0 8 255
-27.753 8.684 0.287 0 212 255
-17.043 3.814 0.265 0 8 255
-24.536 6.874 0.409 0 255 195
-18.223 4.214 0.309 0 17 255
-24.294 6.836 0.343 0 8 255
-26.296 7.836 0.256 0 0 255
-20.158 4.965 0.252 0 8 255
-23.653 6.527 0.302 0 0 255
-27.853 8.721 0.298 0 0 255
-15.450 2.640 0.384 0 8 255
-15.536 2.552 0.326 0 0 255
-20.711 5.131 0.230 0 0 255
-15.579 2.307 0.300 0 0 255
-17.168 3.870 0.373 0 17 255
-17.447 3.987 0.373 0 8 255
-19.703 4.807 0.218 0 8 255
-23.743 6.537 0.296 0 0 255
-27.507 8.548 0.268 0 25 255
-24.629 7.114 0.470 0 255 144
-15.693 1.955 0.273 0 17 255
-22.650 6.028 0.247 0 42 255
-16.708 3.708 0.333 0 51 255
-17.720 4.045 0.393 0 0 255
-18.690 4.439 0.324 0 34 255
-27.373 8.459 0.362 0 0 255
-26.697 8.122 0.303 0 0 255
-21.961 5.661 0.282 0 0 255
-17.376 3.875 0.275 0 8 255
-15.634 2.229 0.339 0 59 255
-15.733 3.387 0.336 0 17 255
-21.718 5.588 0.276 0 34 255
-15.661 1.730 0.350 0 42 255
-16.826 3.712 0.407 0 0 255
-17.753 4.091 0.334 0 8 255
-15.742 1.767 0.299 0 25 255
-17.720 4.075 0.365 0 17 255
-24.541 6.927 0.300 0 0 255
-24.415 6.867 0.393 0 0 255
-15.339 3.051 0.386 0 8 255
-24.571 6.919 0.389 0 8 255
-15.656 1.688 0.352 0 0 255
-26.292 7.943 0.349 0 0 255
-16.784 3.738 0.225 0 17 255
-18.209 4.260 0.442 0 17 255
-15.517 3.249 0.277 0 25 255
-15.983 3.480 0.370 0 8 255
-27.726 8.663 0.274 0 34 255
-26.451 8.008 0.362 0 8 255
-15.309 3.134 0.392 0 0 255
-15.571 3.336 0.205 0 0 255
-19.478 4.688 0.272 0 0 255
-16.890 3.765 0.366 0 25 255
-27.670 8.637 0.208 0 25 255
-20.356 5.057 0.423 0 85 255
-15.333 2.954 0.377 0 0 255
-27.623 8.636 0.281 0 0 255
-20.039 4.930 0.416 0 8 255
-15.450 2.679 0.353 0 0 255
-15.561 2.444 0.330 0 0 255
-16.768 3.756 0.215 0 8 255
-22.623 6.042 0.240 0 8 255
-15.992 3.476 0.341 0 0 255
-15.932 3.435 0.389 0 0 255
-19.484 4.654 0.335 0 0 255
-21.101 5.320 0.245 0 8 255
-16.011 3.488 0.319 0 0 255
-15.451 2.866 0.289 0 25 255
-15.258 3.223 0.301 0 8 255
-27.842 8.731 0.310 0 0 255
-23.872 6.594 0.356 0 0 255
-19.718 4.802 0.330 0 8 255
-18.272 4.287 0.403 0 25 255
-21.587 5.521 0.289 0 0 255
-20.748 5.163 0.209 0 17 255
-22.577 5.980 0.274 0 17 255
-15.548 2.515 0.342 0 17 255
-26.281 7.982 0.375 0 59 255
-19.257 4.598 0.230 0 0 255
-15.498 2.462 0.284 0 0 255
-26.979 8.281 0.368 0 0 255
-17.003 3.815 0.389 0 0 255
-21.825 5.634 0.316 0 17 255
-15.401 3.323 0.250 0 25 255
-15.582 2.429 0.322 0 0 255
-19.708 4.832 0.474 0 0 255
-16.160 3.523 0.388 0 0 255
-15.242 3.303 0.275 0 51 255
-27.180 8.333 0.279 0 8 255
-23.786 6.558 0.240 0 0 255
-27.249 8.397 0.230 0 8 255
-15.675 1.951 0.284 0 0 255
-17.357 3.935 0.381 0 0 255
-23.126 6.233 0.257 0 25 255
-23.074 6.215 0.370 0 0 255
-26.575 8.074 0.315 0 0 255
-19.030 4.563 0.372 0 0 255
-26.184 7.893 0.360 0 0 255
-15.700 1.733 0.293 0 0 255
-18.095 4.189 0.352 0 0 255
-24.629 6.976 0.229 0 17 255
-26.123 7.795 0.300 0 0 255
-23.106 6.192 0.296 0 0 255
-16.062 3.491 0.283 0 0 255
-21.412 5.449 0.321 0 8 255
-15.793 3.435 0.309 0 25 255
-15.647 2.099 0.295 0 0 255
-25.415 7.461 0.232 0 136 255
-20.098 4.955 0.454 0 0 255
-16.831 3.736 0.263 0 8 255
-19.998 4.886 0.305 0 0 255
-28.101 8.764 0.217 0 0 255
-24.935 7.179 0.209 0 76 255
-20.704 5.153 0.294 0 0 255
-17.413 3.981 0.387 0 8 255
-15.422 3.295 0.401 0 8 255
-21.093 5.307 0.325 0 0 255
-18.472 4.356 0.371 0 0 255
-24.865 7.101 0.331 0 0 255
-15.740 1.759 0.397 0 34 255
-16.073 3.519 0.361 0 34 255
-26.337 8.033 0.430 0 204 255
-20.277 4.946 0.264 0 0 255
-16.562 3.648 0.316 0 0 255
-22.810 6.024 0.270 0 0 255
-15.492 2.464 0.359 0 0 255
-15.568 2.373 0.228 0 0 255
-17.072 3.760 0.271 0 0 255
-15.689 3.369 0.225 0 25 255
-27.738 8.674 0.272 0 0 255
-22.601 5.998 0.279 0 0 255
-26.362 8.072 0.489 0 0 255
-19.283 4.576 0.295 0 0 255
-17.673 4.055 0.254 0 0 255
-24.445 6.811 0.305 0 0 255
-15.919 3.454 0.203 0 51 255
-20.739 5.160 0.202 0 51 255
-15.443 1.638 0.372 0 0 255
-26.682 8.123 0.284 0 0 255
-15.344 3.098 0.242 0 0 255
-26.536 8.037 0.308 0 25 255
-28.046 8.803 0.270 0 17 255
-17.066 3.800 0.235 0 0 255
-18.243 4.264 0.291 0 0 255
-23.174 6.269 0.299 0 51 255
-21.848 5.668 0.338 0 0 255
-17.407 3.917 0.235 0 0 255
-16.340 3.502 0.216 0 0 255
-15.683 3.325 0.379 0 0 255
-26.254 8.007 0.463 0 255 182
-16.353 3.594 0.252 0 8 255
-19.274 4.630 0.327 0 0 255
-28.057 8.854 0.299 0 0 255
-23.653 6.507 0.301 0 0 255
-15.439 3.299 0.405 0 0 255
-15.779 1.882 0.310 0 8 255
-15.360 3.122 0.237 0 8 255
-21.180 5.369 0.354 0 25 255
-23.995 6.582 0.263 0 0 255
-26.221 7.856 0.211 0 0 255
-21.208 5.290 0.372 0 255 148
-27.903 8.793 0.306 0 34 255
-26.894 8.143 0.244 0 17 255
-23.778 6.554 0.222 0 8 255
-15.426 3.312 0.253 0 59 255
-26.408 7.958 0.282 0 34 255
-26.744 8.181 0.335 0 34 255
-28.151 8.860 0.344 0 0 255
-19.474 4.755 0.407 0 8 255
-17.692 4.010 0.211 0 255 216
-22.931 6.113 0.213 0 0 255
-24.594 6.949 0.335 0 0 255
-27.999 8.797 0.386 0 17 255
-26.242 7.865 0.297 0 0 255
-15.748 3.390 0.263 0 0 255
-28.090 8.890 0.307 0 8 255
-23.660 6.453 0.231 0 0 255
-27.626 8.553 0.285 0 0 255
-16.660 3.655 0.285 0 8 255
-26.243 7.881 0.239 0 8 255
-15.613 2.320 0.254 0 0 255
-22.587 5.981 0.233 0 0 255
-15.273 3.272 0.288 0 8 255
-26.187 7.945 0.371 0 0 255
-20.233 4.986 0.234 0 51 255
-20.053 4.916 0.321 0 8 255
-27.867 8.756 0.346 0 25 255
-15.387 3.068 0.312 0 8 255
-22.562 5.957 0.291 0 8 255
-16.187 3.500 0.213 0 68 255
-15.609 2.156 0.220 0 8 255
-24.492 6.889 0.394 0 8 255
-15.678 3.353 0.392 0 0 255
-22.646 6.027 0.395 0 0 255
-15.812 1.729 0.347 0 0 255
-17.803 4.029 0.338 0 0 255
-16.758 3.731 0.450 0 0 255
-17.723 4.088 0.347 0 0 255
-19.777 4.850 0.406 0 8 255
-21.128 5.287 0.317 0 8 255
-17.055 3.807 0.297 0 0 255
-19.726 4.794 0.230 0 8 255
-23.520 6.442 0.301 0 8 255
-17.040 3.767 0.301 0 0 255
-15.352 3.029 0.385 0 0 255
-19.463 4.756 0.278 0 0 255
-22.486 5.951 0.287 0 0 255
-26.342 8.041 0.436 0 255 212
-24.012 6.593 0.266 0 25 255
-26.524 8.029 0.419 0 0 255
-28.134 8.900 0.338 0 0 255
-16.372 3.620 0.386 0 17 255
-15.664 2.114 0.344 0 0 255
-24.004 6.698 0.318 0 8 255
-19.555 4.776 0.394 0 0 255
-22.792 6.092 0.230 0 0 255
-22.523 5.950 0.262 0 8 255
-22.917 6.135 0.354 0 8 255
-20.728 5.182 0.270 0 25 255
-24.802 7.116 0.360 0 0 255
-27.343 8.418 0.283 0 0 255
-20.368 5.031 0.426 0 34 255
-15.751 1.722 0.330 0 25 255
-18.786 4.484 0.385 0 8 255
-19.197 4.589 0.373 0 8 255
-15.638 2.061 0.360 0 0 255
-15.438 2.692 0.321 0 8 255
-17.567 3.979 0.288 0 0 255
-19.617 4.756 0.275 0 34 255
-23.418 6.312 0.301 0 0 255
-28.189 8.864 0.207 0 8 255
-22.157 5.795 0.278 0 17 255
-24.441 6.840 0.300 0 0 255
-19.867 4.781 0.398 0 8 255
-27.822 8.683 0.298 0 0 255
-23.248 6.310 0.347 0 8 255
-27.695 8.667 0.202 0 25 255
-21.244 5.364 0.386 0 34 255
-19.653 4.777 0.320 0 17 255
-15.460 1.626 0.286 0 17 255
-22.570 5.987 0.297 0 17 255
-20.649 5.178 0.301 0 8 255
-15.496 2.640 0.346 0 0 255
-28.105 8.860 0.241 0 238 255
-20.092 4.920 0.256 0 0 255
-15.615 2.080 0.314 0 8 255
-23.605 6.468 0.350 0 0 255
-15.252 3.238 0.214 0 0 255
-26.650 8.124 0.344 0 17 255
-21.935 5.721 0.330 0 8 255
-26.350 7.955 0.453 0 255 165
-17.358 3.943 0.346 0 8 255
-21.295 5.399 0.245 0 17 255
-26.313 7.945 0.370 0 0 255
-24.517 6.924 0.476 0 0 255
-15.437 3.226 0.274 0 0 255
-28.333 8.917 0.216 0 0 255
-21.932 5.686 0.218 0 42 255
-27.004 8.239 0.262 0 0 255
-27.223 8.410 0.313 0 25 255
-27.078 8.303 0.280 0 0 255
-16.819 3.753 0.226 0 25 255
-17.806 4.083 0.318 0 0 255
-16.344 3.537 0.209 0 0 255
-20.212 4.991 0.421 0 0 255
-15.698 1.836 0.334 0 0 255
-15.582 3.315 0.389 0 0 255
-26.765 8.186 0.338 0 8 255
-20.946 5.267 0.347 0 8 255
-24.520 6.938 0.319 0 0 255
-19.741 4.849 0.451 0 17 255
-19.607 4.790 0.447 0 0 255
-26.825 8.219 0.334 0 8 255
-16.378 3.567 0.263 0 0 255
-19.526 4.756 0.404 0 8 255
-23.624 6.475 0.264 0 34 255
-23.053 6.169 0.238 0 0 255
-21.310 5.331 0.307 0 34 255
-17.345 3.934 0.367 0 8 255
-25.135 7.269 0.297 0 8 255
-26.342 7.965 0.360 0 0 255
-15.550 2.428 0.370 0 0 255
-27.158 8.331 0.351 0 0 255
-15.486 2.587 0.386 0 0 255
-15.583 2.470 0.315 0 255 17
-21.184 5.368 0.275 0 8 255
-27.845 8.751 0.344 0 8 255
-17.947 4.152 0.341 0 0 255
-18.227 4.302 0.414 0 8 255
-18.112 4.203 0.392 0 0 255
-24.593 7.061 0.451 0 34 255
-21.484 5.430 0.230 0 0 255
-18.732 4.471 0.367 0 0 255
-21.679 5.597 0.336 0 34 255
-20.173 4.924 0.359 0 34 255
-26.819 8.194 0.256 0 68 255
-21.215 5.383 0.329 0 76 255
-27.208 8.396 0.305 0 34 255
-26.017 7.741 0.213 0 42 255
-26.399 7.977 0.383 0 0 255
-15.559 2.309 0.250 0 0 255
-27.674 8.526 0.235 0 255 89
-24.612 7.096 0.463 0 255 123
-21.527 5.541 0.330 0 0 255
-20.695 5.133 0.331 0 0 255
-28.095 8.910 0.295 0 0 255
-15.661 1.711 0.325 0 0 255
-24.078 6.627 0.344 0 0 255
-24.482 7.020 0.357 0 0 255
-23.162 6.273 0.277 0 17 255
-19.973 4.868 0.293 0 0 255
-26.285 7.968 0.489 0 255 238
-20.994 5.246 0.391 0 0 255
-16.822 3.747 0.261 0 68 255
-20.142 4.919 0.300 0 0 255
-15.622 2.395 0.237 0 0 255
-21.212 5.372 0.413 0 0 255
-20.452 5.088 0.333 0 0 255
-21.168 5.369 0.322 0 8 255
-19.790 4.783 0.256 0 153 255
-16.515 3.600 0.289 0 0 255
-27.347 8.519 0.336 0 0 255
-16.681 3.708 0.356 0 17 255
-17.035 3.814 0.258 0 212 255
-23.505 6.488 0.327 0 0 255
-20.319 5.030 0.346 0 187 255
-15.833 1.690 0.294 0 8 255
-24.127 6.796 0.288 0 0 255
-19.448 4.684 0.342 0 0 255
-19.993 4.862 0.261 0 0 255
-26.701 8.027 0.230 0 8 255
-21.348 5.411 0.250 0 59 255
-20.993 5.270 0.392 0 0 255
-24.076 6.739 0.229 0 8 255
-26.737 8.148 0.247 0 8 255
-24.572 6.959 0.386 0 17 255
-20.795 5.202 0.308 0 25 255
-20.823 5.189 0.316 0 0 255
-23.168 6.313 0.268 0 0 255
-26.306 8.017 0.490 0 255 242
-27.489 8.576 0.348 0 0 255
-27.305 8.472 0.370 0 8 255
-21.904 5.643 0.266 0 0 255
-15.316 3.068 0.366 0 0 255
-15.881 3.496 0.206 0 8 255
-26.628 8.117 0.357 0 0 255
-15.853 3.392 0.310 0 8 255
-19.436 4.718 0.429 0 17 255
-15.354 2.966 0.323 0 8 255
-21.264 5.330 0.408 0 59 255
-28.232 8.923 0.370 0 0 255
-19.412 4.717 0.408 0 8 255
-15.369 3.297 0.396 0 17 255
-24.417 6.667 0.405 0 170 255
-16.800 3.752 0.377 0 8 255
-27.903 8.702 0.284 0 8 255
-21.198 5.364 0.398 0 8 255
-20.761 5.156 0.292 0 0 255
-18.505 4.364 0.357 0 25 255
-15.656 1.990 0.352 0 0 255
-15.489 3.332 0.357 0 0 255
-15.765 1.688 0.370 0 8 255
-28.102 8.891 0.276 0 17 255
-17.279 3.870 0.285 0 0 255
-13.284 1.798 0.269 0 8 255
-13.299 1.789 0.294 0 0 255
-13.203 2.029 0.369 0 25 255
-13.618 1.115 0.316 0 0 255
-13.452 1.174 0.301 0 25 255
-13.878 1.134 0.333 0 0 255
-14.743 1.403 0.263 0 0 255
-15.336 1.603 0.315 0 8 255
-13.348 1.511 0.322 0 110 255
-14.618 1.305 0.284 0 42 255
-15.340 1.601 0.312 0 8 255
-13.493 1.049 0.215 0 93 255
-13.378 1.456 0.343 0 25 255
-14.387 1.297 0.318 0 25 255
-13.526 1.172 0.309 0 8 255
-13.246 1.863 0.263 0 0 255
-13.391 1.348 0.316 0 8 255
-13.653 1.057 0.349 0 0 255
-14.435 1.312 0.343 0 238 255
-13.502 1.055 0.245 0 68 255
-15.316 1.598 0.351 0 76 255
-14.940 1.385 0.204 0 34 255
-13.368 1.419 0.318 0 85 255
-13.184 2.040 0.383 0 0 255
-13.432 1.217 0.275 0 8 255
-15.046 1.497 0.345 0 0 255
-14.836 1.433 0.351 0 0 255
-15.169 1.546 0.273 0 42 255
-15.063 1.491 0.218 0 34 255
-13.394 1.302 0.317 0 17 255
-14.066 1.140 0.212 0 42 255
-13.399 1.441 0.250 0 0 255
-13.515 0.961 0.271 0 59 255
-13.496 1.133 0.291 0 255 161
-13.425 1.302 0.358 0 0 255
-13.371 1.539 0.329 0 25 255
-13.527 1.034 0.223 0 8 255
-15.084 1.485 0.292 0 34 255
-13.355 1.475 0.250 0 17 255
-15.105 1.478 0.244 0 34 255
-13.454 1.307 0.291 0 34 255
-14.016 1.191 0.303 0 0 255
-13.428 1.301 0.286 0 0 255
-14.480 1.261 0.221 0 59 255
-13.384 1.369 0.350 0 0 255
-14.425 1.305 0.316 0 25 255
-14.592 1.373 0.231 0 51 255
-13.932 1.136 0.270 0 0 255
-14.629 1.270 0.384 0 0 255
-13.111 2.240 0.327 0 8 255
-13.322 1.677 0.370 0 8 255
-13.395 1.347 0.345 0 0 255
-14.734 1.404 0.330 0 42 255
-13.197 2.007 0.238 0 0 255
-13.451 1.137 0.295 0 17 255
-14.586 1.293 0.347 0 25 255
-13.945 1.163 0.348 0 8 255
-13.214 2.081 0.286 0 51 255
-13.475 1.110 0.276 0 42 255
-13.381 1.467 0.290 0 0 255
-14.238 1.239 0.276 0 0 255
-13.174 2.088 0.384 0 51 255
-14.064 1.168 0.277 0 0 255
-14.944 1.450 0.319 0 8 255
-13.454 1.332 0.340 0 161 255
-13.200 2.044 0.294 0 8 255
-14.636 1.328 0.385 0 0 255
-13.511 0.945 0.346 0 153 255
-13.388 1.447 0.272 0 25 255
-13.373 1.417 0.211 0 17 255
-13.134 2.260 0.344 0 8 255
-14.606 1.352 0.344 0 8 255
-14.360 1.292 0.319 0 59 255
-13.535 1.090 0.278 0 17 255
-14.406 1.283 0.278 0 0 255
-13.647 0.996 0.264 0 0 255
-13.341 1.600 0.283 0 0 255
-15.139 1.508 0.302 0 17 255
-14.252 1.265 0.329 0 51 255
-15.050 1.506 0.387 0 0 255
-13.765 1.069 0.238 0 0 255
-13.143 2.248 0.315 0 0 255
-13.266 1.875 0.353 0 17 255
-14.149 1.204 0.211 0 0 255
-13.248 1.897 0.357 0 0 255
-14.059 1.182 0.276 0 17 255
-15.175 1.561 0.245 0 8 255
-13.141 2.142 0.381 0 17 255
-13.477 1.017 0.400 0 8 255
-13.121 2.223 0.328 0 0 255
-13.318 1.651 0.217 0 8 255
-13.192 2.113 0.263 0 8 255
-14.417 1.276 0.205 0 0 255
-13.195 2.021 0.280 0 0 255
-14.599 1.365 0.222 0 0 255
-13.533 1.081 0.351 0 17 255
-14.385 1.346 0.305 0 8 255
-14.551 1.333 0.331 0 0 255
-14.224 1.222 0.355 0 0 255
-13.317 1.675 0.338 0 8 255
-14.475 1.331 0.296 0 144 255
-14.142 1.201 0.346 0 0 255
-13.349 1.566 0.369 0 0 255
-13.319 1.758 0.315 0 8 255
-14.168 1.228 0.293 0 25 255
-14.169 1.232 0.313 0 17 255
-14.241 1.247 0.300 0 25 255
-13.464 1.265 0.277 0 119 255
-14.444 1.308 0.295 0 68 255
-14.782 1.401 0.222 0 255 208
-13.222 1.959 0.290 0 8 255
-13.408 1.447 0.351 0 0 255
-13.220 1.914 0.323 0 0 255
-15.138 1.526 0.293 0 0 255
-14.429 1.312 0.353 0 17 255
-15.074 1.535 0.254 0 8 255
-14.653 1.369 0.417 0 0 255
-14.590 1.329 0.329 0 119 255
-13.314 1.619 0.234 0 0 255
-13.277 1.748 0.301 0 0 255
-13.155 2.208 0.332 0 51 255
-13.464 1.029 0.283 0 34 255
-13.318 1.622 0.241 0 25 255
-13.370 1.504 0.335 0 0 255
-14.236 1.230 0.353 0 0 255
-14.065 1.137 0.275 0 0 255
-13.353 1.532 0.281 0 17 255
-13.319 1.638 0.332 0 8 255
-15.101 1.516 0.367 0 25 255
-13.468 1.101 0.216 0 8 255
-13.309 1.778 0.287 0 17 255
